1.667753E-1	5.941609E-1
1.600218E-1	5.945909E-1
1.598057E-1	5.943955E-1
1.596016E-1	5.945559E-1
1.593962E-1	5.946960E-1
1.591833E-1	5.945442E-1
1.589943E-1	5.943569E-1
1.586810E-1	5.943818E-1
1.584809E-1	5.944410E-1
1.583784E-1	5.943565E-1
1.581736E-1	5.943974E-1
1.579828E-1	5.944218E-1
1.580232E-1	5.943270E-1
1.580866E-1	5.945298E-1
1.582170E-1	5.946141E-1
1.583614E-1	5.945645E-1
1.585360E-1	5.943830E-1
1.587228E-1	5.944573E-1
1.589040E-1	5.943538E-1
1.590928E-1	5.944804E-1
1.592631E-1	5.944307E-1
1.594452E-1	5.944268E-1
1.596194E-1	5.945904E-1
1.597967E-1	5.945592E-1
1.600604E-1	5.944900E-1
1.601407E-1	5.944085E-1
1.602984E-1	5.945243E-1
1.604726E-1	5.944528E-1
1.606260E-1	5.947010E-1
1.607887E-1	5.944265E-1
1.609353E-1	5.943684E-1
1.610939E-1	5.941366E-1
1.612341E-1	5.934844E-1
1.613773E-1	5.935882E-1
1.615213E-1	5.938540E-1
1.616695E-1	5.941469E-1
1.618200E-1	5.935816E-1
1.619618E-1	5.932787E-1
1.621101E-1	5.935273E-1
1.622507E-1	5.953498E-1
1.623950E-1	5.950272E-1
1.625285E-1	5.947898E-1
1.626658E-1	5.955562E-1
1.628122E-1	5.920989E-1
1.629261E-1	5.929482E-1
1.630787E-1	5.940870E-1
1.632258E-1	5.943650E-1
1.633474E-1	5.935347E-1
1.634788E-1	5.942412E-1
1.636656E-1	5.943791E-1
1.637326E-1	5.941004E-1
1.638650E-1	5.943585E-1
1.639970E-1	5.945218E-1
1.641089E-1	5.947058E-1
1.642428E-1	5.945472E-1
1.643697E-1	5.945637E-1
1.645040E-1	5.946794E-1
1.646222E-1	5.945141E-1
1.647460E-1	5.943630E-1
1.648691E-1	5.943693E-1
1.649967E-1	5.945234E-1
1.651200E-1	5.945932E-1
1.652464E-1	5.946299E-1
1.653652E-1	5.943963E-1
1.654950E-1	5.944072E-1
1.656159E-1	5.945939E-1
1.657399E-1	5.944649E-1
1.658592E-1	5.944366E-1
1.659795E-1	5.944284E-1
1.661000E-1	5.944547E-1
1.662247E-1	5.943817E-1
1.663375E-1	5.943306E-1
1.664649E-1	5.944195E-1
1.665721E-1	5.943293E-1
1.666959E-1	5.946197E-1
1.668114E-1	5.945015E-1
1.669279E-1	5.943871E-1
1.670476E-1	5.944322E-1
1.671603E-1	5.947840E-1
1.672668E-1	5.945783E-1
1.673978E-1	5.946874E-1
1.675093E-1	5.945715E-1
1.676261E-1	5.946537E-1
1.677400E-1	5.946204E-1
1.678566E-1	5.946003E-1
1.679701E-1	5.946109E-1
1.680861E-1	5.945449E-1
1.682120E-1	5.945290E-1
1.683084E-1	5.945045E-1
1.684295E-1	5.943136E-1
1.685448E-1	5.945117E-1
1.686516E-1	5.943966E-1
1.687623E-1	5.945338E-1
1.689258E-1	5.945575E-1
1.689856E-1	5.942334E-1
1.690940E-1	5.941595E-1
1.692033E-1	5.945575E-1
1.693057E-1	5.944574E-1
1.694300E-1	5.944751E-1
1.695323E-1	5.944485E-1
1.696400E-1	5.942896E-1
1.697479E-1	5.943449E-1
1.698615E-1	5.944524E-1
1.699691E-1	5.941049E-1
1.700820E-1	5.942403E-1
1.701891E-1	5.943790E-1
1.702813E-1	5.942292E-1
1.704011E-1	5.941871E-1
1.705027E-1	5.942514E-1
1.706073E-1	5.942268E-1
1.707113E-1	5.942243E-1
1.708184E-1	5.941565E-1
1.709194E-1	5.940257E-1
1.710340E-1	5.941187E-1
1.711345E-1	5.941642E-1
1.712404E-1	5.934174E-1
1.713438E-1	5.938853E-1
1.714531E-1	5.937770E-1
1.715567E-1	5.940608E-1
1.716685E-1	5.940812E-1
1.717677E-1	5.942959E-1
1.718646E-1	5.943061E-1
1.719736E-1	5.941486E-1
1.721275E-1	5.941878E-1
1.721924E-1	5.940975E-1
1.722886E-1	5.942443E-1
1.723947E-1	5.943417E-1
1.724930E-1	5.943767E-1
1.725951E-1	5.942131E-1
1.726960E-1	5.942241E-1
1.727960E-1	5.941979E-1
1.728911E-1	5.940898E-1
1.729940E-1	5.940361E-1
1.730851E-1	5.940867E-1
1.731884E-1	5.939999E-1
1.732759E-1	5.940177E-1
1.733830E-1	5.939981E-1
1.735219E-1	5.940478E-1
1.735730E-1	5.940574E-1
1.736769E-1	5.940163E-1
1.737758E-1	5.939549E-1
1.738679E-1	5.940376E-1
1.739872E-1	5.938771E-1
1.740711E-1	5.938036E-1
1.741670E-1	5.939416E-1
1.742476E-1	5.938070E-1
1.743641E-1	5.935806E-1
1.744672E-1	5.935863E-1
1.745561E-1	5.936586E-1
1.746572E-1	5.938196E-1
1.747531E-1	5.935643E-1
1.748461E-1	5.934272E-1
1.749453E-1	5.933949E-1
1.750829E-1	5.934884E-1
1.751791E-1	5.934935E-1
1.752640E-1	5.932556E-1
1.753109E-1	5.932280E-1
1.754080E-1	5.931889E-1
1.754974E-1	5.931590E-1
1.755910E-1	5.930456E-1
1.756844E-1	5.930700E-1
1.757775E-1	5.930950E-1
1.758676E-1	5.929122E-1
1.759728E-1	5.929115E-1
1.760459E-1	5.929139E-1
1.761456E-1	5.926487E-1
1.762360E-1	5.926271E-1
1.763148E-1	5.924171E-1
1.764051E-1	5.919437E-1
1.764977E-1	5.923131E-1
1.765869E-1	5.932167E-1
1.766711E-1	5.919384E-1
1.767570E-1	5.923777E-1
1.768450E-1	5.918583E-1
1.769416E-1	5.909408E-1
1.770375E-1	5.910027E-1
1.771271E-1	5.910832E-1
1.772135E-1	5.921679E-1
1.772932E-1	5.904842E-1
1.773825E-1	5.894282E-1
1.774672E-1	5.884698E-1
1.775586E-1	5.873675E-1
1.776438E-1	5.860088E-1
1.777318E-1	5.859498E-1
1.778186E-1	5.810701E-1
1.778933E-1	5.746889E-1
1.779941E-1	5.626388E-1
1.780767E-1	5.410398E-1
1.782123E-1	5.251150E-1
1.782461E-1	4.497958E-1
1.783299E-1	3.768253E-1
1.783403E-1	3.025301E-1
1.783327E-1	2.515393E-1
1.783257E-1	2.264840E-1
1.783044E-1	2.192272E-1
1.782797E-1	2.229476E-1
1.782675E-1	2.335631E-1
1.782398E-1	2.482217E-1
1.782207E-1	2.642747E-1
1.781995E-1	2.724418E-1
1.781892E-1	2.985350E-1
1.781689E-1	3.162569E-1
1.781485E-1	3.339123E-1
1.781258E-1	3.514793E-1
1.781042E-1	3.684837E-1
1.780783E-1	3.852476E-1
1.780611E-1	4.005377E-1
1.780431E-1	4.146246E-1
1.780227E-1	4.277848E-1
1.780097E-1	4.399633E-1
1.779954E-1	4.510054E-1
1.780298E-1	4.601267E-1
1.782279E-1	4.481830E-1
1.785072E-1	3.677008E-1
1.788499E-1	2.045717E-1
1.792197E-1	7.331765E-2
1.796263E-1	2.382692E-2
1.800161E-1	7.766325E-3
1.804313E-1	2.777839E-3
1.808362E-1	8.438850E-4
1.812376E-1	3.631240E-4
1.816247E-1	2.556730E-4
1.819992E-1	4.855890E-4
1.823840E-1	4.244210E-4
1.827685E-1	1.706980E-4
1.831403E-1	1.201680E-4
1.834649E-1	1.343690E-4
1.837953E-1	2.197310E-4
1.840835E-1	2.505470E-4
1.844299E-1	3.369810E-4
1.845604E-1	2.960040E-4
1.847958E-1	3.246000E-4
1.850328E-1	2.076860E-4
1.853239E-1	1.633910E-4
1.856496E-1	2.034120E-4
1.860124E-1	3.152920E-4
1.864087E-1	2.177170E-4
1.868071E-1	3.858070E-4
1.872159E-1	2.997740E-4
1.876296E-1	4.718010E-4
1.880408E-1	3.455530E-4
1.884665E-1	3.752080E-4
1.888895E-1	3.667510E-4
1.892259E-1	3.295440E-4
1.895221E-1	1.932780E-4
1.897818E-1	2.047550E-4
1.900049E-1	2.451510E-4
1.902324E-1	2.488950E-4
1.904377E-1	8.133400E-5
1.906700E-1	1.927360E-4
1.908839E-1	2.084860E-4
1.910914E-1	2.654450E-4
1.912862E-1	3.267560E-4
1.915001E-1	1.703240E-4
1.917117E-1	1.290370E-4
1.919234E-1	1.634040E-4
1.921585E-1	1.542630E-4
1.923788E-1	2.011530E-4
1.925809E-1	2.264570E-4
1.927955E-1	1.221820E-4
1.930072E-1	1.637010E-4
1.932203E-1	1.568840E-4
1.934371E-1	2.399220E-4
1.936492E-1	3.084620E-4
1.936955E-1	2.504830E-4
1.936108E-1	2.142700E-4
1.935498E-1	7.449200E-5
1.933889E-1	-6.163300E-5
1.931734E-1	5.037500E-5
1.930283E-1	2.224420E-4
1.928386E-1	1.114790E-4
1.925986E-1	1.004670E-4
1.923479E-1	2.323050E-4
1.920850E-1	2.567180E-4
1.918495E-1	1.623710E-4
1.916033E-1	1.597500E-4
1.913882E-1	2.053490E-4
1.910774E-1	2.104740E-4
1.909782E-1	7.486600E-5
1.907700E-1	1.011510E-4
1.905852E-1	1.095680E-4
1.904039E-1	1.348590E-4
1.902185E-1	1.192900E-5
1.900481E-1	2.292970E-4
1.898779E-1	3.470510E-4
1.897062E-1	1.233310E-4
1.895321E-1	2.961460E-4
1.893604E-1	3.104890E-4
1.891748E-1	4.474700E-5
1.889864E-1	2.356750E-4
1.887803E-1	3.574040E-4
1.886182E-1	1.920900E-4
1.884554E-1	2.629930E-4
1.882862E-1	2.446860E-4
1.881025E-1	1.155590E-4
1.878952E-1	2.090410E-4
1.877070E-1	2.998770E-4
1.875385E-1	2.581380E-4
1.873667E-1	2.411600E-5
1.871955E-1	1.704400E-4
1.870396E-1	1.886300E-4
1.868750E-1	3.055960E-4
1.867175E-1	4.062180E-4
1.865556E-1	1.696520E-4
1.864159E-1	1.064830E-4
1.862574E-1	-3.804600E-5
1.861062E-1	1.845120E-4
1.859471E-1	2.679890E-4
1.854545E-1	2.413680E-4
1.853226E-1	1.968150E-4
1.851067E-1	2.662330E-4
1.848298E-1	1.558250E-4
1.844749E-1	4.714800E-5
1.840257E-1	-1.425020E-4
1.834442E-1	3.305000E-6
1.826504E-1	1.220010E-4
1.814489E-1	3.932300E-4
1.791955E-1	7.500790E-4
1.749629E-1	3.388464E-1
1.690186E-1	5.179980E-1
1.618123E-1	5.717125E-1
1.544763E-1	5.876430E-1
1.479590E-1	5.925075E-1
1.421275E-1	5.937035E-1
1.344331E-1	5.940382E-1
1.325596E-1	5.942982E-1
1.290221E-1	5.942557E-1
1.252431E-1	5.942625E-1
1.216385E-1	5.942220E-1
1.182697E-1	5.939607E-1
1.151421E-1	5.940401E-1
1.122544E-1	5.939300E-1
1.095540E-1	5.938289E-1
1.070053E-1	5.939429E-1
1.046041E-1	5.939352E-1
1.023349E-1	5.939683E-1
1.002062E-1	5.939063E-1
9.812469E-2	5.940516E-1
9.619475E-2	5.939702E-1
9.352234E-2	5.939463E-1
