2.439330E-2	5.892449E-1
2.449463E-2	5.892025E-1
2.450464E-2	5.891834E-1
2.450846E-2	5.890961E-1
2.452383E-2	5.890601E-1
2.458245E-2	5.889177E-1
2.455666E-2	5.890764E-1
2.456061E-2	5.891243E-1
2.457648E-2	5.890270E-1
2.458141E-2	5.891338E-1
2.458892E-2	5.893035E-1
2.459933E-2	5.892760E-1
2.460571E-2	5.894584E-1
2.461204E-2	5.891277E-1
2.461966E-2	5.891310E-1
2.463239E-2	5.890858E-1
2.463686E-2	5.891905E-1
2.464647E-2	5.891232E-1
2.465548E-2	5.890775E-1
2.466387E-2	5.891545E-1
2.467169E-2	5.892593E-1
2.467596E-2	5.892601E-1
2.468591E-2	5.891249E-1
2.469283E-2	5.890705E-1
2.470016E-2	5.890622E-1
2.470391E-2	5.893005E-1
2.471177E-2	5.891521E-1
2.472189E-2	5.891815E-1
2.472761E-2	5.892283E-1
2.473570E-2	5.892188E-1
2.474260E-2	5.892225E-1
2.474487E-2	5.891347E-1
2.475759E-2	5.891138E-1
2.476197E-2	5.892372E-1
2.477038E-2	5.891807E-1
2.477886E-2	5.890413E-1
2.478617E-2	5.889831E-1
2.479225E-2	5.889769E-1
2.479990E-2	5.892310E-1
2.480315E-2	5.893377E-1
2.480904E-2	5.892440E-1
2.481784E-2	5.890930E-1
2.482659E-2	5.891385E-1
2.483011E-2	5.892714E-1
2.483767E-2	5.893057E-1
2.484029E-2	5.891909E-1
2.485280E-2	5.892364E-1
2.486181E-2	5.891690E-1
2.486431E-2	5.892102E-1
2.487048E-2	5.893409E-1
2.487929E-2	5.894072E-1
2.488411E-2	5.892029E-1
2.489016E-2	5.891483E-1
2.489716E-2	5.890725E-1
2.490489E-2	5.890329E-1
2.490839E-2	5.891469E-1
2.492392E-2	5.893396E-1
2.492524E-2	5.894318E-1
2.493586E-2	5.891935E-1
2.494486E-2	5.890787E-1
2.494707E-2	5.893252E-1
2.495581E-2	5.892394E-1
2.496095E-2	5.893333E-1
2.496661E-2	5.892300E-1
2.497564E-2	5.892466E-1
2.498022E-2	5.893297E-1
2.498829E-2	5.891332E-1
2.499497E-2	5.892177E-1
2.500058E-2	5.891815E-1
2.500938E-2	5.892568E-1
2.500859E-2	5.892645E-1
2.501526E-2	5.892156E-1
2.502338E-2	5.890388E-1
2.502649E-2	5.891469E-1
2.502889E-2	5.893341E-1
2.503238E-2	5.893715E-1
2.504385E-2	5.891267E-1
2.504918E-2	5.892362E-1
2.505942E-2	5.891966E-1
2.506118E-2	5.890154E-1
2.506746E-2	5.890564E-1
2.507956E-2	5.892633E-1
2.508716E-2	5.893824E-1
2.509325E-2	5.892421E-1
2.510105E-2	5.892877E-1
2.510682E-2	5.893935E-1
2.511239E-2	5.890727E-1
2.512542E-2	5.892265E-1
2.513542E-2	5.893958E-1
2.513907E-2	5.892092E-1
2.515588E-2	5.892924E-1
2.516736E-2	5.892542E-1
2.518404E-2	5.893103E-1
2.520054E-2	5.891887E-1
2.520764E-2	5.891096E-1
2.521627E-2	5.892598E-1
2.522887E-2	5.891861E-1
2.524225E-2	5.891357E-1
2.524981E-2	5.891735E-1
2.526310E-2	5.891639E-1
2.527461E-2	5.891932E-1
2.528855E-2	5.893556E-1
2.529754E-2	5.894891E-1
2.530894E-2	5.892937E-1
2.532171E-2	5.892336E-1
2.534086E-2	5.892362E-1
2.534348E-2	5.892958E-1
2.536085E-2	5.893052E-1
2.537703E-2	5.891864E-1
2.538628E-2	5.892551E-1
2.540456E-2	5.891592E-1
2.541054E-2	5.892960E-1
2.542708E-2	5.890591E-1
2.543858E-2	5.891682E-1
2.544742E-2	5.891842E-1
2.546089E-2	5.892585E-1
2.547591E-2	5.892849E-1
2.549363E-2	5.891080E-1
2.549912E-2	5.893200E-1
2.551813E-2	5.892998E-1
2.552194E-2	5.892874E-1
2.554349E-2	5.891970E-1
2.555119E-2	5.892372E-1
2.556292E-2	5.892906E-1
2.557552E-2	5.892663E-1
2.558682E-2	5.892648E-1
2.560052E-2	5.893484E-1
2.561331E-2	5.895804E-1
2.562513E-2	5.893390E-1
2.563605E-2	5.891946E-1
2.565551E-2	5.892422E-1
2.566904E-2	5.892323E-1
2.568091E-2	5.893853E-1
2.569158E-2	5.892451E-1
2.570516E-2	5.894968E-1
2.572051E-2	5.893824E-1
2.573617E-2	5.892059E-1
2.574982E-2	5.894237E-1
2.576116E-2	5.893111E-1
2.577977E-2	5.894035E-1
2.579790E-2	5.892564E-1
2.580386E-2	5.892025E-1
2.582040E-2	5.892435E-1
2.583217E-2	5.893540E-1
2.584495E-2	5.893289E-1
2.585327E-2	5.894686E-1
2.587077E-2	5.894463E-1
2.588740E-2	5.894875E-1
2.589552E-2	5.894450E-1
2.591329E-2	5.893845E-1
2.592650E-2	5.895900E-1
2.594400E-2	5.893967E-1
2.596251E-2	5.895243E-1
2.596779E-2	5.893276E-1
2.598842E-2	5.892889E-1
2.599959E-2	5.893115E-1
2.601025E-2	5.896219E-1
2.602630E-2	5.894634E-1
2.603870E-2	5.892814E-1
2.605096E-2	5.894243E-1
2.606651E-2	5.894281E-1
2.607821E-2	5.894120E-1
2.609371E-2	5.894056E-1
2.610639E-2	5.895525E-1
2.612136E-2	5.894922E-1
2.613755E-2	5.896560E-1
2.615073E-2	5.897326E-1
2.617051E-2	5.894847E-1
2.618062E-2	5.896405E-1
2.619301E-2	5.898144E-1
2.620545E-2	5.896973E-1
2.622116E-2	5.895884E-1
2.623580E-2	5.896820E-1
2.624490E-2	5.896477E-1
2.626300E-2	5.896302E-1
2.627928E-2	5.895408E-1
2.629074E-2	5.896281E-1
2.630410E-2	5.895620E-1
2.631868E-2	5.896321E-1
2.633907E-2	5.895986E-1
2.634667E-2	5.895617E-1
2.636948E-2	5.897345E-1
2.638440E-2	5.897225E-1
2.640016E-2	5.898475E-1
2.641283E-2	5.898812E-1
2.642514E-2	5.898371E-1
2.644447E-2	5.897850E-1
2.645755E-2	5.897815E-1
2.647299E-2	5.899497E-1
2.648687E-2	5.896983E-1
2.650422E-2	5.896671E-1
2.652095E-2	5.898698E-1
2.653715E-2	5.898277E-1
2.655399E-2	5.897589E-1
2.656458E-2	5.897949E-1
2.657764E-2	5.895577E-1
2.659695E-2	5.896851E-1
2.660710E-2	5.896784E-1
2.662718E-2	5.896850E-1
2.664500E-2	5.898055E-1
2.665927E-2	5.896611E-1
2.667304E-2	5.898467E-1
2.669267E-2	5.898275E-1
2.670512E-2	5.897561E-1
2.671973E-2	5.897932E-1
2.673357E-2	5.896494E-1
2.675290E-2	5.897665E-1
2.677028E-2	5.897651E-1
2.678451E-2	5.896347E-1
2.680031E-2	5.894519E-1
2.681706E-2	5.895622E-1
2.683298E-2	5.897901E-1
2.685015E-2	5.896098E-1
2.686594E-2	5.897753E-1
2.688052E-2	5.897729E-1
2.689385E-2	5.900344E-1
2.691522E-2	5.899794E-1
2.692761E-2	5.897035E-1
2.695748E-2	5.897927E-1
2.696835E-2	5.898402E-1
2.698178E-2	5.898487E-1
2.699846E-2	5.897236E-1
2.701506E-2	5.896611E-1
2.703038E-2	5.899182E-1
2.704832E-2	5.898167E-1
2.707080E-2	5.897428E-1
2.707761E-2	5.899885E-1
2.710555E-2	5.898692E-1
2.711573E-2	5.897322E-1
2.713050E-2	5.898815E-1
2.715286E-2	5.898869E-1
2.716373E-2	5.897997E-1
2.718470E-2	5.898742E-1
2.720043E-2	5.896688E-1
2.721599E-2	5.897320E-1
2.723190E-2	5.898078E-1
2.723150E-2	5.898646E-1
2.726498E-2	5.898339E-1
2.728280E-2	5.900334E-1
2.729974E-2	5.900983E-1
2.731476E-2	5.899245E-1
2.733586E-2	5.899706E-1
2.735284E-2	5.900514E-1
2.736808E-2	5.901114E-1
2.738946E-2	5.902343E-1
2.740845E-2	5.901415E-1
2.742448E-2	5.902747E-1
2.743795E-2	5.900865E-1
2.745690E-2	5.900637E-1
2.747588E-2	5.901382E-1
2.749745E-2	5.901154E-1
2.751533E-2	5.901521E-1
2.753353E-2	5.901901E-1
2.755173E-2	5.903183E-1
2.756341E-2	5.903806E-1
2.758256E-2	5.903580E-1
2.760071E-2	5.903533E-1
2.762029E-2	5.905062E-1
2.764322E-2	5.906267E-1
2.765882E-2	5.904780E-1
2.768074E-2	5.905346E-1
2.769784E-2	5.905536E-1
2.771796E-2	5.903170E-1
2.773412E-2	5.904604E-1
2.775288E-2	5.905599E-1
2.777222E-2	5.906150E-1
2.779218E-2	5.906041E-1
2.780839E-2	5.903784E-1
2.782560E-2	5.904638E-1
2.784144E-2	5.906328E-1
2.786492E-2	5.906767E-1
2.788108E-2	5.905605E-1
2.791393E-2	5.904999E-1
2.792383E-2	5.907087E-1
2.794102E-2	5.907674E-1
2.796752E-2	5.906974E-1
2.798092E-2	5.906028E-1
2.800076E-2	5.906362E-1
2.802399E-2	5.908596E-1
2.804428E-2	5.908089E-1
2.806541E-2	5.907487E-1
2.808252E-2	5.907949E-1
2.810446E-2	5.906961E-1
2.812458E-2	5.907860E-1
2.813953E-2	5.908737E-1
2.817179E-2	5.907661E-1
2.818945E-2	5.909703E-1
2.820813E-2	5.906339E-1
2.823109E-2	5.906206E-1
2.825067E-2	5.908117E-1
2.826960E-2	5.905565E-1
2.828847E-2	5.906160E-1
2.830801E-2	5.904978E-1
2.833637E-2	5.905083E-1
2.835268E-2	5.904911E-1
2.837249E-2	5.905216E-1
2.839267E-2	5.907986E-1
2.841564E-2	5.908988E-1
2.844527E-2	5.907286E-1
2.846222E-2	5.907634E-1
2.847858E-2	5.907180E-1
2.850110E-2	5.907838E-1
2.852366E-2	5.907730E-1
2.854421E-2	5.909003E-1
2.856093E-2	5.909927E-1
2.858524E-2	5.909717E-1
2.860413E-2	5.909662E-1
2.862840E-2	5.912110E-1
2.864681E-2	5.911314E-1
2.867454E-2	5.910470E-1
2.869792E-2	5.911614E-1
2.871428E-2	5.909208E-1
2.873819E-2	5.909557E-1
2.876090E-2	5.911577E-1
2.878090E-2	5.912940E-1
2.880641E-2	5.912503E-1
2.882739E-2	5.912918E-1
2.884700E-2	5.914733E-1
2.886816E-2	5.914353E-1
2.888820E-2	5.914830E-1
2.891010E-2	5.913452E-1
2.893137E-2	5.912737E-1
2.895771E-2	5.914371E-1
2.898382E-2	5.915706E-1
2.900560E-2	5.915375E-1
2.902734E-2	5.914946E-1
2.905297E-2	5.912337E-1
2.907042E-2	5.911925E-1
2.909562E-2	5.914087E-1
2.912140E-2	5.914179E-1
2.914301E-2	5.914404E-1
2.916422E-2	5.915888E-1
2.918744E-2	5.914876E-1
2.920861E-2	5.916892E-1
2.923486E-2	5.916609E-1
2.924977E-2	5.916125E-1
2.927543E-2	5.916481E-1
2.930167E-2	5.917186E-1
2.932509E-2	5.916651E-1
2.935557E-2	5.917158E-1
2.937726E-2	5.913303E-1
2.940396E-2	5.915345E-1
2.942418E-2	5.915450E-1
2.945117E-2	5.914762E-1
2.947748E-2	5.915566E-1
2.949858E-2	5.916881E-1
2.952420E-2	5.916499E-1
2.954746E-2	5.916696E-1
2.956952E-2	5.917758E-1
2.959672E-2	5.915666E-1
2.962256E-2	5.916687E-1
2.964872E-2	5.917653E-1
2.967028E-2	5.917008E-1
2.969766E-2	5.916407E-1
2.972250E-2	5.918302E-1
2.974539E-2	5.915809E-1
2.976691E-2	5.917944E-1
2.979805E-2	5.917873E-1
2.981804E-2	5.918098E-1
2.984859E-2	5.919961E-1
2.986907E-2	5.919360E-1
2.989656E-2	5.920179E-1
2.992359E-2	5.919726E-1
2.995789E-2	5.920005E-1
2.998136E-2	5.920441E-1
3.000696E-2	5.919564E-1
3.003319E-2	5.919432E-1
3.005806E-2	5.920691E-1
3.008486E-2	5.920285E-1
3.011166E-2	5.920888E-1
3.013859E-2	5.920438E-1
3.017075E-2	5.921826E-1
3.019966E-2	5.921003E-1
3.022157E-2	5.921185E-1
3.024989E-2	5.921244E-1
3.026732E-2	5.922539E-1
3.029461E-2	5.922436E-1
3.032502E-2	5.923361E-1
3.036132E-2	5.923281E-1
3.038011E-2	5.924592E-1
3.041046E-2	5.922861E-1
3.043925E-2	5.922931E-1
3.046746E-2	5.924829E-1
3.049612E-2	5.923937E-1
3.051790E-2	5.925035E-1
3.054638E-2	5.925906E-1
3.057430E-2	5.924612E-1
3.060311E-2	5.923955E-1
3.063233E-2	5.925059E-1
3.066301E-2	5.925868E-1
3.068369E-2	5.927001E-1
3.071532E-2	5.925909E-1
3.073862E-2	5.928338E-1
3.076877E-2	5.926385E-1
3.081724E-2	5.927661E-1
3.083231E-2	5.927718E-1
3.085359E-2	5.927554E-1
3.088729E-2	5.927547E-1
3.091432E-2	5.928940E-1
3.095875E-2	5.929414E-1
3.098213E-2	5.928299E-1
3.101229E-2	5.927131E-1
3.104259E-2	5.927613E-1
3.106809E-2	5.929406E-1
3.109652E-2	5.931223E-1
3.112839E-2	5.929545E-1
3.116002E-2	5.929842E-1
3.118343E-2	5.929691E-1
3.121469E-2	5.930318E-1
3.124595E-2	5.930358E-1
3.128509E-2	5.929890E-1
3.130202E-2	5.930447E-1
3.133971E-2	5.929455E-1
3.138502E-2	5.930696E-1
3.140135E-2	5.928698E-1
3.143447E-2	5.930554E-1
3.146495E-2	5.931501E-1
3.149619E-2	5.931194E-1
3.152335E-2	5.931939E-1
3.155927E-2	5.930723E-1
3.159129E-2	5.930554E-1
3.162069E-2	5.930168E-1
3.166926E-2	5.930790E-1
3.168493E-2	5.929901E-1
3.171498E-2	5.929326E-1
3.174939E-2	5.930350E-1
3.178097E-2	5.931828E-1
3.181530E-2	5.932023E-1
3.184232E-2	5.932339E-1
3.187769E-2	5.930424E-1
3.191198E-2	5.930131E-1
3.194938E-2	5.929732E-1
3.198220E-2	5.931759E-1
3.201409E-2	5.931938E-1
3.204715E-2	5.931048E-1
3.208404E-2	5.932513E-1
3.211705E-2	5.931569E-1
3.215481E-2	5.930426E-1
3.218688E-2	5.931052E-1
3.222166E-2	5.932238E-1
3.225814E-2	5.932327E-1
3.228488E-2	5.932793E-1
3.232147E-2	5.931737E-1
3.236261E-2	5.933329E-1
3.239336E-2	5.931903E-1
3.243144E-2	5.930495E-1
3.246235E-2	5.930901E-1
3.249932E-2	5.931667E-1
3.255182E-2	5.931490E-1
3.256708E-2	5.931912E-1
3.260426E-2	5.930587E-1
3.266056E-2	5.928882E-1
3.267350E-2	5.932944E-1
3.271409E-2	5.931918E-1
3.275103E-2	5.930781E-1
3.279058E-2	5.929881E-1
3.282580E-2	5.931542E-1
3.285909E-2	5.931294E-1
3.289448E-2	5.932085E-1
3.293071E-2	5.931338E-1
3.297117E-2	5.931637E-1
3.300521E-2	5.932454E-1
3.304552E-2	5.930813E-1
3.309565E-2	5.930159E-1
3.311394E-2	5.932842E-1
3.315201E-2	5.930586E-1
3.321347E-2	5.930550E-1
3.323176E-2	5.930587E-1
3.326780E-2	5.931931E-1
3.330237E-2	5.931728E-1
3.334898E-2	5.930477E-1
3.338354E-2	5.930449E-1
3.341972E-2	5.930959E-1
3.345809E-2	5.931040E-1
3.349483E-2	5.930894E-1
3.353681E-2	5.930148E-1
3.357179E-2	5.929679E-1
3.361521E-2	5.930139E-1
3.365960E-2	5.929985E-1
3.369732E-2	5.930858E-1
3.373842E-2	5.932037E-1
3.377978E-2	5.928902E-1
3.382143E-2	5.930302E-1
3.385798E-2	5.931156E-1
3.390236E-2	5.931049E-1
3.394145E-2	5.931456E-1
3.398943E-2	5.931116E-1
3.403182E-2	5.932124E-1
3.406615E-2	5.931711E-1
3.411089E-2	5.931084E-1
3.414925E-2	5.931228E-1
3.419099E-2	5.931706E-1
3.423094E-2	5.931475E-1
3.426485E-2	5.931252E-1
3.431450E-2	5.933695E-1
3.435705E-2	5.931746E-1
3.440244E-2	5.931119E-1
3.444924E-2	5.930804E-1
3.448789E-2	5.931681E-1
3.453021E-2	5.933403E-1
3.457515E-2	5.931481E-1
3.462052E-2	5.932489E-1
3.466687E-2	5.933353E-1
3.471172E-2	5.932072E-1
3.475863E-2	5.931129E-1
3.480245E-2	5.932077E-1
3.484669E-2	5.930942E-1
3.488971E-2	5.932410E-1
3.492757E-2	5.933457E-1
3.497902E-2	5.932663E-1
3.502485E-2	5.931970E-1
3.506973E-2	5.931666E-1
3.511057E-2	5.932869E-1
3.516047E-2	5.931811E-1
3.520695E-2	5.933473E-1
3.525421E-2	5.932565E-1
3.529361E-2	5.935144E-1
3.536975E-2	5.934400E-1
3.539616E-2	5.934045E-1
3.544231E-2	5.934886E-1
3.549012E-2	5.935643E-1
3.553403E-2	5.933529E-1
3.558195E-2	5.933630E-1
3.563012E-2	5.933987E-1
3.568245E-2	5.935534E-1
3.573411E-2	5.934734E-1
3.577903E-2	5.937728E-1
3.582457E-2	5.937769E-1
3.587012E-2	5.935471E-1
3.592066E-2	5.934401E-1
3.597758E-2	5.936103E-1
3.602190E-2	5.936434E-1
3.607042E-2	5.936888E-1
3.612430E-2	5.936954E-1
3.617397E-2	5.937412E-1
3.622665E-2	5.936362E-1
3.625916E-2	5.936977E-1
3.632034E-2	5.936902E-1
3.638066E-2	5.937127E-1
3.642842E-2	5.936925E-1
3.647856E-2	5.936450E-1
3.652833E-2	5.936135E-1
3.657800E-2	5.936202E-1
3.663273E-2	5.937306E-1
3.668922E-2	5.935913E-1
3.674400E-2	5.936415E-1
3.679704E-2	5.937672E-1
3.685256E-2	5.937176E-1
3.690014E-2	5.937471E-1
3.696310E-2	5.937355E-1
3.702975E-2	5.937503E-1
3.705893E-2	5.936426E-1
3.711261E-2	5.938324E-1
3.716328E-2	5.936461E-1
3.721630E-2	5.937550E-1
3.726179E-2	5.938239E-1
3.732802E-2	5.938160E-1
3.738725E-2	5.939001E-1
3.744497E-2	5.940648E-1
3.749986E-2	5.939039E-1
3.755818E-2	5.936719E-1
3.761861E-2	5.937653E-1
3.767390E-2	5.939014E-1
3.773527E-2	5.938378E-1
3.778621E-2	5.940257E-1
3.784920E-2	5.937614E-1
3.790165E-2	5.938424E-1
3.799179E-2	5.939536E-1
3.802649E-2	5.938712E-1
3.807598E-2	5.940171E-1
3.813611E-2	5.940469E-1
3.820286E-2	5.941081E-1
3.826244E-2	5.940008E-1
3.831235E-2	5.940344E-1
3.837377E-2	5.938773E-1
3.843789E-2	5.936465E-1
3.850590E-2	5.940563E-1
3.856791E-2	5.938680E-1
3.862522E-2	5.939172E-1
3.868424E-2	5.938140E-1
3.875260E-2	5.937823E-1
3.881047E-2	5.940733E-1
3.887202E-2	5.939650E-1
3.897354E-2	5.938885E-1
3.900203E-2	5.940473E-1
3.906600E-2	5.938382E-1
3.912564E-2	5.940377E-1
3.918761E-2	5.940122E-1
3.925415E-2	5.939469E-1
3.931796E-2	5.939150E-1
3.938583E-2	5.940838E-1
3.945630E-2	5.939181E-1
3.951472E-2	5.941796E-1
3.958073E-2	5.940412E-1
3.965060E-2	5.941037E-1
3.971713E-2	5.940622E-1
3.978233E-2	5.941098E-1
3.984952E-2	5.941008E-1
3.991206E-2	5.943860E-1
3.998403E-2	5.943038E-1
4.004719E-2	5.940136E-1
4.011676E-2	5.940808E-1
4.018578E-2	5.941645E-1
4.025724E-2	5.941864E-1
4.031649E-2	5.941248E-1
4.039438E-2	5.941654E-1
4.046644E-2	5.941820E-1
4.053251E-2	5.941641E-1
4.059786E-2	5.941869E-1
4.067176E-2	5.942109E-1
4.074796E-2	5.943026E-1
4.081473E-2	5.943565E-1
4.088149E-2	5.943245E-1
4.095638E-2	5.941825E-1
4.103601E-2	5.941801E-1
4.110474E-2	5.942354E-1
4.118170E-2	5.942942E-1
4.125123E-2	5.943176E-1
4.131931E-2	5.941084E-1
4.139665E-2	5.944755E-1
4.146796E-2	5.944989E-1
4.154629E-2	5.943939E-1
4.162141E-2	5.942672E-1
4.169863E-2	5.942412E-1
4.177333E-2	5.941469E-1
4.185430E-2	5.942451E-1
4.193015E-2	5.942749E-1
4.201248E-2	5.941682E-1
4.208101E-2	5.942645E-1
4.216081E-2	5.942984E-1
4.224391E-2	5.942813E-1
4.231783E-2	5.943461E-1
4.240443E-2	5.944097E-1
4.248230E-2	5.942219E-1
4.256105E-2	5.942681E-1
4.263905E-2	5.943742E-1
4.272402E-2	5.943233E-1
4.280502E-2	5.942971E-1
4.287967E-2	5.943987E-1
4.296137E-2	5.946264E-1
4.304680E-2	5.943926E-1
4.313091E-2	5.944348E-1
4.321920E-2	5.943801E-1
4.329376E-2	5.944590E-1
4.338953E-2	5.944929E-1
4.347101E-2	5.944642E-1
4.355941E-2	5.944793E-1
4.368279E-2	5.946636E-1
4.376539E-2	5.945607E-1
4.385356E-2	5.944072E-1
4.388837E-2	5.946010E-1
4.397728E-2	5.945513E-1
4.407078E-2	5.946712E-1
4.415644E-2	5.945450E-1
4.424833E-2	5.944328E-1
4.433077E-2	5.945187E-1
4.442462E-2	5.945278E-1
4.455601E-2	5.945727E-1
4.459770E-2	5.946867E-1
4.469504E-2	5.944869E-1
4.478085E-2	5.945603E-1
4.491323E-2	5.946305E-1
4.496597E-2	5.947685E-1
4.505587E-2	5.947699E-1
4.515244E-2	5.946486E-1
4.524867E-2	5.947839E-1
4.533625E-2	5.947338E-1
4.543760E-2	5.947731E-1
4.552793E-2	5.947498E-1
4.561908E-2	5.945327E-1
4.572090E-2	5.947296E-1
4.581661E-2	5.945921E-1
4.596244E-2	5.946340E-1
4.602197E-2	5.947240E-1
4.611526E-2	5.946003E-1
4.622045E-2	5.946260E-1
4.631466E-2	5.948369E-1
4.643102E-2	5.948414E-1
4.652186E-2	5.948660E-1
4.661605E-2	5.949425E-1
4.671412E-2	5.948076E-1
4.686408E-2	5.947858E-1
4.691232E-2	5.947995E-1
4.702451E-2	5.947381E-1
4.711598E-2	5.949537E-1
4.722183E-2	5.949599E-1
4.738507E-2	5.948238E-1
4.743111E-2	5.949180E-1
4.753388E-2	5.950115E-1
4.764555E-2	5.949306E-1
4.775408E-2	5.948721E-1
4.786142E-2	5.948521E-1
4.796206E-2	5.949022E-1
4.807429E-2	5.950844E-1
4.819310E-2	5.950098E-1
4.829998E-2	5.950591E-1
4.841595E-2	5.949905E-1
4.852848E-2	5.950294E-1
4.863477E-2	5.950719E-1
4.874805E-2	5.950359E-1
4.885754E-2	5.950332E-1
4.896447E-2	5.950146E-1
4.908715E-2	5.950361E-1
4.919696E-2	5.951097E-1
4.930702E-2	5.951709E-1
4.943266E-2	5.954418E-1
4.954421E-2	5.951463E-1
4.965830E-2	5.950891E-1
4.977763E-2	5.951974E-1
4.989517E-2	5.952457E-1
5.001649E-2	5.953663E-1
5.012790E-2	5.953605E-1
5.025699E-2	5.952892E-1
5.037115E-2	5.954250E-1
5.055963E-2	5.953970E-1
5.062100E-2	5.953013E-1
5.074271E-2	5.950102E-1
5.086009E-2	5.952041E-1
5.097681E-2	5.953269E-1
5.110604E-2	5.952795E-1
5.122226E-2	5.953761E-1
5.134026E-2	5.953658E-1
5.147344E-2	5.953200E-1
5.159988E-2	5.954605E-1
5.173003E-2	5.954352E-1
5.186480E-2	5.953217E-1
5.206764E-2	5.952830E-1
5.212810E-2	5.954620E-1
5.226556E-2	5.954645E-1
5.239338E-2	5.955132E-1
5.252542E-2	5.955221E-1
5.265289E-2	5.954691E-1
5.278288E-2	5.956792E-1
5.291563E-2	5.954815E-1
5.305651E-2	5.955091E-1
5.318362E-2	5.954104E-1
5.338260E-2	5.954419E-1
5.345858E-2	5.953258E-1
5.359902E-2	5.954589E-1
5.374023E-2	5.954738E-1
5.388361E-2	5.955638E-1
5.402016E-2	5.954938E-1
5.415919E-2	5.955407E-1
5.430118E-2	5.957383E-1
5.444066E-2	5.955936E-1
5.457948E-2	5.956336E-1
5.471828E-2	5.955392E-1
5.486553E-2	5.958286E-1
5.502513E-2	5.957448E-1
5.516426E-2	5.955310E-1
5.531519E-2	5.955602E-1
5.545916E-2	5.956172E-1
5.560168E-2	5.955499E-1
5.575344E-2	5.955913E-1
5.597184E-2	5.956082E-1
5.605424E-2	5.956979E-1
5.627820E-2	5.956915E-1
5.634244E-2	5.958955E-1
5.650615E-2	5.959172E-1
5.665960E-2	5.958849E-1
5.682008E-2	5.958294E-1
5.696938E-2	5.956735E-1
5.713962E-2	5.955957E-1
5.729130E-2	5.955639E-1
5.746025E-2	5.956320E-1
5.762314E-2	5.956640E-1
5.778934E-2	5.957987E-1
5.794724E-2	5.957357E-1
5.811176E-2	5.959719E-1
5.829260E-2	5.957659E-1
5.845052E-2	5.957257E-1
5.860579E-2	5.957293E-1
5.876913E-2	5.958007E-1
5.892613E-2	5.957708E-1
5.911033E-2	5.957604E-1
5.926477E-2	5.958276E-1
5.943013E-2	5.957767E-1
5.968444E-2	5.959465E-1
5.977889E-2	5.959640E-1
5.995226E-2	5.957344E-1
6.013921E-2	5.959546E-1
6.031836E-2	5.958383E-1
6.059784E-2	5.957907E-1
6.067793E-2	5.960706E-1
6.084035E-2	5.959006E-1
6.101373E-2	5.956645E-1
6.119127E-2	5.959012E-1
6.136230E-2	5.959402E-1
6.155861E-2	5.959300E-1
6.174241E-2	5.958460E-1
6.192269E-2	5.960319E-1
6.211643E-2	5.958345E-1
6.231283E-2	5.959120E-1
6.250016E-2	5.958130E-1
6.268662E-2	5.958554E-1
6.287287E-2	5.958842E-1
6.306169E-2	5.960747E-1
6.323474E-2	5.960552E-1
6.341912E-2	5.960165E-1
6.360937E-2	5.958260E-1
6.380289E-2	5.959414E-1
6.399523E-2	5.959304E-1
6.419647E-2	5.958526E-1
6.438304E-2	5.959199E-1
6.458376E-2	5.960132E-1
6.477818E-2	5.961434E-1
6.497100E-2	5.959488E-1
6.517477E-2	5.960101E-1
6.537831E-2	5.961163E-1
6.559492E-2	5.959101E-1
6.579804E-2	5.957774E-1
6.601282E-2	5.959970E-1
6.622990E-2	5.961009E-1
6.645284E-2	5.961225E-1
6.666442E-2	5.959351E-1
6.688572E-2	5.961552E-1
6.710291E-2	5.960569E-1
6.731152E-2	5.960320E-1
6.752583E-2	5.959653E-1
6.773487E-2	5.958539E-1
6.794472E-2	5.959928E-1
6.816266E-2	5.961209E-1
6.838482E-2	5.960163E-1
6.873385E-2	5.960629E-1
6.884884E-2	5.957780E-1
6.907720E-2	5.958362E-1
6.929315E-2	5.959449E-1
6.951869E-2	5.960283E-1
6.984844E-2	5.960112E-1
7.007352E-2	5.960237E-1
7.017893E-2	5.957922E-1
7.040545E-2	5.957763E-1
7.064984E-2	5.958473E-1
7.088155E-2	5.959144E-1
7.112734E-2	5.959463E-1
7.134363E-2	5.957540E-1
7.160027E-2	5.957391E-1
7.185731E-2	5.956279E-1
7.210838E-2	5.957765E-1
7.235574E-2	5.959383E-1
7.261076E-2	5.958813E-1
7.285738E-2	5.959244E-1
7.310833E-2	5.958032E-1
7.334592E-2	5.958345E-1
7.358892E-2	5.958572E-1
7.382283E-2	5.956252E-1
7.405659E-2	5.955808E-1
7.430002E-2	5.958220E-1
7.455448E-2	5.958990E-1
7.481148E-2	5.958530E-1
7.507725E-2	5.959654E-1
7.534308E-2	5.956881E-1
7.560271E-2	5.955309E-1
7.585122E-2	5.954473E-1
7.610347E-2	5.954655E-1
7.635775E-2	5.954122E-1
7.662179E-2	5.955628E-1
7.689732E-2	5.955248E-1
7.718295E-2	5.954735E-1
7.745009E-2	5.954760E-1
7.789221E-2	5.953674E-1
7.802788E-2	5.954135E-1
7.832820E-2	5.954747E-1
7.860330E-2	5.954680E-1
7.887621E-2	5.954278E-1
7.914459E-2	5.952848E-1
7.940511E-2	5.953907E-1
7.968617E-2	5.953624E-1
7.997064E-2	5.952186E-1
8.039238E-2	5.952483E-1
8.054485E-2	5.950810E-1
8.082341E-2	5.951086E-1
8.110833E-2	5.951397E-1
8.139855E-2	5.952511E-1
8.169728E-2	5.950458E-1
8.198122E-2	5.951642E-1
8.227606E-2	5.951066E-1
8.257438E-2	5.948548E-1
8.288000E-2	5.949440E-1
8.319348E-2	5.949822E-1
8.348804E-2	5.950112E-1
8.379670E-2	5.947757E-1
8.410592E-2	5.948748E-1
8.440677E-2	5.948416E-1
8.472352E-2	5.948861E-1
8.502546E-2	5.950079E-1
8.532887E-2	5.948281E-1
8.562363E-2	5.946473E-1
8.592840E-2	5.945562E-1
8.624055E-2	5.945730E-1
8.655287E-2	5.946865E-1
8.688172E-2	5.944115E-1
8.720653E-2	5.943856E-1
8.753254E-2	5.945286E-1
8.786667E-2	5.945949E-1
8.820089E-2	5.943832E-1
8.853584E-2	5.944853E-1
8.885701E-2	5.944076E-1
8.919104E-2	5.943587E-1
8.950956E-2	5.944121E-1
8.985532E-2	5.944155E-1
9.019913E-2	5.943252E-1
9.051702E-2	5.944173E-1
9.086389E-2	5.943654E-1
9.121154E-2	5.944079E-1
9.154671E-2	5.943885E-1
9.189295E-2	5.941433E-1
9.241693E-2	5.942346E-1
9.258210E-2	5.940899E-1
9.293353E-2	5.942518E-1
9.328013E-2	5.942092E-1
9.364325E-2	5.941042E-1
9.400725E-2	5.943012E-1
9.437326E-2	5.943738E-1
9.493794E-2	5.943111E-1
9.513425E-2	5.940764E-1
9.550242E-2	5.940520E-1
9.589653E-2	5.938246E-1
9.648474E-2	5.939166E-1
9.669488E-2	5.938681E-1
9.707682E-2	5.939571E-1
9.745620E-2	5.939914E-1
9.783959E-2	5.938378E-1
9.821650E-2	5.938294E-1
9.879300E-2	5.937109E-1
9.899155E-2	5.939741E-1
9.937332E-2	5.938836E-1
9.977012E-2	5.939594E-1
1.001705E-1	5.938490E-1
1.005497E-1	5.937694E-1
1.009486E-1	5.938375E-1
1.013398E-1	5.941148E-1
1.017349E-1	5.940430E-1
1.021375E-1	5.939224E-1
1.025316E-1	5.938317E-1
1.029335E-1	5.939745E-1
1.033301E-1	5.936634E-1
1.039308E-1	5.938183E-1
1.041251E-1	5.940599E-1
1.045256E-1	5.938419E-1
1.049404E-1	5.939127E-1
1.053550E-1	5.939032E-1
1.057634E-1	5.939714E-1
1.061740E-1	5.939895E-1
1.065872E-1	5.939079E-1
1.070014E-1	5.940242E-1
1.074089E-1	5.940261E-1
1.078233E-1	5.939125E-1
1.082491E-1	5.938326E-1
1.086573E-1	5.938734E-1
1.090648E-1	5.938475E-1
1.094779E-1	5.937884E-1
1.099000E-1	5.938540E-1
1.103159E-1	5.937189E-1
1.107328E-1	5.939094E-1
1.111718E-1	5.939862E-1
1.115949E-1	5.940903E-1
1.120383E-1	5.939617E-1
1.124875E-1	5.939464E-1
1.129403E-1	5.938989E-1
1.136304E-1	5.939297E-1
1.138547E-1	5.941299E-1
1.145387E-1	5.939817E-1
1.147726E-1	5.940654E-1
1.152457E-1	5.940694E-1
1.157065E-1	5.940720E-1
1.161702E-1	5.939608E-1
1.168670E-1	5.939254E-1
1.170975E-1	5.940118E-1
1.175562E-1	5.941580E-1
1.180373E-1	5.941152E-1
1.185027E-1	5.939869E-1
1.189797E-1	5.940433E-1
1.194512E-1	5.939623E-1
1.199186E-1	5.939939E-1
1.204243E-1	5.940494E-1
1.209101E-1	5.939153E-1
1.213900E-1	5.937837E-1
1.218550E-1	5.940511E-1
1.223411E-1	5.941849E-1
1.228133E-1	5.940405E-1
1.232982E-1	5.941120E-1
1.237815E-1	5.942344E-1
1.242696E-1	5.942771E-1
1.247497E-1	5.943313E-1
1.252413E-1	5.942130E-1
1.257308E-1	5.941895E-1
1.264636E-1	5.943457E-1
1.267099E-1	5.944010E-1
1.272103E-1	5.945220E-1
1.276947E-1	5.943938E-1
1.281932E-1	5.943537E-1
1.287021E-1	5.942873E-1
1.294405E-1	5.944084E-1
1.296967E-1	5.941818E-1
1.301995E-1	5.942138E-1
1.307126E-1	5.943533E-1
1.312174E-1	5.943751E-1
1.317336E-1	5.944351E-1
1.322445E-1	5.943251E-1
1.327476E-1	5.942684E-1
1.332579E-1	5.944455E-1
1.337703E-1	5.943600E-1
1.342901E-1	5.943727E-1
1.348134E-1	5.944867E-1
1.353382E-1	5.946442E-1
1.358527E-1	5.946233E-1
1.363817E-1	5.945045E-1
1.369025E-1	5.944471E-1
1.374280E-1	5.945280E-1
1.379494E-1	5.945167E-1
1.384890E-1	5.944181E-1
1.390214E-1	5.946421E-1
1.395478E-1	5.944729E-1
1.400921E-1	5.945171E-1
1.406247E-1	5.946029E-1
1.411576E-1	5.945624E-1
1.416948E-1	5.945447E-1
1.422391E-1	5.945842E-1
1.427898E-1	5.944796E-1
1.433404E-1	5.946106E-1
1.438895E-1	5.945577E-1
1.444517E-1	5.945121E-1
1.450123E-1	5.945993E-1
1.455735E-1	5.945052E-1
1.461307E-1	5.944223E-1
1.467037E-1	5.944691E-1
1.472696E-1	5.946260E-1
1.478464E-1	5.946083E-1
1.484357E-1	5.946385E-1
1.490100E-1	5.945363E-1
1.495958E-1	5.944886E-1
1.501802E-1	5.945646E-1
1.507612E-1	5.943113E-1
1.513410E-1	5.944735E-1
1.519100E-1	5.945993E-1
1.524970E-1	5.945035E-1
1.530706E-1	5.945592E-1
1.536538E-1	5.943536E-1
1.542273E-1	5.942817E-1
1.548088E-1	5.944378E-1
1.554014E-1	5.947035E-1
1.559793E-1	5.946384E-1
1.565550E-1	5.947471E-1
1.571623E-1	5.946780E-1
1.577571E-1	5.947564E-1
1.583662E-1	5.945717E-1
1.589742E-1	5.947573E-1
1.595842E-1	5.945950E-1
1.602028E-1	5.946999E-1
1.608207E-1	5.946622E-1
1.614431E-1	5.946573E-1
1.620680E-1	5.947539E-1
1.627022E-1	5.948146E-1
1.633470E-1	5.947957E-1
1.639877E-1	5.947176E-1
1.646226E-1	5.946335E-1
1.652760E-1	5.947448E-1
1.659334E-1	5.945357E-1
1.665675E-1	5.946435E-1
1.672239E-1	5.947306E-1
1.678840E-1	5.944700E-1
1.685518E-1	5.944743E-1
1.692274E-1	5.944500E-1
1.698915E-1	5.946434E-1
1.705567E-1	5.946366E-1
1.712329E-1	5.943849E-1
1.718950E-1	5.944484E-1
1.725690E-1	5.943650E-1
1.732549E-1	5.944555E-1
1.739391E-1	5.943010E-1
1.746292E-1	5.940915E-1
1.753124E-1	5.940617E-1
1.760149E-1	5.938164E-1
1.766984E-1	5.935165E-1
1.773889E-1	5.930453E-1
1.780877E-1	5.921060E-1
1.787893E-1	5.891210E-1
1.794846E-1	5.132446E-1
1.801963E-1	1.974531E-1
1.809136E-1	5.578017E-2
1.816451E-1	1.655275E-2
1.823671E-1	5.275723E-3
1.830790E-1	1.638388E-3
1.837952E-1	6.468370E-4
1.845097E-1	3.994530E-4
1.852265E-1	2.979530E-4
1.859470E-1	4.341700E-5
1.870296E-1	1.932650E-4
1.873983E-1	3.297120E-4
1.881146E-1	2.329760E-4
1.888488E-1	3.260720E-4
1.895787E-1	1.621770E-4
1.903087E-1	2.172260E-4
1.910396E-1	1.558130E-4
1.917639E-1	4.049650E-4
1.925080E-1	1.925420E-4
1.932550E-1	2.887740E-4
1.940123E-1	2.126820E-4
1.947476E-1	2.793500E-4
1.954999E-1	-1.138700E-5
1.962695E-1	-7.131600E-5
1.970262E-1	2.282000E-4
1.977782E-1	2.260180E-4
1.985170E-1	1.084710E-4
1.992820E-1	-3.037800E-5
2.000515E-1	8.470300E-5
2.008294E-1	8.394200E-5
2.015865E-1	1.391970E-4
2.023371E-1	3.274530E-4
2.034826E-1	2.824740E-4
2.038528E-1	1.675480E-4
2.046169E-1	1.044300E-4
2.053691E-1	1.500030E-4
2.061648E-1	2.355070E-4
2.069447E-1	2.177040E-4
2.077100E-1	3.502780E-4
2.084961E-1	4.222520E-4
2.092724E-1	2.889680E-4
2.100325E-1	3.312100E-4
2.108005E-1	2.418840E-4
2.115914E-1	1.057600E-4
2.123686E-1	9.819500E-5
2.131813E-1	2.395350E-4
2.139609E-1	2.491270E-4
2.147344E-1	2.595460E-4
2.155289E-1	2.753990E-4
2.163035E-1	2.325500E-4
2.170924E-1	1.618420E-4
2.178902E-1	3.070810E-4
2.187118E-1	2.118600E-5
2.195231E-1	-4.686000E-6
2.203241E-1	1.425410E-4
2.211432E-1	3.362580E-4
2.219393E-1	2.834420E-4
2.227382E-1	1.506740E-4
2.235363E-1	-5.926000E-6
2.243428E-1	1.803930E-4
2.251342E-1	5.878000E-5
2.259236E-1	8.470300E-5
2.267322E-1	1.869400E-5
2.279506E-1	1.471370E-4
2.283624E-1	1.592720E-4
2.291639E-1	2.484170E-4
2.299525E-1	3.214110E-4
2.307645E-1	2.437180E-4
2.315559E-1	7.175500E-5
2.323893E-1	3.896800E-4
2.332043E-1	2.676400E-4
2.340115E-1	3.211400E-4
2.348274E-1	1.753970E-4
2.356427E-1	1.591180E-4
2.364615E-1	2.445050E-4
2.376857E-1	1.862290E-4
2.380976E-1	4.350700E-5
2.389161E-1	1.825240E-4
2.397240E-1	2.956810E-4
2.405240E-1	3.181190E-4
2.413485E-1	3.431500E-5
2.421754E-1	1.840080E-4
2.430305E-1	1.390040E-4
2.438335E-1	1.732410E-4
2.446436E-1	2.308200E-4
2.454567E-1	2.156640E-4
2.462893E-1	1.927360E-4
2.470994E-1	1.008540E-4
2.479156E-1	1.359830E-4
2.487345E-1	1.215360E-4
2.495381E-1	2.058260E-4
2.507779E-1	2.289610E-4
2.511859E-1	1.678450E-4
2.519853E-1	1.829240E-4
2.527943E-1	2.283800E-5
2.536179E-1	6.925000E-5
2.544621E-1	2.182980E-4
2.552612E-1	1.810260E-4
2.560793E-1	1.271650E-4
2.569009E-1	7.327800E-5
2.577043E-1	2.211900E-4
2.585247E-1	4.285260E-4
2.593403E-1	3.531570E-4
2.601401E-1	9.714900E-5
2.609480E-1	2.773230E-4
2.617420E-1	4.087870E-4
2.629869E-1	3.023690E-4
2.633903E-1	1.160620E-4
2.641828E-1	2.029860E-4
2.650183E-1	2.196790E-4
2.658522E-1	8.092100E-5
2.666913E-1	9.122300E-5
2.675090E-1	8.068800E-5
2.683081E-1	1.788700E-4
2.691476E-1	1.528950E-4
2.699459E-1	4.324510E-4
2.711534E-1	4.267840E-4
2.715548E-1	1.543800E-4
2.723574E-1	3.050280E-4
2.731886E-1	2.485590E-4
2.740236E-1	4.069410E-4
2.748315E-1	1.367060E-4
2.756178E-1	1.438710E-4
2.768109E-1	2.155610E-4
2.772175E-1	2.423620E-4
2.780103E-1	1.323940E-4
2.788006E-1	1.988420E-4
2.795790E-1	2.346290E-4
2.803805E-1	2.050130E-4
2.811513E-1	2.078920E-4
2.819313E-1	2.520450E-4
2.826883E-1	6.045800E-5
2.834836E-1	-3.097100E-5
2.842871E-1	5.907700E-5
2.850683E-1	1.907090E-4
2.862321E-1	1.747130E-4
2.866065E-1	1.293730E-4
2.874163E-1	2.279160E-4
2.881780E-1	9.065500E-5
2.889546E-1	5.249300E-5
2.897255E-1	2.127980E-4
2.905086E-1	2.594160E-4
2.912741E-1	2.280060E-4
2.920294E-1	1.217430E-4
2.931462E-1	1.019260E-4
2.935372E-1	9.102900E-5
2.943218E-1	1.543410E-4
2.950931E-1	1.907600E-4
2.958485E-1	2.103450E-4
2.965892E-1	2.003910E-4
2.977167E-1	1.187220E-4
2.980664E-1	7.105700E-5
2.988418E-1	1.091810E-4
2.995903E-1	2.575570E-4
3.003187E-1	3.402080E-4
3.010611E-1	1.968930E-4
3.021463E-1	1.474210E-4
3.025133E-1	3.205460E-4
3.032412E-1	2.514250E-4
3.039550E-1	1.676380E-4
3.046897E-1	5.767000E-5
3.054252E-1	-5.374500E-5
3.064872E-1	4.272000E-5
3.068319E-1	1.673670E-4
3.075000E-1	1.640360E-4
3.081930E-1	2.402710E-4
3.092705E-1	2.316730E-4
3.096309E-1	2.680660E-4
3.103511E-1	2.845530E-4
3.110416E-1	2.867990E-4
3.117119E-1	1.743390E-4
3.127451E-1	1.690710E-4
3.131024E-1	1.898820E-4
3.138047E-1	1.900760E-4
3.148161E-1	1.025580E-4
3.151589E-1	2.143080E-4
3.158344E-1	1.708920E-4
3.165203E-1	1.123960E-4
3.172025E-1	2.826290E-4
3.178719E-1	2.938350E-4
3.189006E-1	2.910590E-4
3.192342E-1	-8.822800E-5
3.199024E-1	7.224500E-5
3.205484E-1	1.370540E-4
3.212174E-1	2.043680E-4
3.218495E-1	8.040400E-5
3.224764E-1	1.865390E-4
3.231321E-1	1.140220E-4
3.241614E-1	2.294520E-4
3.244997E-1	1.041330E-4
3.251428E-1	1.494220E-4
3.257589E-1	7.755100E-5
3.264069E-1	1.964920E-4
3.270335E-1	5.974800E-5
3.276492E-1	4.250000E-5
3.282996E-1	2.556470E-4
3.289082E-1	3.083460E-4
3.295282E-1	2.745860E-4
3.301462E-1	4.003050E-4
3.307716E-1	1.784960E-4
3.313732E-1	1.944780E-4
3.319312E-1	1.968410E-4
3.325063E-1	1.405530E-4
3.330714E-1	1.958860E-4
3.336808E-1	2.268050E-4
3.345425E-1	6.865600E-5
3.348535E-1	3.488300E-5
3.354633E-1	1.306890E-4
3.360690E-1	8.750500E-5
3.366411E-1	-1.194200E-5
3.372311E-1	1.728150E-4
3.378057E-1	1.678580E-4
3.383614E-1	1.948530E-4
3.389105E-1	2.251790E-4
3.394845E-1	1.365640E-4
3.400374E-1	1.870940E-4
3.406100E-1	1.375450E-4
3.412048E-1	2.126300E-4
3.417520E-1	2.425430E-4
3.423134E-1	-2.021700E-5
3.428951E-1	6.039400E-5
3.434570E-1	2.813100E-5
3.439930E-1	2.321370E-4
3.445175E-1	1.805610E-4
3.450582E-1	2.864630E-4
3.456760E-1	1.710080E-4
3.462229E-1	1.048170E-4
3.467556E-1	7.068300E-5
3.473128E-1	2.041090E-4
3.478193E-1	1.891590E-4
3.483086E-1	1.121890E-4
3.488144E-1	4.605000E-5
3.493451E-1	1.654050E-4
3.498192E-1	7.161300E-5
3.503471E-1	8.367100E-5
3.508713E-1	2.545900E-5
3.513871E-1	1.427730E-4
3.518635E-1	2.631090E-4
3.523193E-1	2.308720E-4
3.528070E-1	1.862930E-4
3.533289E-1	1.747260E-4
3.538535E-1	1.063800E-4
3.545870E-1	1.087030E-4
3.548250E-1	1.987260E-4
3.553125E-1	2.494240E-4
3.560311E-1	1.668250E-4
3.562867E-1	1.705300E-4
3.567514E-1	1.476400E-4
3.571931E-1	2.413810E-4
3.576590E-1	1.966220E-4
3.581135E-1	1.303800E-4
3.585712E-1	2.065370E-4
3.590526E-1	1.810000E-5
3.595267E-1	3.173300E-5
3.600213E-1	1.271390E-4
3.605012E-1	1.696130E-4
3.609084E-1	1.543540E-4
3.613491E-1	3.065000E-4
3.617647E-1	1.193930E-4
3.621865E-1	2.440920E-4
3.626390E-1	1.693940E-4
3.630971E-1	3.583470E-4
3.635184E-1	2.304980E-4
3.639533E-1	8.868000E-5
3.643458E-1	1.249060E-4
3.649964E-1	1.303020E-4
3.652043E-1	2.034640E-4
3.656260E-1	2.248040E-4
3.660137E-1	1.381900E-4
3.664359E-1	2.876380E-4
3.668590E-1	3.452040E-4
3.672656E-1	2.161290E-4
3.676572E-1	1.624610E-4
3.680493E-1	2.247910E-4
3.684636E-1	2.859340E-4
3.688759E-1	9.078400E-5
3.692840E-1	1.573360E-4
3.696751E-1	7.352300E-5
3.700643E-1	2.395990E-4
3.704359E-1	1.293730E-4
3.707929E-1	1.272170E-4
3.711635E-1	9.303100E-5
3.715599E-1	1.467240E-4
3.719113E-1	1.173920E-4
3.722837E-1	6.495100E-5
3.727248E-1	1.552570E-4
3.730751E-1	4.024100E-5
3.734559E-1	1.232530E-4
3.738105E-1	2.864240E-4
3.741182E-1	2.853400E-4
3.744507E-1	-5.590000E-6
3.748605E-1	-7.077300E-5
3.752449E-1	1.355440E-4
3.757311E-1	2.252300E-4
3.758704E-1	2.117520E-4
3.763700E-1	2.100480E-4
3.765403E-1	3.119100E-5
3.768803E-1	2.582000E-6
3.772227E-1	2.588230E-4
3.775665E-1	2.547040E-4
3.779102E-1	3.993100E-5
3.781956E-1	-4.389000E-6
3.785498E-1	3.095900E-5
3.788777E-1	-7.775800E-5
3.792076E-1	-1.433000E-6
3.796558E-1	5.224700E-5
3.798538E-1	2.854050E-4
3.801840E-1	3.648410E-4
3.805228E-1	2.891490E-4
3.808025E-1	1.436510E-4
3.810854E-1	2.241980E-4
3.813550E-1	1.564450E-4
3.816159E-1	1.632230E-4
3.819275E-1	3.007160E-4
3.822136E-1	1.750490E-4
3.825312E-1	1.535150E-4
3.828711E-1	1.143190E-4
3.831826E-1	1.648240E-4
3.834984E-1	9.296600E-5
3.837364E-1	1.521980E-4
3.840027E-1	1.678960E-4
3.842591E-1	3.310290E-4
3.844844E-1	3.387620E-4
3.847487E-1	2.008820E-4
3.850031E-1	-1.391700E-5
3.852570E-1	9.601300E-5
3.855918E-1	8.347700E-5
3.858755E-1	1.022230E-4
3.861289E-1	2.334410E-4
3.863792E-1	2.246400E-5
3.866490E-1	1.502480E-4
3.869836E-1	2.052580E-4
3.873883E-1	2.003010E-4
3.875188E-1	1.900890E-4
3.877640E-1	2.313110E-4
3.879721E-1	8.372200E-5
3.881738E-1	1.583040E-4
3.884474E-1	1.447740E-4
3.887002E-1	9.680000E-5
3.889621E-1	2.038000E-4
3.892964E-1	2.341250E-4
3.895558E-1	2.959650E-4
3.896865E-1	1.527790E-4
3.899369E-1	3.615870E-4
3.901687E-1	2.797500E-4
3.904159E-1	1.707110E-4
3.906387E-1	1.962600E-4
3.909668E-1	3.124260E-4
3.910910E-1	1.928780E-4
3.913149E-1	1.953690E-4
3.915242E-1	3.107730E-4
3.917281E-1	1.304830E-4
3.919167E-1	1.131320E-4
3.921136E-1	2.204020E-4
3.923457E-1	2.561110E-4
3.925810E-1	2.968560E-4
3.929433E-1	2.032960E-4
3.930454E-1	2.270380E-4
3.932705E-1	3.263300E-4
3.934451E-1	2.801890E-4
3.937590E-1	2.269220E-4
3.938668E-1	1.109890E-4
3.941241E-1	1.142160E-4
3.943101E-1	2.421300E-4
3.945096E-1	2.364230E-4
3.946962E-1	1.252930E-4
3.948986E-1	8.306400E-5
3.951347E-1	2.980050E-4
3.953167E-1	1.370150E-4
3.954844E-1	1.054890E-4
3.956993E-1	1.642170E-4
3.959426E-1	2.981000E-5
3.963442E-1	1.184510E-4
3.964495E-1	1.592980E-4
3.965702E-1	1.158040E-4
3.966846E-1	2.102420E-4
3.968449E-1	2.178970E-4
3.970577E-1	3.289890E-4
3.971631E-1	2.975530E-4
3.973573E-1	3.489480E-4
3.975462E-1	2.553370E-4
3.977403E-1	3.718900E-4
3.979022E-1	3.815590E-4
3.980453E-1	2.742760E-4
3.982317E-1	1.371440E-4
3.984248E-1	1.801220E-4
3.985729E-1	3.743810E-4
3.987251E-1	3.979040E-4
3.989135E-1	3.070810E-4
3.990854E-1	2.417810E-4
3.992206E-1	2.301880E-4
3.993361E-1	2.690470E-4
3.995403E-1	1.594400E-5
3.997358E-1	1.491100E-5
3.999574E-1	1.619320E-4
4.001607E-1	1.614930E-4
4.003108E-1	2.211380E-4
4.004427E-1	1.646170E-4
4.005568E-1	9.590900E-5
4.006956E-1	2.652650E-4
4.008647E-1	2.351070E-4
4.010218E-1	1.276810E-4
4.012017E-1	1.810780E-4
4.013364E-1	1.266230E-4
4.015020E-1	7.141900E-5
4.016590E-1	2.293360E-4
4.018824E-1	7.203900E-5
4.019586E-1	2.153020E-4
4.021459E-1	2.715000E-4
4.022597E-1	2.214740E-4
4.024147E-1	1.578010E-4
4.024848E-1	2.963520E-4
4.025963E-1	2.990120E-4
4.027714E-1	3.172150E-4
4.029806E-1	2.270510E-4
4.030321E-1	2.928800E-4
4.031444E-1	2.947000E-4
4.032741E-1	1.776180E-4
4.033537E-1	1.003380E-4
4.034625E-1	1.511130E-4
4.036525E-1	2.030640E-4
4.038608E-1	2.751930E-4
4.039313E-1	1.047400E-4
4.040830E-1	8.873100E-5
4.042106E-1	1.874040E-4
4.043250E-1	1.859320E-4
4.044137E-1	1.244540E-4
4.045733E-1	1.298370E-4
4.047783E-1	1.740550E-4
4.048909E-1	1.953950E-4
4.050772E-1	1.201550E-4
4.000074E-1	1.727120E-4
3.851480E-1	1.067540E-4
3.827807E-1	3.191520E-4
3.820348E-1	3.593020E-4
3.808690E-1	2.479390E-4
3.803954E-1	1.766370E-4
3.804398E-1	2.994900E-4
3.804635E-1	1.758490E-4
3.805239E-1	1.176500E-4
3.806528E-1	2.536460E-4
3.807646E-1	2.775420E-4
3.808404E-1	7.698300E-5
3.809217E-1	1.704400E-4
3.810324E-1	1.113630E-4
3.811413E-1	7.212900E-5
3.812112E-1	6.573800E-5
3.812606E-1	6.570000E-5
3.812978E-1	1.783150E-4
3.813755E-1	1.401910E-4
3.814800E-1	2.426200E-4
3.815288E-1	2.002880E-4
3.816116E-1	2.837780E-4
3.817095E-1	1.753330E-4
3.818057E-1	2.245200E-4
3.819159E-1	3.476310E-4
3.820183E-1	1.706850E-4
3.821092E-1	2.429300E-4
3.821902E-1	1.215230E-4
3.822431E-1	1.358660E-4
3.823098E-1	1.599950E-4
3.823918E-1	1.566130E-4
3.824727E-1	1.758400E-5
3.825408E-1	2.845650E-4
3.825922E-1	-4.939400E-5
3.826590E-1	1.416890E-4
3.827267E-1	1.526750E-4
3.827527E-1	1.041330E-4
3.827807E-1	1.574260E-4
3.828165E-1	1.218980E-4
3.828606E-1	1.737190E-4
3.829005E-1	1.936130E-4
3.830266E-1	2.925310E-4
3.830713E-1	1.638810E-4
3.831453E-1	2.672140E-4
3.831769E-1	1.997200E-4
3.831965E-1	9.927900E-5
3.832608E-1	1.008800E-4
3.833130E-1	1.673200E-5
3.834074E-1	3.073000E-6
3.834789E-1	1.999140E-4
3.835335E-1	-6.866900E-5
3.835971E-1	1.656400E-5
3.836585E-1	1.767530E-4
3.837292E-1	1.879590E-4
3.837890E-1	2.686340E-4
3.838464E-1	5.930900E-5
3.839155E-1	1.910570E-4
3.839695E-1	2.738500E-4
3.839986E-1	5.480400E-5
3.840516E-1	2.395350E-4
3.840959E-1	9.208800E-5
3.841583E-1	1.621640E-4
3.842272E-1	1.241050E-4
3.842789E-1	2.998510E-4
3.843464E-1	2.461320E-4
3.843735E-1	1.174690E-4
3.843964E-1	3.081700E-5
3.844369E-1	4.997500E-5
3.844883E-1	1.557220E-4
3.845399E-1	2.454090E-4
3.845814E-1	2.833130E-4
3.846461E-1	1.857770E-4
3.846708E-1	1.831820E-4
3.847204E-1	1.592980E-4
3.847440E-1	2.384630E-4
3.847910E-1	3.419770E-4
3.848608E-1	1.798510E-4
3.849159E-1	1.209940E-4
3.849662E-1	3.030140E-4
3.850278E-1	1.682970E-4
3.850595E-1	2.012690E-4
3.850606E-1	1.203100E-4
3.851002E-1	3.741230E-4
3.851519E-1	4.465620E-4
3.851967E-1	2.027670E-4
3.852170E-1	1.376610E-4
3.852622E-1	2.463380E-4
3.852749E-1	7.944900E-5
3.852900E-1	2.174970E-4
3.852803E-1	5.990300E-5
3.853181E-1	3.132000E-5
3.853280E-1	1.882820E-4
3.853273E-1	2.172130E-4
3.853497E-1	3.447650E-4
3.853823E-1	2.284710E-4
3.853991E-1	2.034640E-4
3.854215E-1	1.569620E-4
3.854669E-1	2.867730E-4
3.855191E-1	1.592600E-4
3.855646E-1	2.822550E-4
3.856012E-1	1.470340E-4
3.856276E-1	9.334000E-5
3.856841E-1	1.437030E-4
3.857218E-1	2.279670E-4
3.857591E-1	8.213400E-5
3.857921E-1	2.768320E-4
3.858307E-1	2.530000E-4
3.858416E-1	1.693940E-4
3.858651E-1	2.367720E-4
3.858837E-1	2.324340E-4
3.859039E-1	1.467110E-4
3.859005E-1	4.096910E-4
3.859247E-1	9.335300E-5
3.859528E-1	3.330800E-5
3.860077E-1	1.528820E-4
3.860598E-1	1.659600E-4
3.860697E-1	1.263900E-4
3.861017E-1	1.700520E-4
3.861057E-1	1.786380E-4
3.861085E-1	1.748940E-4
3.861576E-1	6.548000E-5
3.861904E-1	1.562100E-5
3.862440E-1	2.565890E-4
3.862702E-1	1.629390E-4
3.863016E-1	1.124340E-4
3.863443E-1	2.904010E-4
3.863756E-1	1.068830E-4
3.864325E-1	2.334540E-4
3.864422E-1	8.701400E-5
3.864610E-1	2.010370E-4
3.864773E-1	9.119700E-5
3.864621E-1	1.112340E-4
3.864731E-1	7.048900E-5
3.864781E-1	6.712000E-5
3.864822E-1	3.770000E-6
3.864874E-1	1.842670E-4
3.865162E-1	1.803550E-4
3.865059E-1	3.719410E-4
3.865207E-1	1.229300E-4
3.865443E-1	-1.544100E-5
3.865721E-1	1.958210E-4
3.865816E-1	2.732170E-4
3.865865E-1	1.304050E-4
3.866073E-1	1.655210E-4
3.866129E-1	2.828480E-4
3.866560E-1	2.800990E-4
3.866618E-1	3.704700E-4
3.866584E-1	3.908420E-4
3.866558E-1	3.002000E-4
3.866567E-1	3.085010E-4
3.866595E-1	2.708160E-4
3.866708E-1	1.916380E-4
3.866748E-1	7.504700E-5
3.866918E-1	1.821880E-4
3.867138E-1	2.887740E-4
3.867138E-1	1.237950E-4
3.867204E-1	1.533980E-4
3.867428E-1	3.102820E-4
3.867551E-1	7.308400E-5
3.867708E-1	9.021600E-5
3.868102E-1	1.794250E-4
3.868483E-1	1.329100E-4
3.869090E-1	1.977580E-4
3.869902E-1	2.408260E-4
3.870160E-1	2.610950E-4
3.870220E-1	1.901150E-4
3.870164E-1	1.111600E-5
3.870056E-1	1.111050E-4
3.870102E-1	1.999910E-4
3.869738E-1	3.589670E-4
3.869878E-1	1.783410E-4
3.870199E-1	1.051660E-4
3.870588E-1	1.460520E-4
3.870965E-1	1.840860E-4
3.870941E-1	2.781880E-4
3.870495E-1	3.442100E-4
3.870573E-1	4.322700E-4
3.870486E-1	2.382950E-4
3.870499E-1	3.122580E-4
3.870538E-1	3.386980E-4
3.870774E-1	2.709060E-4
3.870978E-1	1.169920E-4
3.870831E-1	2.054260E-4
3.870748E-1	2.797240E-4
3.870669E-1	2.336610E-4
3.870843E-1	3.667000E-4
3.871138E-1	2.636250E-4
3.871948E-1	6.025290E-4
3.872367E-1	3.521110E-4
3.872447E-1	1.692000E-4
3.872763E-1	3.146200E-5
3.872856E-1	1.117630E-4
3.872996E-1	7.890700E-5
3.873101E-1	7.725400E-5
3.873002E-1	1.114660E-4
3.872612E-1	1.655100E-5
3.872740E-1	5.790200E-5
3.872930E-1	1.362410E-4
3.873112E-1	3.022260E-4
3.872957E-1	5.981300E-5
3.873007E-1	7.666000E-5
3.873249E-1	2.136110E-4
3.873092E-1	1.210580E-4
3.872828E-1	5.458400E-5
3.872901E-1	9.665800E-5
3.873104E-1	8.347700E-5
3.873155E-1	1.937680E-4
3.873298E-1	1.199740E-4
3.873316E-1	1.329870E-4
3.873412E-1	1.932130E-4
3.873875E-1	1.459230E-4
3.874104E-1	3.466240E-4
3.874272E-1	3.504720E-4
3.874456E-1	1.554770E-4
3.874306E-1	1.608470E-4
3.874007E-1	2.406580E-4
3.874039E-1	3.047050E-4
3.873889E-1	2.857020E-4
3.873516E-1	1.681550E-4
3.873522E-1	1.708270E-4
3.873438E-1	1.408500E-5
3.873439E-1	2.087440E-4
3.873609E-1	2.486750E-4
3.873690E-1	-4.537900E-5
3.873751E-1	-4.411400E-5
3.873872E-1	-7.277400E-5
3.873765E-1	2.122400E-5
3.873787E-1	5.692100E-5
3.873991E-1	1.595310E-4
3.874154E-1	1.009190E-4
3.874217E-1	2.789240E-4
3.874524E-1	-3.416000E-5
3.874853E-1	1.164620E-4
3.874955E-1	1.368860E-4
3.874891E-1	3.082300E-4
3.874942E-1	1.438190E-4
3.875089E-1	1.480280E-4
3.874900E-1	1.917540E-4
3.874612E-1	9.832400E-5
3.874620E-1	2.591070E-4
3.874828E-1	1.879590E-4
3.874618E-1	1.500420E-4
3.874300E-1	3.130700E-5
3.874269E-1	2.283420E-4
3.875052E-1	2.959130E-4
3.875360E-1	2.630310E-4
3.875458E-1	2.063430E-4
3.875280E-1	2.861790E-4
3.874884E-1	1.141260E-4
3.874865E-1	3.831600E-4
3.875159E-1	8.512900E-5
3.875235E-1	9.341800E-5
3.875518E-1	2.048320E-4
3.875502E-1	2.508830E-4
3.875536E-1	1.741450E-4
3.875312E-1	2.366040E-4
3.875230E-1	1.802900E-4
3.875217E-1	2.102800E-4
3.874700E-1	1.957820E-4
3.874721E-1	2.245330E-4
3.874789E-1	3.922880E-4
3.874901E-1	3.049120E-4
3.875151E-1	3.134200E-4
3.875066E-1	2.268960E-4
3.875295E-1	2.006370E-4
3.875468E-1	2.503280E-4
3.875687E-1	8.116600E-5
3.875904E-1	1.486470E-4
3.875763E-1	2.540330E-4
3.875684E-1	3.453080E-4
3.875862E-1	4.282300E-4
3.876085E-1	1.951630E-4
3.876280E-1	1.925030E-4
3.876392E-1	4.781900E-5
3.876261E-1	1.566520E-4
3.876419E-1	1.459880E-4
3.876580E-1	1.958500E-5
3.876704E-1	2.050260E-4
3.876731E-1	2.250500E-4
3.876645E-1	6.784300E-5
3.876523E-1	2.004430E-4
3.876345E-1	2.267410E-4
3.876224E-1	2.509220E-4
3.876180E-1	2.951780E-4
3.875953E-1	3.837020E-4
3.875849E-1	2.168780E-4
3.875663E-1	-5.448000E-6
3.875517E-1	2.069240E-4
3.875593E-1	7.700900E-5
3.875426E-1	2.854300E-4
3.875589E-1	2.236940E-4
3.875721E-1	1.667990E-4
3.875866E-1	1.163980E-4
3.876207E-1	2.505210E-4
3.875700E-1	-1.975900E-4
3.875348E-1	-2.010100E-5
3.875379E-1	1.031910E-4
3.875648E-1	2.568990E-4
3.876269E-1	2.465450E-4
3.876154E-1	-2.091400E-5
3.876070E-1	-8.290900E-5
3.875911E-1	-2.818300E-5
3.875882E-1	-2.767900E-5
3.875955E-1	1.847400E-5
3.875998E-1	2.822420E-4
3.876011E-1	4.219940E-4
3.876136E-1	4.453870E-4
3.876070E-1	4.378220E-4
3.876230E-1	3.400530E-4
3.876405E-1	2.855720E-4
3.876447E-1	2.283290E-4
3.876472E-1	1.233820E-4
3.876343E-1	1.781210E-4
3.876234E-1	1.071540E-4
3.876264E-1	7.694000E-6
3.875946E-1	-4.041000E-6
3.876018E-1	7.333000E-5
3.875865E-1	1.514100E-4
3.875778E-1	2.193430E-4
3.875765E-1	9.744600E-5
3.875608E-1	1.118530E-4
3.875632E-1	2.935800E-5
3.875681E-1	1.089870E-4
3.875994E-1	2.954620E-4
3.876128E-1	2.596490E-4
3.876153E-1	9.452800E-5
3.876125E-1	1.444000E-4
3.876309E-1	1.020810E-4
3.876479E-1	2.517480E-4
3.876629E-1	2.731790E-4
3.876669E-1	1.656890E-4
3.876407E-1	1.058500E-4
3.876264E-1	2.107060E-4
3.876251E-1	2.264570E-4
3.875896E-1	9.291400E-5
3.875778E-1	1.938330E-4
3.875687E-1	2.532710E-4
3.875556E-1	8.874400E-5
3.875561E-1	1.643980E-4
3.875472E-1	-4.454000E-5
3.875479E-1	1.172630E-4
3.875788E-1	2.378000E-5
3.876357E-1	1.185800E-4
3.876755E-1	2.951130E-4
3.877038E-1	3.713860E-4
3.877228E-1	7.889400E-5
3.877470E-1	3.157950E-4
3.877591E-1	3.689070E-4
3.877489E-1	2.986250E-4
3.877012E-1	2.434210E-4
3.876930E-1	3.486260E-4
3.876549E-1	1.600990E-4
3.876518E-1	3.160020E-4
3.876360E-1	3.061640E-4
3.876180E-1	3.813400E-4
3.876267E-1	2.124620E-4
3.876917E-1	1.146420E-4
3.877026E-1	7.032200E-5
3.876974E-1	2.977600E-4
3.876599E-1	3.558680E-4
3.876436E-1	4.188950E-4
3.876390E-1	3.644020E-4
3.876557E-1	4.517260E-4
3.876783E-1	2.577770E-4
3.876522E-1	2.143080E-4
3.876603E-1	8.307700E-5
3.876445E-1	1.787280E-4
3.876259E-1	8.602000E-5
3.876106E-1	8.897700E-5
3.876001E-1	2.947000E-4
3.875472E-1	1.760040E-4
3.875471E-1	1.808970E-4
3.875332E-1	4.197100E-5
3.874989E-1	1.626680E-4
3.874776E-1	1.124730E-4
3.874889E-1	1.506600E-5
3.874867E-1	4.286200E-5
3.874530E-1	1.550510E-4
3.874345E-1	2.223130E-4
3.874019E-1	7.398800E-5
3.873696E-1	1.850670E-4
3.873743E-1	1.194960E-4
3.873524E-1	1.557220E-4
3.873461E-1	3.316490E-4
3.873582E-1	1.264420E-4
3.873986E-1	2.453960E-4
3.874138E-1	3.370450E-4
3.874197E-1	2.789370E-4
3.874107E-1	3.049400E-5
3.874088E-1	1.918710E-4
3.874188E-1	6.981800E-5
3.874052E-1	1.229560E-4
3.874079E-1	6.528700E-5
3.873915E-1	9.011000E-6
3.874083E-1	2.523900E-5
3.874148E-1	4.858100E-5
3.874344E-1	-6.558000E-6
3.874264E-1	1.126800E-4
3.874349E-1	-4.738000E-5
3.874427E-1	8.792000E-6
3.874338E-1	1.582910E-4
3.874232E-1	1.379970E-4
3.874107E-1	1.643330E-4
3.874023E-1	2.765090E-4
3.873885E-1	2.339580E-4
3.873668E-1	2.305880E-4
3.873439E-1	1.392360E-4
3.873158E-1	2.274380E-4
3.873046E-1	1.948010E-4
3.873557E-1	2.402580E-4
3.873616E-1	2.179360E-4
3.873337E-1	4.482400E-5
3.873210E-1	3.374710E-4
3.873248E-1	1.916380E-4
3.873070E-1	2.982370E-4
3.873148E-1	2.873280E-4
3.873339E-1	3.036720E-4
3.873404E-1	2.717330E-4
3.873442E-1	3.023300E-4
3.873629E-1	1.807420E-4
3.873444E-1	2.201310E-4
3.873343E-1	1.589880E-4
3.873222E-1	2.409550E-4
3.872673E-1	3.242900E-4
3.872872E-1	3.790030E-4
3.872824E-1	2.149800E-4
3.872708E-1	7.262000E-5
3.872936E-1	2.893030E-4
3.873071E-1	2.137660E-4
3.873355E-1	1.592470E-4
3.873384E-1	8.049500E-5
3.873377E-1	2.168260E-4
3.873596E-1	1.289720E-4
3.873625E-1	2.959910E-4
3.873544E-1	2.319440E-4
3.873542E-1	1.220000E-5
3.873406E-1	-8.786600E-5
3.873514E-1	-6.804000E-6
3.873231E-1	1.200390E-4
3.872760E-1	1.217940E-4
3.872369E-1	2.247530E-4
3.871944E-1	1.222200E-4
3.872133E-1	9.047400E-5
3.872102E-1	2.027800E-4
3.872080E-1	1.173140E-4
3.872164E-1	3.281370E-4
3.872151E-1	1.358920E-4
3.872084E-1	1.889010E-4
3.872101E-1	3.529630E-4
3.872333E-1	2.080730E-4
3.872307E-1	1.841630E-4
3.872186E-1	1.533340E-4
3.872038E-1	2.564730E-4
3.871842E-1	5.027200E-5
3.871817E-1	1.648880E-4
3.871740E-1	3.222240E-4
3.871742E-1	1.992290E-4
3.871928E-1	2.033300E-5
3.871805E-1	-1.240700E-5
3.872074E-1	-9.114600E-5
3.872244E-1	2.082150E-4
3.872253E-1	5.707600E-5
3.872174E-1	2.057230E-4
3.871910E-1	2.151220E-4
3.871889E-1	3.633950E-4
3.871974E-1	8.498700E-5
3.872058E-1	1.212520E-4
3.872227E-1	1.584330E-4
3.872156E-1	1.475240E-4
3.871926E-1	1.278100E-5
3.871957E-1	1.430440E-4
3.871975E-1	5.747600E-5
3.871970E-1	4.902000E-5
3.871920E-1	-1.354300E-5
3.872087E-1	9.854300E-5
3.872225E-1	7.436200E-5
3.872055E-1	7.684100E-5
3.872161E-1	1.288170E-4
3.872101E-1	1.042370E-4
3.872354E-1	3.355300E-5
3.872780E-1	1.249700E-4
3.872850E-1	1.369380E-4
3.872681E-1	9.916300E-5
3.872193E-1	2.001460E-4
3.872067E-1	1.163070E-4
3.871933E-1	2.108230E-4
3.872144E-1	1.573880E-4
3.872130E-1	1.424120E-4
3.872219E-1	2.581510E-4
3.872081E-1	3.748330E-4
3.871826E-1	3.698500E-4
3.871390E-1	4.036490E-4
3.871208E-1	2.177170E-4
3.871529E-1	1.558000E-4
3.871687E-1	8.316700E-5
3.872012E-1	2.799440E-4
3.871858E-1	1.727640E-4
3.871621E-1	-7.862000E-6
3.871913E-1	-2.850600E-5
3.872208E-1	-1.487200E-5
3.872208E-1	3.050540E-4
3.872106E-1	3.528210E-4
3.871920E-1	1.673280E-4
3.872015E-1	2.566500E-5
3.872051E-1	2.706610E-4
3.871923E-1	2.518770E-4
3.871994E-1	1.551280E-4
3.871526E-1	2.043930E-4
3.871543E-1	2.594940E-4
3.871435E-1	2.147220E-4
3.871320E-1	2.687380E-4
3.871317E-1	4.338200E-4
3.871574E-1	2.812090E-4
3.871427E-1	1.565870E-4
3.871320E-1	2.098160E-4
3.871262E-1	2.492560E-4
3.871419E-1	2.277610E-4
3.871639E-1	8.509100E-5
3.871327E-1	2.176700E-5
3.870970E-1	1.125510E-4
3.870905E-1	3.285240E-4
3.871135E-1	1.585620E-4
3.871422E-1	5.268600E-5
3.871309E-1	1.208260E-4
3.871399E-1	1.267650E-4
3.871547E-1	2.548200E-4
3.871629E-1	1.102140E-4
3.871479E-1	7.961700E-5
3.871409E-1	2.064720E-4
3.871477E-1	2.209440E-4
3.871293E-1	3.346300E-5
3.871229E-1	9.992500E-5
3.871359E-1	2.126430E-4
3.871263E-1	2.833910E-4
3.871714E-1	3.200940E-4
3.871678E-1	1.976030E-4
3.871589E-1	1.828080E-4
3.863456E-1	4.610990E-4
3.860909E-1	2.575060E-4
3.865073E-1	1.574910E-4
3.877883E-1	2.022370E-4
3.879198E-1	8.830500E-5
3.860459E-1	7.875200E-5
3.858942E-1	4.256500E-5
3.856858E-1	1.010480E-4
3.856417E-1	4.167400E-5
3.855650E-1	9.458000E-5
3.854988E-1	1.044040E-4
3.854291E-1	1.228010E-4
3.853592E-1	2.103320E-4
3.852669E-1	3.132390E-4
3.851706E-1	3.609550E-4
3.850844E-1	2.625670E-4
3.849916E-1	1.483760E-4
3.849171E-1	6.834600E-5
3.865666E-1	1.394550E-4
3.883200E-1	2.417170E-4
3.858838E-1	8.634300E-5
3.852726E-1	5.878000E-5
3.850060E-1	2.005590E-4
3.847159E-1	2.971530E-4
3.843844E-1	6.699100E-5
3.840379E-1	2.053750E-4
3.836502E-1	1.787020E-4
3.832630E-1	2.189430E-4
3.828254E-1	1.340850E-4
3.822885E-1	9.549600E-5
3.817482E-1	1.490860E-4
3.811878E-1	1.687490E-4
3.805779E-1	1.728540E-4
3.799280E-1	2.898710E-4
3.791969E-1	3.295190E-4
3.784426E-1	2.656650E-4
3.776207E-1	3.748590E-4
3.767355E-1	1.690580E-4
3.757538E-1	1.654050E-4
3.775043E-1	9.787200E-5
3.790877E-1	2.774400E-5
3.775271E-1	3.293400E-5
3.765270E-1	1.994750E-4
3.739289E-1	1.595050E-4
3.704499E-1	5.930900E-5
3.660578E-1	1.079160E-4
3.606969E-1	1.145000E-4
3.543151E-1	1.442190E-4
3.469229E-1	1.321740E-4
3.386936E-1	2.117260E-4
3.297845E-1	3.599990E-4
3.204636E-1	2.934480E-4
3.109065E-1	1.560840E-4
3.013191E-1	1.282880E-4
2.919019E-1	1.491900E-4
2.819899E-1	2.754770E-4
2.681715E-1	2.145800E-4
2.635628E-1	2.173680E-4
2.512909E-1	3.287050E-4
2.477513E-1	1.077220E-4
2.415066E-1	3.285630E-4
2.365704E-1	1.752420E-4
2.330361E-1	2.501340E-4
2.307090E-1	9.186900E-5
2.292865E-1	1.280560E-4
2.284372E-1	9.877600E-5
2.279374E-1	1.329100E-4
2.276834E-1	1.018090E-4
2.274306E-1	2.173810E-4
2.271016E-1	2.338160E-4
2.267379E-1	5.959300E-5
2.263315E-1	2.091570E-4
2.259627E-1	1.595180E-4
2.256187E-1	1.245830E-4
2.253000E-1	1.424250E-4
2.250029E-1	2.769610E-4
2.247132E-1	1.751260E-4
2.243980E-1	4.435930E-4
2.240947E-1	4.962920E-4
2.238693E-1	1.315160E-4
2.236897E-1	-5.734700E-5
2.232136E-1	8.240500E-5
2.225971E-1	2.199370E-4
2.218120E-1	2.220800E-4
2.209929E-1	2.633670E-4
2.199959E-1	2.746250E-4
2.187882E-1	3.727290E-4
2.167643E-1	2.412130E-4
2.152943E-1	4.261600E-5
2.145188E-1	1.544700E-4
2.129365E-1	1.110400E-4
2.113226E-1	1.245180E-4
2.097239E-1	8.430000E-6
2.081078E-1	9.115900E-5
2.064840E-1	1.240920E-4
2.048596E-1	3.637300E-4
2.032378E-1	2.328600E-4
2.016229E-1	2.979150E-4
2.000434E-1	2.570150E-4
1.984583E-1	1.002600E-4
1.968817E-1	2.737210E-4
1.953531E-1	2.232680E-4
1.938406E-1	2.038770E-4
1.923403E-1	3.658860E-4
1.908545E-1	1.500160E-4
1.893680E-1	2.967400E-4
1.879289E-1	1.059920E-4
1.865060E-1	2.886450E-4
1.851037E-1	2.482490E-4
1.837193E-1	1.771400E-4
1.824806E-1	5.501000E-5
1.817331E-1	2.327700E-4
1.815814E-1	1.992290E-4
1.820377E-1	2.186590E-4
1.825631E-1	2.072340E-4
1.831719E-1	2.134180E-4
1.838957E-1	1.607700E-4
1.845517E-1	3.341020E-4
1.850801E-1	5.996800E-5
1.855294E-1	8.065000E-5
1.862189E-1	5.534600E-5
1.868792E-1	2.228680E-4
1.874331E-1	2.365140E-4
1.879943E-1	1.150040E-4
1.884579E-1	1.470470E-4
1.887997E-1	3.836900E-4
1.890734E-1	1.427860E-4
1.893438E-1	2.475000E-4
1.895784E-1	9.108100E-5
1.897885E-1	1.418180E-4
1.899412E-1	2.595200E-4
1.900973E-1	5.263500E-5
1.902304E-1	4.101600E-5
1.903268E-1	6.233000E-5
1.904047E-1	1.655730E-4
1.904367E-1	1.593500E-4
1.903797E-1	4.960100E-5
1.902267E-1	1.558250E-4
1.899926E-1	1.932390E-4
1.896907E-1	1.448780E-4
1.891496E-1	2.239900E-5
1.889445E-1	1.218330E-4
1.885163E-1	2.714490E-4
1.880362E-1	4.174110E-4
1.875428E-1	3.056350E-4
1.870430E-1	2.433560E-4
1.865144E-1	2.503790E-4
1.859839E-1	1.881270E-4
1.851761E-1	2.922600E-4
1.848843E-1	2.981210E-4
1.843236E-1	1.310380E-4
1.837803E-1	-6.078100E-5
1.832125E-1	3.844600E-5
1.826559E-1	2.897680E-4
1.820805E-1	3.321780E-4
1.815149E-1	2.944550E-4
1.809480E-1	2.600620E-4
1.804012E-1	2.689830E-4
1.798363E-1	3.159630E-4
1.792772E-1	4.522810E-4
1.787402E-1	9.966600E-5
1.781722E-1	-9.644000E-6
1.776257E-1	1.937940E-4
1.770663E-1	1.981320E-4
1.765409E-1	2.257730E-4
1.761130E-1	3.740590E-4
1.758767E-1	3.896280E-4
1.758459E-1	6.217660E-4
1.759624E-1	6.886920E-4
1.762063E-1	5.055610E-4
1.765527E-1	3.624140E-4
1.768495E-1	2.327310E-4
1.772026E-1	9.326300E-5
1.775756E-1	4.359800E-5
1.778921E-1	2.173290E-4
1.781316E-1	1.923220E-4
1.782757E-1	2.520060E-4
1.783791E-1	2.782010E-4
1.784221E-1	2.888130E-4
1.784299E-1	2.527030E-4
1.784199E-1	7.633800E-5
1.783826E-1	1.127060E-4
1.782897E-1	2.003270E-4
1.781698E-1	-7.088000E-6
1.780452E-1	1.160360E-4
1.778830E-1	1.227240E-4
1.776934E-1	3.548610E-4
1.774777E-1	3.074030E-4
1.772364E-1	2.460420E-4
1.769912E-1	2.460290E-4
1.767158E-1	1.552570E-4
1.764583E-1	3.860650E-4
1.761788E-1	2.943770E-4
1.759173E-1	4.567350E-4
1.756433E-1	5.635410E-4
1.753724E-1	1.355230E-3
1.750966E-1	4.666868E-3
1.748423E-1	2.518557E-2
1.745888E-1	1.449371E-1
1.743048E-1	3.488784E-1
1.740557E-1	4.953987E-1
1.738182E-1	5.570956E-1
1.735861E-1	5.786650E-1
1.733673E-1	5.865676E-1
1.731671E-1	5.897456E-1
1.729942E-1	5.910883E-1
1.728213E-1	5.918136E-1
1.726774E-1	5.920110E-1
1.725417E-1	5.923790E-1
1.724258E-1	5.928235E-1
1.723192E-1	5.928212E-1
1.722106E-1	5.928920E-1
1.721368E-1	5.930211E-1
1.720507E-1	5.931850E-1
1.719786E-1	5.933146E-1
1.718857E-1	5.932781E-1
1.718433E-1	5.932919E-1
1.717820E-1	5.932188E-1
1.717311E-1	5.935278E-1
1.716564E-1	5.935814E-1
1.716320E-1	5.934443E-1
1.715944E-1	5.934972E-1
1.715573E-1	5.936143E-1
1.715279E-1	5.936264E-1
1.714984E-1	5.936526E-1
1.714725E-1	5.936665E-1
1.714683E-1	5.936273E-1
1.714657E-1	5.934306E-1
1.714780E-1	5.935354E-1
1.714993E-1	5.934622E-1
1.715221E-1	5.936668E-1
1.715389E-1	5.935111E-1
1.715637E-1	5.934262E-1
1.715831E-1	5.936144E-1
1.716113E-1	5.936351E-1
1.716271E-1	5.935569E-1
1.716372E-1	5.934183E-1
1.716487E-1	5.934352E-1
1.716622E-1	5.936740E-1
1.716725E-1	5.934325E-1
1.716841E-1	5.934239E-1
1.716905E-1	5.934479E-1
1.717047E-1	5.934183E-1
1.717051E-1	5.935637E-1
1.717148E-1	5.934644E-1
1.717249E-1	5.934444E-1
1.717384E-1	5.935044E-1
1.717523E-1	5.932857E-1
1.717520E-1	5.934645E-1
1.717595E-1	5.935496E-1
1.717660E-1	5.936484E-1
1.717608E-1	5.935352E-1
1.717641E-1	5.936174E-1
1.717648E-1	5.933283E-1
1.717712E-1	5.933505E-1
1.717771E-1	5.934823E-1
1.717760E-1	5.935548E-1
1.717843E-1	5.934073E-1
1.717833E-1	5.934199E-1
1.717855E-1	5.934395E-1
1.718025E-1	5.933492E-1
1.718236E-1	5.933428E-1
1.718342E-1	5.935516E-1
1.718573E-1	5.935184E-1
1.718884E-1	5.935352E-1
1.719296E-1	5.934105E-1
1.719617E-1	5.935268E-1
1.720001E-1	5.933867E-1
1.720412E-1	5.933700E-1
1.720774E-1	5.932161E-1
1.721210E-1	5.932891E-1
1.721546E-1	5.931659E-1
1.721839E-1	5.932752E-1
1.722247E-1	5.931751E-1
1.722626E-1	5.930182E-1
1.723216E-1	5.930906E-1
1.723395E-1	5.931889E-1
1.723698E-1	5.930936E-1
1.724210E-1	5.930278E-1
1.724452E-1	5.930778E-1
1.724804E-1	5.929941E-1
1.725316E-1	5.929977E-1
1.725724E-1	5.929165E-1
1.726411E-1	5.928762E-1
1.726704E-1	5.927286E-1
1.727298E-1	5.926862E-1
1.728011E-1	5.927443E-1
1.728688E-1	5.925016E-1
1.729652E-1	5.925696E-1
1.730330E-1	5.924098E-1
1.731467E-1	5.923158E-1
1.731920E-1	5.918641E-1
1.732574E-1	5.919086E-1
1.733452E-1	5.916640E-1
1.734163E-1	5.911682E-1
1.735012E-1	5.907585E-1
1.735795E-1	5.903373E-1
1.736548E-1	5.897571E-1
1.737344E-1	5.892181E-1
1.738106E-1	5.882487E-1
1.738911E-1	5.871246E-1
1.739801E-1	5.857075E-1
1.740581E-1	5.837106E-1
1.741897E-1	5.821844E-1
1.742288E-1	5.738064E-1
1.743151E-1	5.613454E-1
1.743984E-1	5.390544E-1
1.744864E-1	5.018588E-1
1.745686E-1	4.464685E-1
1.746504E-1	3.738834E-1
1.747368E-1	2.913690E-1
1.748170E-1	2.115412E-1
1.749028E-1	1.434057E-1
1.749805E-1	8.880607E-2
1.750477E-1	5.309128E-2
1.751219E-1	3.137591E-2
1.752064E-1	1.911169E-2
1.752492E-1	1.252866E-2
1.752914E-1	9.250130E-3
1.753227E-1	7.138904E-3
1.751743E-1	6.035653E-3
1.750747E-1	5.650427E-3
1.750693E-1	4.990990E-3
