-1.250000E+5	-1.250000E+5	1.248863E+0	5.118449E-3
-1.000000E+5	-1.250000E+5	1.786228E+0	9.874492E-3
-7.500000E+4	-1.250000E+5	2.367086E+0	6.682817E-3
-5.000000E+4	-1.250000E+5	2.947046E+0	4.843628E-3
-2.500000E+4	-1.250000E+5	3.443619E+0	5.754489E-3
0.000000E+0	-1.250000E+5	3.761317E+0	6.236000E-3
2.500000E+4	-1.250000E+5	3.831328E+0	6.685143E-3
5.000000E+4	-1.250000E+5	3.629406E+0	7.190094E-3
7.500000E+4	-1.250000E+5	3.172752E+0	5.008379E-3
1.000000E+5	-1.250000E+5	2.555760E+0	4.914117E-3
1.250000E+5	-1.250000E+5	1.870084E+0	7.667996E-3
-1.250000E+5	-1.000000E+5	1.672779E+0	1.176001E-2
-1.000000E+5	-1.000000E+5	2.337729E+0	6.168161E-3
-7.500000E+4	-1.000000E+5	3.074804E+0	4.772625E-2
-5.000000E+4	-1.000000E+5	3.728787E+0	1.415442E-2
-2.500000E+4	-1.000000E+5	4.234342E+0	1.588558E-2
0.000000E+0	-1.000000E+5	4.554316E+0	1.023990E-2
2.500000E+4	-1.000000E+5	4.575052E+0	6.014973E-3
5.000000E+4	-1.000000E+5	4.307987E+0	5.706802E-3
7.500000E+4	-1.000000E+5	3.774922E+0	1.709495E-2
1.000000E+5	-1.000000E+5	3.062310E+0	6.232590E-3
1.250000E+5	-1.000000E+5	2.290265E+0	1.046438E-2
-1.250000E+5	-7.500000E+4	2.122946E+0	8.151779E-3
-1.000000E+5	-7.500000E+4	2.918203E+0	1.988616E-2
-7.500000E+4	-7.500000E+4	3.712713E+0	1.764231E-2
-5.000000E+4	-7.500000E+4	4.443556E+0	6.523203E-3
-2.500000E+4	-7.500000E+4	4.963599E+0	1.151754E-2
0.000000E+0	-7.500000E+4	5.248567E+0	4.748738E-3
2.500000E+4	-7.500000E+4	5.200998E+0	8.531343E-3
5.000000E+4	-7.500000E+4	4.855924E+0	8.839570E-3
7.500000E+4	-7.500000E+4	4.241777E+0	6.044584E-3
1.000000E+5	-7.500000E+4	3.441782E+0	8.132088E-3
1.250000E+5	-7.500000E+4	2.603272E+0	9.468102E-3
-1.250000E+5	-5.000000E+4	2.504641E+0	7.055793E-3
-1.000000E+5	-5.000000E+4	3.387044E+0	7.243014E-3
-7.500000E+4	-5.000000E+4	4.256674E+0	2.134077E-2
-5.000000E+4	-5.000000E+4	4.969007E+0	1.661944E-2
-2.500000E+4	-5.000000E+4	5.504959E+0	1.766097E-2
0.000000E+0	-5.000000E+4	5.758380E+0	6.108167E-3
2.500000E+4	-5.000000E+4	5.653444E+0	1.326687E-2
5.000000E+4	-5.000000E+4	5.229054E+0	6.295327E-3
7.500000E+4	-5.000000E+4	4.522321E+0	1.097565E-2
1.000000E+5	-5.000000E+4	3.688194E+0	9.529791E-3
1.250000E+5	-5.000000E+4	2.784956E+0	7.712823E-3
-1.250000E+5	-2.500000E+4	2.777827E+0	5.397171E-3
-1.000000E+5	-2.500000E+4	3.719445E+0	7.410826E-3
-7.500000E+4	-2.500000E+4	4.609326E+0	1.037710E-2
-5.000000E+4	-2.500000E+4	5.318697E+0	7.037720E-3
-2.500000E+4	-2.500000E+4	5.834028E+0	6.906321E-3
0.000000E+0	-2.500000E+4	6.015402E+0	5.251667E-3
2.500000E+4	-2.500000E+4	5.855270E+0	1.607077E-2
5.000000E+4	-2.500000E+4	5.389041E+0	6.463731E-3
7.500000E+4	-2.500000E+4	4.620904E+0	7.634091E-3
1.000000E+5	-2.500000E+4	3.757550E+0	1.846151E-2
1.250000E+5	-2.500000E+4	2.836982E+0	5.894530E-3
-1.250000E+5	0.000000E+0	2.883124E+0	6.350485E-3
-1.000000E+5	0.000000E+0	3.794779E+0	6.992756E-3
-7.500000E+4	0.000000E+0	4.657447E+0	5.779519E-3
-5.000000E+4	0.000000E+0	5.357340E+0	7.017086E-3
-2.500000E+4	0.000000E+0	5.837126E+0	6.181282E-3
0.000000E+0	0.000000E+0	5.990968E+0	1.239761E-2
2.500000E+4	0.000000E+0	5.801842E+0	1.222658E-2
5.000000E+4	0.000000E+0	5.279896E+0	5.093411E-3
7.500000E+4	0.000000E+0	4.517618E+0	6.926852E-3
1.000000E+5	0.000000E+0	3.642654E+0	5.673246E-3
1.250000E+5	0.000000E+0	2.749047E+0	5.931413E-3
-1.250000E+5	2.500000E+4	2.772309E+0	1.527140E-2
-1.000000E+5	2.500000E+4	3.631844E+0	7.568266E-3
-7.500000E+4	2.500000E+4	4.410956E+0	7.706536E-3
-5.000000E+4	2.500000E+4	5.014060E+0	8.009794E-3
-2.500000E+4	2.500000E+4	5.413184E+0	1.392475E-2
0.000000E+0	2.500000E+4	5.558118E+0	5.062034E-3
2.500000E+4	2.500000E+4	5.339767E+0	1.436926E-2
5.000000E+4	2.500000E+4	4.832479E+0	2.077864E-2
7.500000E+4	2.500000E+4	4.147492E+0	6.926829E-3
1.000000E+5	2.500000E+4	3.313159E+0	1.660187E-2
1.250000E+5	2.500000E+4	2.500490E+0	1.663495E-2
-1.250000E+5	5.000000E+4	2.513711E+0	6.269316E-3
-1.000000E+5	5.000000E+4	3.189790E+0	8.450406E-3
-7.500000E+4	5.000000E+4	3.836861E+0	7.564762E-3
-5.000000E+4	5.000000E+4	4.364874E+0	7.054076E-3
-2.500000E+4	5.000000E+4	4.696176E+0	7.540774E-3
0.000000E+0	5.000000E+4	4.782361E+0	6.166888E-3
2.500000E+4	5.000000E+4	4.579342E+0	4.351691E-3
5.000000E+4	5.000000E+4	4.195441E+0	1.407045E-2
7.500000E+4	5.000000E+4	3.575098E+0	6.626854E-3
1.000000E+5	5.000000E+4	2.893144E+0	8.248610E-3
1.250000E+5	5.000000E+4	2.213105E+0	5.975779E-3
-1.250000E+5	7.500000E+4	2.121059E+0	1.655578E-2
-1.000000E+5	7.500000E+4	2.646717E+0	8.976649E-3
-7.500000E+4	7.500000E+4	3.273945E+0	4.444030E-1
-5.000000E+4	7.500000E+4	3.567809E+0	1.229279E-2
-2.500000E+4	7.500000E+4	3.816928E+0	2.031418E-2
0.000000E+0	7.500000E+4	3.845248E+0	4.683445E-3
2.500000E+4	7.500000E+4	3.701262E+0	7.361079E-3
5.000000E+4	7.500000E+4	3.409242E+0	1.218661E-2
7.500000E+4	7.500000E+4	2.921767E+0	4.683118E-3
1.000000E+5	7.500000E+4	2.403961E+0	9.195041E-3
1.250000E+5	7.500000E+4	1.866619E+0	8.944984E-3
-1.250000E+5	1.000000E+5	1.644748E+0	6.921160E-3
-1.000000E+5	1.000000E+5	2.063944E+0	7.171791E-3
-7.500000E+4	1.000000E+5	2.482366E+0	1.872542E-2
-5.000000E+4	1.000000E+5	2.760538E+0	8.520484E-3
-2.500000E+4	1.000000E+5	2.934461E+0	1.527109E-2
0.000000E+0	1.000000E+5	2.921707E+0	9.088119E-3
2.500000E+4	1.000000E+5	2.825823E+0	5.905259E-3
5.000000E+4	1.000000E+5	2.603382E+0	4.831645E-3
7.500000E+4	1.000000E+5	2.274282E+0	7.693183E-3
1.000000E+5	1.000000E+5	1.907882E+0	6.805215E-3
1.250000E+5	1.000000E+5	1.538097E+0	6.584839E-3
-1.250000E+5	1.250000E+5	1.187731E+0	7.130100E-3
-1.000000E+5	1.250000E+5	1.505518E+0	5.692145E-3
-7.500000E+4	1.250000E+5	1.803988E+0	6.620204E-3
-5.000000E+4	1.250000E+5	2.030045E+0	7.803171E-3
-2.500000E+4	1.250000E+5	2.144445E+0	8.157422E-3
0.000000E+0	1.250000E+5	2.132371E+0	8.158004E-3
2.500000E+4	1.250000E+5	2.055673E+0	7.120050E-3
5.000000E+4	1.250000E+5	1.905435E+0	1.026350E-2
7.500000E+4	1.250000E+5	1.697775E+0	5.332771E-3
1.000000E+5	1.250000E+5	1.443456E+0	1.008661E-2
1.250000E+5	1.250000E+5	1.210576E+0	5.582272E-3
