-3.000000E+5	-3.000000E+5	9.068086E-1	6.838155E-2
-2.000000E+5	-3.000000E+5	7.345537E-1	3.396726E-2
-1.000000E+5	-3.000000E+5	7.223040E-1	7.106949E-2
0.000000E+0	-3.000000E+5	7.920551E-1	3.599199E-2
1.000000E+5	-3.000000E+5	6.909444E-1	3.782764E-2
2.000000E+5	-3.000000E+5	7.230734E-1	5.073666E-2
3.000000E+5	-3.000000E+5	5.814586E-1	5.023224E-2
-3.000000E+5	-2.000000E+5	7.880473E-1	5.678791E-2
-2.000000E+5	-2.000000E+5	9.534314E-1	5.271937E-2
-1.000000E+5	-2.000000E+5	1.140221E+0	3.727159E-2
0.000000E+0	-2.000000E+5	1.234060E+0	3.504631E-2
1.000000E+5	-2.000000E+5	7.917522E-1	4.352086E-2
2.000000E+5	-2.000000E+5	7.571212E-1	3.738559E-2
3.000000E+5	-2.000000E+5	5.962144E-1	4.818031E-2
-3.000000E+5	-1.000000E+5	7.193838E-1	6.113469E-2
-2.000000E+5	-1.000000E+5	1.156446E+0	4.071609E-2
-1.000000E+5	-1.000000E+5	3.290500E+0	3.293449E-2
0.000000E+0	-1.000000E+5	4.193460E+0	8.503528E-2
1.000000E+5	-1.000000E+5	1.213226E+0	3.155741E-2
2.000000E+5	-1.000000E+5	7.391071E-1	8.949811E-2
3.000000E+5	-1.000000E+5	6.550161E-1	1.270954E-1
-3.000000E+5	0.000000E+0	8.575221E-1	1.266268E-1
-2.000000E+5	0.000000E+0	1.014255E+0	6.669760E-2
-1.000000E+5	0.000000E+0	3.471271E+0	9.310213E-2
0.000000E+0	0.000000E+0	4.292877E+0	5.888076E-2
1.000000E+5	0.000000E+0	1.754267E+0	6.311781E-2
2.000000E+5	0.000000E+0	7.270195E-1	5.710536E-2
3.000000E+5	0.000000E+0	6.418414E-1	9.275952E-2
-3.000000E+5	1.000000E+5	7.386288E-1	5.421267E-2
-2.000000E+5	1.000000E+5	8.733804E-1	1.231283E-1
-1.000000E+5	1.000000E+5	1.057072E+0	6.668935E-2
0.000000E+0	1.000000E+5	1.594730E+0	1.453930E-1
1.000000E+5	1.000000E+5	1.233357E+0	1.424417E-1
2.000000E+5	1.000000E+5	9.034092E-1	8.148103E-2
3.000000E+5	1.000000E+5	8.048025E-1	1.325274E-1
-3.000000E+5	2.000000E+5	7.499087E-1	1.591302E-1
-2.000000E+5	2.000000E+5	8.971084E-1	1.246085E-1
-1.000000E+5	2.000000E+5	9.743402E-1	1.716229E-1
0.000000E+0	2.000000E+5	9.195514E-1	9.758105E-2
1.000000E+5	2.000000E+5	1.064204E+0	1.752630E-1
2.000000E+5	2.000000E+5	7.657965E-1	1.098468E-1
3.000000E+5	2.000000E+5	7.871040E-1	2.002078E-1
-3.000000E+5	3.000000E+5	8.398696E-1	1.200639E-1
-2.000000E+5	3.000000E+5	6.708917E-1	1.030732E-1
-1.000000E+5	3.000000E+5	7.194103E-1	1.110509E-1
0.000000E+0	3.000000E+5	8.003272E-1	1.951493E-1
1.000000E+5	3.000000E+5	6.659600E-1	1.763798E-1
2.000000E+5	3.000000E+5	7.335630E-1	8.199904E-2
3.000000E+5	3.000000E+5	7.375748E-1	1.543196E-1
