-3.000000E+5	-3.000000E+5	9.921136E-1	1.900257E-2
-2.875000E+5	-3.000000E+5	9.132955E-1	8.253135E-2
-2.750000E+5	-3.000000E+5	8.800508E-1	4.358259E-2
-2.625000E+5	-3.000000E+5	8.106842E-1	2.495595E-2
-2.500000E+5	-3.000000E+5	8.314909E-1	2.537320E-2
-2.375000E+5	-3.000000E+5	8.653562E-1	4.535739E-2
-2.250000E+5	-3.000000E+5	7.861204E-1	2.576962E-2
-2.125000E+5	-3.000000E+5	7.911281E-1	4.950390E-2
-2.000000E+5	-3.000000E+5	7.138229E-1	3.095276E-2
-1.875000E+5	-3.000000E+5	7.551810E-1	3.657643E-2
-1.750000E+5	-3.000000E+5	8.100126E-1	3.164477E-2
-1.625000E+5	-3.000000E+5	8.058126E-1	4.892474E-2
-1.500000E+5	-3.000000E+5	7.468779E-1	4.760764E-2
-1.375000E+5	-3.000000E+5	8.124071E-1	3.554268E-2
-1.250000E+5	-3.000000E+5	8.580575E-1	4.744123E-2
-1.125000E+5	-3.000000E+5	7.712086E-1	4.261890E-2
-1.000000E+5	-3.000000E+5	7.920878E-1	2.609405E-2
-8.750000E+4	-3.000000E+5	7.868210E-1	2.482946E-2
-7.500000E+4	-3.000000E+5	8.105077E-1	3.933364E-2
-6.250000E+4	-3.000000E+5	7.945092E-1	3.815453E-2
-5.000000E+4	-3.000000E+5	8.130674E-1	2.774633E-2
-3.750000E+4	-3.000000E+5	8.281170E-1	3.411478E-2
-2.500000E+4	-3.000000E+5	8.779939E-1	1.791989E-2
-1.250000E+4	-3.000000E+5	8.747755E-1	4.215894E-2
0.000000E+0	-3.000000E+5	8.893350E-1	4.828077E-2
1.250000E+4	-3.000000E+5	7.785730E-1	3.861983E-2
2.500000E+4	-3.000000E+5	8.448828E-1	2.719567E-2
3.750000E+4	-3.000000E+5	8.393000E-1	3.844245E-2
5.000000E+4	-3.000000E+5	8.451505E-1	2.232444E-2
6.250000E+4	-3.000000E+5	8.472992E-1	1.566212E-2
7.500000E+4	-3.000000E+5	8.355579E-1	2.728485E-2
8.750000E+4	-3.000000E+5	7.865722E-1	6.390588E-2
1.000000E+5	-3.000000E+5	7.735709E-1	3.245046E-2
1.125000E+5	-3.000000E+5	7.411624E-1	4.011595E-2
1.250000E+5	-3.000000E+5	7.754504E-1	2.707358E-2
1.375000E+5	-3.000000E+5	8.104929E-1	3.896655E-2
1.500000E+5	-3.000000E+5	7.869312E-1	4.173456E-2
1.625000E+5	-3.000000E+5	7.517550E-1	3.844972E-2
1.750000E+5	-3.000000E+5	8.038796E-1	2.894130E-2
1.875000E+5	-3.000000E+5	7.699323E-1	2.369338E-2
2.000000E+5	-3.000000E+5	7.515628E-1	1.899272E-2
2.125000E+5	-3.000000E+5	7.148952E-1	3.768672E-2
2.250000E+5	-3.000000E+5	6.963314E-1	2.980546E-2
2.375000E+5	-3.000000E+5	6.545108E-1	2.287950E-2
2.500000E+5	-3.000000E+5	6.377556E-1	4.034425E-2
2.625000E+5	-3.000000E+5	6.495623E-1	4.037828E-2
2.750000E+5	-3.000000E+5	5.990209E-1	3.875356E-2
2.875000E+5	-3.000000E+5	6.117163E-1	3.101020E-2
3.000000E+5	-3.000000E+5	6.610808E-1	3.296559E-2
-3.000000E+5	-2.875000E+5	8.981838E-1	4.644981E-2
-2.875000E+5	-2.875000E+5	9.332314E-1	2.545614E-2
-2.750000E+5	-2.875000E+5	7.959247E-1	6.750883E-2
-2.625000E+5	-2.875000E+5	8.035859E-1	3.313737E-2
-2.500000E+5	-2.875000E+5	8.197373E-1	5.388591E-2
-2.375000E+5	-2.875000E+5	7.310079E-1	3.228632E-2
-2.250000E+5	-2.875000E+5	7.435472E-1	2.460968E-2
-2.125000E+5	-2.875000E+5	7.603024E-1	8.679328E-2
-2.000000E+5	-2.875000E+5	7.753066E-1	4.788482E-2
-1.875000E+5	-2.875000E+5	7.917854E-1	3.306346E-2
-1.750000E+5	-2.875000E+5	7.484825E-1	2.947226E-2
-1.625000E+5	-2.875000E+5	8.039311E-1	4.128280E-2
-1.500000E+5	-2.875000E+5	8.275938E-1	3.671923E-2
-1.375000E+5	-2.875000E+5	8.322252E-1	2.650078E-2
-1.250000E+5	-2.875000E+5	8.029281E-1	4.935686E-2
-1.125000E+5	-2.875000E+5	7.830641E-1	1.945621E-2
-1.000000E+5	-2.875000E+5	7.807410E-1	3.070792E-2
-8.750000E+4	-2.875000E+5	7.899763E-1	2.188167E-2
-7.500000E+4	-2.875000E+5	7.936868E-1	2.704777E-2
-6.250000E+4	-2.875000E+5	8.179196E-1	2.823765E-2
-5.000000E+4	-2.875000E+5	8.442179E-1	2.673470E-2
-3.750000E+4	-2.875000E+5	8.874556E-1	2.570153E-2
-2.500000E+4	-2.875000E+5	8.553826E-1	3.120941E-2
-1.250000E+4	-2.875000E+5	8.616446E-1	3.817437E-2
0.000000E+0	-2.875000E+5	8.778083E-1	1.978789E-2
1.250000E+4	-2.875000E+5	8.738413E-1	2.624044E-2
2.500000E+4	-2.875000E+5	8.534358E-1	4.043622E-2
3.750000E+4	-2.875000E+5	8.557140E-1	4.073740E-2
5.000000E+4	-2.875000E+5	8.270421E-1	1.911179E-2
6.250000E+4	-2.875000E+5	8.106403E-1	4.649428E-2
7.500000E+4	-2.875000E+5	8.922787E-1	2.633256E-2
8.750000E+4	-2.875000E+5	8.615962E-1	2.480270E-2
1.000000E+5	-2.875000E+5	8.096164E-1	1.918550E-2
1.125000E+5	-2.875000E+5	8.300026E-1	3.469036E-2
1.250000E+5	-2.875000E+5	7.803117E-1	4.320435E-2
1.375000E+5	-2.875000E+5	7.824579E-1	3.670637E-2
1.500000E+5	-2.875000E+5	7.874314E-1	4.041793E-2
1.625000E+5	-2.875000E+5	7.852444E-1	6.237189E-2
1.750000E+5	-2.875000E+5	7.845265E-1	4.708371E-2
1.875000E+5	-2.875000E+5	7.602249E-1	2.717538E-2
2.000000E+5	-2.875000E+5	7.519595E-1	2.864631E-2
2.125000E+5	-2.875000E+5	7.374606E-1	2.715789E-2
2.250000E+5	-2.875000E+5	7.044969E-1	5.321993E-2
2.375000E+5	-2.875000E+5	7.140437E-1	2.429354E-2
2.500000E+5	-2.875000E+5	6.603399E-1	5.713737E-2
2.625000E+5	-2.875000E+5	6.247650E-1	3.400023E-2
2.750000E+5	-2.875000E+5	6.512001E-1	1.723123E-2
2.875000E+5	-2.875000E+5	6.750744E-1	3.025276E-2
3.000000E+5	-2.875000E+5	6.358619E-1	3.647928E-2
-3.000000E+5	-2.750000E+5	9.188151E-1	4.654540E-2
-2.875000E+5	-2.750000E+5	9.077137E-1	2.442423E-2
-2.750000E+5	-2.750000E+5	8.309265E-1	2.496408E-2
-2.625000E+5	-2.750000E+5	7.840227E-1	3.382624E-2
-2.500000E+5	-2.750000E+5	8.225132E-1	5.087341E-2
-2.375000E+5	-2.750000E+5	7.054555E-1	4.297673E-2
-2.250000E+5	-2.750000E+5	7.681222E-1	4.773665E-2
-2.125000E+5	-2.750000E+5	7.297260E-1	3.548723E-2
-2.000000E+5	-2.750000E+5	7.424846E-1	4.172670E-2
-1.875000E+5	-2.750000E+5	7.673588E-1	3.030047E-2
-1.750000E+5	-2.750000E+5	8.230180E-1	3.444938E-2
-1.625000E+5	-2.750000E+5	7.545243E-1	1.185463E-2
-1.500000E+5	-2.750000E+5	8.344025E-1	5.203142E-2
-1.375000E+5	-2.750000E+5	7.871341E-1	3.742205E-2
-1.250000E+5	-2.750000E+5	8.197664E-1	1.322943E-2
-1.125000E+5	-2.750000E+5	8.466731E-1	5.103299E-2
-1.000000E+5	-2.750000E+5	8.052487E-1	1.736140E-2
-8.750000E+4	-2.750000E+5	8.127706E-1	3.945212E-2
-7.500000E+4	-2.750000E+5	8.249786E-1	3.026538E-2
-6.250000E+4	-2.750000E+5	8.920059E-1	2.221777E-2
-5.000000E+4	-2.750000E+5	7.990351E-1	7.191553E-2
-3.750000E+4	-2.750000E+5	2.542619E+0	6.997537E+0
-2.500000E+4	-2.750000E+5	6.754543E+0	4.683764E+0
-1.250000E+4	-2.750000E+5	-4.960237E+0	4.809213E+0
0.000000E+0	-2.750000E+5	9.016230E-1	1.704800E-2
1.250000E+4	-2.750000E+5	8.787068E-1	3.379480E-2
2.500000E+4	-2.750000E+5	8.912787E-1	5.871532E-2
3.750000E+4	-2.750000E+5	8.735517E-1	2.631777E-2
5.000000E+4	-2.750000E+5	8.754832E-1	5.130447E-2
6.250000E+4	-2.750000E+5	8.176121E-1	4.548016E-2
7.500000E+4	-2.750000E+5	8.623881E-1	4.559971E-2
8.750000E+4	-2.750000E+5	8.608237E-1	5.464753E-2
1.000000E+5	-2.750000E+5	8.493791E-1	3.842891E-2
1.125000E+5	-2.750000E+5	8.528857E-1	3.477492E-2
1.250000E+5	-2.750000E+5	8.439844E-1	3.050750E-2
1.375000E+5	-2.750000E+5	8.330405E-1	4.558976E-2
1.500000E+5	-2.750000E+5	8.596968E-1	4.570753E-2
1.625000E+5	-2.750000E+5	7.816680E-1	4.269180E-2
1.750000E+5	-2.750000E+5	8.566033E-1	4.786390E-2
1.875000E+5	-2.750000E+5	7.976074E-1	3.705288E-2
2.000000E+5	-2.750000E+5	8.181327E-1	2.772466E-2
2.125000E+5	-2.750000E+5	7.597303E-1	2.735469E-2
2.250000E+5	-2.750000E+5	7.347062E-1	5.575360E-2
2.375000E+5	-2.750000E+5	6.853641E-1	3.401406E-2
2.500000E+5	-2.750000E+5	6.781914E-1	3.554582E-2
2.625000E+5	-2.750000E+5	6.459604E-1	5.764996E-2
2.750000E+5	-2.750000E+5	6.030435E-1	4.581201E-2
2.875000E+5	-2.750000E+5	6.700958E-1	6.448986E-2
3.000000E+5	-2.750000E+5	6.240884E-1	5.936580E-2
-3.000000E+5	-2.625000E+5	8.743538E-1	5.970334E-2
-2.875000E+5	-2.625000E+5	7.729432E-1	6.306744E-2
-2.750000E+5	-2.625000E+5	8.135707E-1	1.705878E-2
-2.625000E+5	-2.625000E+5	7.958804E-1	2.283696E-2
-2.500000E+5	-2.625000E+5	7.760174E-1	4.524309E-2
-2.375000E+5	-2.625000E+5	7.750363E-1	8.021940E-2
-2.250000E+5	-2.625000E+5	7.351283E-1	6.698652E-2
-2.125000E+5	-2.625000E+5	7.337649E-1	3.780084E-2
-2.000000E+5	-2.625000E+5	7.688737E-1	3.080855E-2
-1.875000E+5	-2.625000E+5	8.151197E-1	2.324107E-2
-1.750000E+5	-2.625000E+5	8.477755E-1	5.406488E-2
-1.625000E+5	-2.625000E+5	9.043703E-1	4.648655E-2
-1.500000E+5	-2.625000E+5	8.326668E-1	3.969052E-2
-1.375000E+5	-2.625000E+5	8.407369E-1	4.629055E-2
-1.250000E+5	-2.625000E+5	8.282195E-1	4.366906E-2
-1.125000E+5	-2.625000E+5	8.154711E-1	3.671627E-2
-1.000000E+5	-2.625000E+5	9.218980E-1	3.979665E-2
-8.750000E+4	-2.625000E+5	9.464907E-1	5.402577E-2
-7.500000E+4	-2.625000E+5	8.167570E-1	4.168344E-2
-6.250000E+4	-2.625000E+5	8.820272E-1	6.429888E-2
-5.000000E+4	-2.625000E+5	9.087819E-1	7.163005E-2
-3.750000E+4	-2.625000E+5	8.376194E-1	3.607238E-2
-2.500000E+4	-2.625000E+5	8.861915E-1	5.731824E-2
-1.250000E+4	-2.625000E+5	9.367614E-1	4.398012E-2
0.000000E+0	-2.625000E+5	9.310164E-1	5.151544E-2
1.250000E+4	-2.625000E+5	9.042199E-1	5.416988E-2
2.500000E+4	-2.625000E+5	9.043948E-1	4.104765E-2
3.750000E+4	-2.625000E+5	9.566341E-1	5.491030E-2
5.000000E+4	-2.625000E+5	8.672877E-1	9.547941E-2
6.250000E+4	-2.625000E+5	8.769405E-1	1.855728E-2
7.500000E+4	-2.625000E+5	8.884866E-1	6.498550E-2
8.750000E+4	-2.625000E+5	8.497503E-1	3.667732E-2
1.000000E+5	-2.625000E+5	8.468913E-1	5.400699E-2
1.125000E+5	-2.625000E+5	8.407588E-1	5.551187E-2
1.250000E+5	-2.625000E+5	7.726026E-1	4.996856E-2
1.375000E+5	-2.625000E+5	7.957651E-1	5.940980E-2
1.500000E+5	-2.625000E+5	8.497896E-1	4.572351E-2
1.625000E+5	-2.625000E+5	8.513595E-1	4.408749E-2
1.750000E+5	-2.625000E+5	8.369560E-1	1.387488E-1
1.875000E+5	-2.625000E+5	8.221695E-1	7.580886E-2
2.000000E+5	-2.625000E+5	8.363283E-1	5.442067E-2
2.125000E+5	-2.625000E+5	7.379068E-1	5.851719E-2
2.250000E+5	-2.625000E+5	7.555986E-1	5.695425E-2
2.375000E+5	-2.625000E+5	7.147050E-1	3.179353E-2
2.500000E+5	-2.625000E+5	6.538602E-1	5.191395E-2
2.625000E+5	-2.625000E+5	6.420326E-1	4.446570E-2
2.750000E+5	-2.625000E+5	6.214308E-1	2.125211E-2
2.875000E+5	-2.625000E+5	5.781285E-1	5.639529E-2
3.000000E+5	-2.625000E+5	5.556074E-1	5.281224E-2
-3.000000E+5	-2.500000E+5	9.330045E-1	5.579962E-2
-2.875000E+5	-2.500000E+5	7.949814E-1	7.084255E-2
-2.750000E+5	-2.500000E+5	7.926038E-1	5.753512E-2
-2.625000E+5	-2.500000E+5	8.101217E-1	5.373165E-2
-2.500000E+5	-2.500000E+5	6.834428E-1	7.413124E-2
-2.375000E+5	-2.500000E+5	7.313765E-1	6.032349E-2
-2.250000E+5	-2.500000E+5	9.138131E-1	5.660015E-2
-2.125000E+5	-2.500000E+5	7.872030E-1	5.836639E-2
-2.000000E+5	-2.500000E+5	7.803862E-1	3.296616E-2
-1.875000E+5	-2.500000E+5	9.170693E-1	6.077925E-2
-1.750000E+5	-2.500000E+5	8.876289E-1	5.057842E-2
-1.625000E+5	-2.500000E+5	9.043311E-1	3.448786E-2
-1.500000E+5	-2.500000E+5	8.143952E-1	6.180181E-2
-1.375000E+5	-2.500000E+5	9.191593E-1	7.461826E-2
-1.250000E+5	-2.500000E+5	9.567968E-1	2.828178E-2
-1.125000E+5	-2.500000E+5	9.201674E-1	7.788333E-2
-1.000000E+5	-2.500000E+5	9.875781E-1	7.015787E-2
-8.750000E+4	-2.500000E+5	9.128438E-1	8.786328E-2
-7.500000E+4	-2.500000E+5	9.775148E-1	1.228474E-1
-6.250000E+4	-2.500000E+5	8.852283E-1	5.666997E-2
-5.000000E+4	-2.500000E+5	1.050761E+0	4.980275E-2
-3.750000E+4	-2.500000E+5	9.996162E-1	7.212388E-2
-2.500000E+4	-2.500000E+5	1.050947E+0	1.043159E-1
-1.250000E+4	-2.500000E+5	9.531964E-1	5.454448E-2
0.000000E+0	-2.500000E+5	8.844961E-1	2.786135E-2
1.250000E+4	-2.500000E+5	8.793059E-1	7.133924E-2
2.500000E+4	-2.500000E+5	1.038609E+0	1.332880E-1
3.750000E+4	-2.500000E+5	8.858800E-1	4.193187E-2
5.000000E+4	-2.500000E+5	9.288468E-1	4.417899E-2
6.250000E+4	-2.500000E+5	8.456023E-1	9.421850E-2
7.500000E+4	-2.500000E+5	8.798586E-1	5.422595E-2
8.750000E+4	-2.500000E+5	8.884101E-1	9.869921E-2
1.000000E+5	-2.500000E+5	8.389905E-1	4.578838E-2
1.125000E+5	-2.500000E+5	8.500022E-1	1.248191E-1
1.250000E+5	-2.500000E+5	8.031438E-1	4.837755E-2
1.375000E+5	-2.500000E+5	8.543506E-1	7.362508E-2
1.500000E+5	-2.500000E+5	9.557443E-1	8.247648E-2
1.625000E+5	-2.500000E+5	8.668920E-1	1.463306E-1
1.750000E+5	-2.500000E+5	7.302986E-1	8.379073E-2
1.875000E+5	-2.500000E+5	8.523278E-1	8.086414E-2
2.000000E+5	-2.500000E+5	7.828785E-1	7.481986E-2
2.125000E+5	-2.500000E+5	8.628536E-1	7.529460E-2
2.250000E+5	-2.500000E+5	7.623955E-1	9.007647E-2
2.375000E+5	-2.500000E+5	7.861097E-1	7.686915E-2
2.500000E+5	-2.500000E+5	6.608208E-1	7.941868E-2
2.625000E+5	-2.500000E+5	6.040877E-1	4.870292E-2
2.750000E+5	-2.500000E+5	6.419562E-1	6.786830E-2
2.875000E+5	-2.500000E+5	6.288059E-1	5.829189E-2
3.000000E+5	-2.500000E+5	6.322651E-1	6.754539E-2
-3.000000E+5	-2.375000E+5	9.885913E-1	1.006080E-1
-2.875000E+5	-2.375000E+5	8.302983E-1	9.793136E-2
-2.750000E+5	-2.375000E+5	7.610611E-1	1.787020E-1
-2.625000E+5	-2.375000E+5	6.714658E-1	1.205354E-1
-2.500000E+5	-2.375000E+5	8.522717E-1	8.374407E-2
-2.375000E+5	-2.375000E+5	7.821968E-1	8.731299E-2
-2.250000E+5	-2.375000E+5	8.355043E-1	1.222468E-1
-2.125000E+5	-2.375000E+5	6.946034E-1	1.011750E-1
-2.000000E+5	-2.375000E+5	9.204789E-1	7.798580E-2
-1.875000E+5	-2.375000E+5	8.329620E-1	7.090049E-2
-1.750000E+5	-2.375000E+5	9.030686E-1	1.230070E-1
-1.625000E+5	-2.375000E+5	8.198684E-1	1.104408E-1
-1.500000E+5	-2.375000E+5	1.047924E+0	1.065755E-1
-1.375000E+5	-2.375000E+5	8.909774E-1	9.914194E-2
-1.250000E+5	-2.375000E+5	8.568695E-1	1.218216E-1
-1.125000E+5	-2.375000E+5	9.112187E-1	1.164023E-1
-1.000000E+5	-2.375000E+5	9.866491E-1	1.152931E-1
-8.750000E+4	-2.375000E+5	9.613205E-1	1.222107E-1
-7.500000E+4	-2.375000E+5	9.156477E-1	7.120477E-2
-6.250000E+4	-2.375000E+5	9.122304E-1	1.458537E-1
-5.000000E+4	-2.375000E+5	1.007386E+0	1.220700E-1
-3.750000E+4	-2.375000E+5	1.039180E+0	7.052158E-2
-2.500000E+4	-2.375000E+5	9.174114E-1	7.773035E-2
-1.250000E+4	-2.375000E+5	8.757876E-1	1.866897E-1
0.000000E+0	-2.375000E+5	1.042627E+0	8.589548E-2
1.250000E+4	-2.375000E+5	1.018959E+0	5.704539E-2
2.500000E+4	-2.375000E+5	8.426194E-1	1.124439E-1
3.750000E+4	-2.375000E+5	1.019279E+0	9.034434E-2
5.000000E+4	-2.375000E+5	7.869077E-1	9.890640E-2
6.250000E+4	-2.375000E+5	8.368831E-1	1.241951E-1
7.500000E+4	-2.375000E+5	7.540618E-1	1.297246E-1
8.750000E+4	-2.375000E+5	7.281193E-1	1.501128E-1
1.000000E+5	-2.375000E+5	6.887314E-1	1.440501E-1
1.125000E+5	-2.375000E+5	8.753792E-1	2.131510E-1
1.250000E+5	-2.375000E+5	9.271907E-1	1.345175E-1
1.375000E+5	-2.375000E+5	7.381892E-1	1.711565E-1
1.500000E+5	-2.375000E+5	8.655943E-1	1.507550E-1
1.625000E+5	-2.375000E+5	7.167012E-1	1.244746E-1
1.750000E+5	-2.375000E+5	8.695332E-1	7.882297E-2
1.875000E+5	-2.375000E+5	6.851525E-1	8.202085E-2
2.000000E+5	-2.375000E+5	6.766683E-1	1.327630E-1
2.125000E+5	-2.375000E+5	9.078085E-1	1.302432E-1
2.250000E+5	-2.375000E+5	6.987764E-1	1.454746E-1
2.375000E+5	-2.375000E+5	9.671548E-1	2.015509E-1
2.500000E+5	-2.375000E+5	7.179433E-1	1.693356E-1
2.625000E+5	-2.375000E+5	5.915244E-1	9.878520E-2
2.750000E+5	-2.375000E+5	7.325263E-1	2.144367E-1
2.875000E+5	-2.375000E+5	5.187486E-1	9.193713E-2
3.000000E+5	-2.375000E+5	7.007247E-1	9.576034E-2
-3.000000E+5	-2.250000E+5	8.178186E-1	1.727198E-1
-2.875000E+5	-2.250000E+5	8.964455E-1	1.264286E-1
-2.750000E+5	-2.250000E+5	8.513468E-1	1.410524E-1
-2.625000E+5	-2.250000E+5	6.554582E-1	9.720542E-2
-2.500000E+5	-2.250000E+5	9.352939E-1	1.544294E-1
-2.375000E+5	-2.250000E+5	9.395893E-1	2.064969E-1
-2.250000E+5	-2.250000E+5	9.568294E-1	1.455557E-1
-2.125000E+5	-2.250000E+5	7.774487E-1	1.204698E-1
-2.000000E+5	-2.250000E+5	1.034169E+0	2.532649E-1
-1.875000E+5	-2.250000E+5	1.008811E+0	1.295005E-1
-1.750000E+5	-2.250000E+5	9.613379E-1	1.645324E-1
-1.625000E+5	-2.250000E+5	8.202539E-1	1.170719E-1
-1.500000E+5	-2.250000E+5	1.058560E+0	1.006294E-1
-1.375000E+5	-2.250000E+5	9.543436E-1	1.191306E-1
-1.250000E+5	-2.250000E+5	8.402933E-1	2.102376E-1
-1.125000E+5	-2.250000E+5	1.138346E+0	1.678829E-1
-1.000000E+5	-2.250000E+5	8.162048E-1	8.670194E-2
-8.750000E+4	-2.250000E+5	9.411450E-1	1.582570E-1
-7.500000E+4	-2.250000E+5	1.117865E+0	2.690209E-1
-6.250000E+4	-2.250000E+5	8.124800E-1	1.459128E-1
-5.000000E+4	-2.250000E+5	1.009673E+0	1.853386E-1
-3.750000E+4	-2.250000E+5	1.005974E+0	1.723523E-1
-2.500000E+4	-2.250000E+5	1.097968E+0	1.018416E-1
-1.250000E+4	-2.250000E+5	1.121214E+0	1.301657E-1
0.000000E+0	-2.250000E+5	1.090407E+0	1.620502E-1
1.250000E+4	-2.250000E+5	1.296517E+0	1.663553E-1
2.500000E+4	-2.250000E+5	1.048249E+0	2.200737E-1
3.750000E+4	-2.250000E+5	1.128294E+0	1.379117E-1
5.000000E+4	-2.250000E+5	9.384165E-1	2.170581E-1
6.250000E+4	-2.250000E+5	8.787200E-1	1.708686E-1
7.500000E+4	-2.250000E+5	7.863387E-1	2.137565E-1
8.750000E+4	-2.250000E+5	8.258775E-1	1.453134E-1
1.000000E+5	-2.250000E+5	8.452795E-1	1.510666E-1
1.125000E+5	-2.250000E+5	6.475349E-1	2.193825E-1
1.250000E+5	-2.250000E+5	8.642206E-1	1.329781E-1
1.375000E+5	-2.250000E+5	6.834081E-1	2.247708E-1
1.500000E+5	-2.250000E+5	8.640524E-1	3.036284E-1
1.625000E+5	-2.250000E+5	9.046431E-1	3.220791E-1
1.750000E+5	-2.250000E+5	8.792763E-1	1.695871E-1
1.875000E+5	-2.250000E+5	9.542152E-1	3.482518E-1
2.000000E+5	-2.250000E+5	5.340189E-1	2.082256E-1
2.125000E+5	-2.250000E+5	6.945294E-1	1.781198E-1
2.250000E+5	-2.250000E+5	9.239126E-1	2.755479E-1
2.375000E+5	-2.250000E+5	8.628653E-1	1.933191E-1
2.500000E+5	-2.250000E+5	4.503175E-1	2.646358E-1
2.625000E+5	-2.250000E+5	4.939131E-1	1.832254E-1
2.750000E+5	-2.250000E+5	4.792312E-1	2.095339E-1
2.875000E+5	-2.250000E+5	6.336892E-1	1.788041E-1
3.000000E+5	-2.250000E+5	4.910791E-1	1.275961E-1
-3.000000E+5	-2.125000E+5	8.992775E-1	1.255686E-1
-2.875000E+5	-2.125000E+5	8.962217E-1	1.255741E-1
-2.750000E+5	-2.125000E+5	7.533887E-1	2.039588E-1
-2.625000E+5	-2.125000E+5	4.517605E-1	2.676882E-1
-2.500000E+5	-2.125000E+5	1.014375E+0	3.192231E-1
-2.375000E+5	-2.125000E+5	1.031604E+0	1.575620E-1
-2.250000E+5	-2.125000E+5	7.764074E-1	1.986556E-1
-2.125000E+5	-2.125000E+5	9.248069E-1	1.420283E-1
-2.000000E+5	-2.125000E+5	8.859718E-1	2.146467E-1
-1.875000E+5	-2.125000E+5	1.086593E+0	2.540513E-1
-1.750000E+5	-2.125000E+5	7.473164E-1	2.961601E-1
-1.625000E+5	-2.125000E+5	9.368236E-1	1.230896E-1
-1.500000E+5	-2.125000E+5	1.110315E+0	2.109941E-1
-1.375000E+5	-2.125000E+5	1.101958E+0	2.278134E-1
-1.250000E+5	-2.125000E+5	9.554364E-1	1.105320E-1
-1.125000E+5	-2.125000E+5	1.333771E+0	2.104510E-1
-1.000000E+5	-2.125000E+5	6.407054E-1	3.774750E-1
-8.750000E+4	-2.125000E+5	9.315309E-1	2.777686E-1
-7.500000E+4	-2.125000E+5	1.406954E+0	3.977974E-1
-6.250000E+4	-2.125000E+5	9.656332E-1	2.478743E-1
-5.000000E+4	-2.125000E+5	1.482817E+0	2.423726E-1
-3.750000E+4	-2.125000E+5	9.129315E-1	1.618404E-1
-2.500000E+4	-2.125000E+5	1.055973E+0	2.515604E-1
-1.250000E+4	-2.125000E+5	1.278521E+0	1.832877E-1
0.000000E+0	-2.125000E+5	1.525169E+0	3.404511E-1
1.250000E+4	-2.125000E+5	1.094432E+0	2.518917E-1
2.500000E+4	-2.125000E+5	1.064759E+0	2.909439E-1
3.750000E+4	-2.125000E+5	8.074606E-1	2.365084E-1
5.000000E+4	-2.125000E+5	9.484798E-1	2.254615E-1
6.250000E+4	-2.125000E+5	9.580995E-1	2.735648E-1
7.500000E+4	-2.125000E+5	8.522172E-1	1.395627E-1
8.750000E+4	-2.125000E+5	9.359548E-1	2.419559E-1
1.000000E+5	-2.125000E+5	8.620872E-1	1.655022E-1
1.125000E+5	-2.125000E+5	8.995151E-1	2.815836E-1
1.250000E+5	-2.125000E+5	9.634101E-1	2.766010E-1
1.375000E+5	-2.125000E+5	1.125473E+0	2.588732E-1
1.500000E+5	-2.125000E+5	8.770715E-1	2.698232E-1
1.625000E+5	-2.125000E+5	5.502678E-1	1.950826E-1
1.750000E+5	-2.125000E+5	8.973078E-1	3.021227E-1
1.875000E+5	-2.125000E+5	7.693984E-1	3.747097E-1
2.000000E+5	-2.125000E+5	6.535991E-1	2.590824E-1
2.125000E+5	-2.125000E+5	5.776537E-1	2.903958E-1
2.250000E+5	-2.125000E+5	6.257241E-1	2.134570E-1
2.375000E+5	-2.125000E+5	5.524144E-1	2.665036E-1
2.500000E+5	-2.125000E+5	5.215515E-1	1.856190E-1
2.625000E+5	-2.125000E+5	8.609252E-1	4.208084E-1
2.750000E+5	-2.125000E+5	1.569894E-1	3.124062E-1
2.875000E+5	-2.125000E+5	7.407999E-1	1.821980E-1
3.000000E+5	-2.125000E+5	6.653384E-1	3.516155E-1
-3.000000E+5	-2.000000E+5	9.310358E-1	4.578798E-1
-2.875000E+5	-2.000000E+5	8.627572E-1	1.532815E-1
-2.750000E+5	-2.000000E+5	5.128006E-1	2.634046E-1
-2.625000E+5	-2.000000E+5	9.868138E-1	3.272521E-1
-2.500000E+5	-2.000000E+5	1.122077E+0	3.041140E-1
-2.375000E+5	-2.000000E+5	1.184550E+0	3.581433E-1
-2.250000E+5	-2.000000E+5	5.030127E-1	2.942830E-1
-2.125000E+5	-2.000000E+5	8.237793E-1	4.382883E-1
-2.000000E+5	-2.000000E+5	8.068467E-1	2.836682E-1
-1.875000E+5	-2.000000E+5	9.964284E-1	2.669422E-1
-1.750000E+5	-2.000000E+5	1.030281E+0	4.771488E-1
-1.625000E+5	-2.000000E+5	1.044792E+0	4.275202E-1
-1.500000E+5	-2.000000E+5	9.408406E-1	3.035249E-1
-1.375000E+5	-2.000000E+5	7.178439E-1	3.474443E-1
-1.250000E+5	-2.000000E+5	1.067787E+0	1.506592E-1
-1.125000E+5	-2.000000E+5	1.176097E+0	2.107721E-1
-1.000000E+5	-2.000000E+5	8.441185E-1	2.836574E-1
-8.750000E+4	-2.000000E+5	1.323672E+0	2.793412E-1
-7.500000E+4	-2.000000E+5	1.011505E+0	3.055479E-1
-6.250000E+4	-2.000000E+5	1.384843E+0	3.564268E-1
-5.000000E+4	-2.000000E+5	1.774016E+0	2.719255E-1
-3.750000E+4	-2.000000E+5	1.435163E+0	2.256895E-1
-2.500000E+4	-2.000000E+5	1.085636E+0	4.194930E-1
-1.250000E+4	-2.000000E+5	1.152590E+0	3.316396E-1
0.000000E+0	-2.000000E+5	9.045432E-1	1.870838E-1
1.250000E+4	-2.000000E+5	1.571920E+0	3.384394E-1
2.500000E+4	-2.000000E+5	9.771503E-1	2.513286E-1
3.750000E+4	-2.000000E+5	1.035748E+0	2.541772E-1
5.000000E+4	-2.000000E+5	8.460245E-1	4.830576E-1
6.250000E+4	-2.000000E+5	1.075372E+0	2.224794E-1
7.500000E+4	-2.000000E+5	6.214548E-1	2.048062E-1
8.750000E+4	-2.000000E+5	9.878662E-1	2.136438E-1
1.000000E+5	-2.000000E+5	6.173726E-1	3.639119E-1
1.125000E+5	-2.000000E+5	5.864331E-1	4.722746E-1
1.250000E+5	-2.000000E+5	8.496917E-1	5.960837E-1
1.375000E+5	-2.000000E+5	6.631841E-1	4.448974E-1
1.500000E+5	-2.000000E+5	7.450810E-1	5.272491E-1
1.625000E+5	-2.000000E+5	3.114230E-1	5.616515E-1
1.750000E+5	-2.000000E+5	1.136582E+0	1.618973E-1
1.875000E+5	-2.000000E+5	3.578031E-1	1.412598E-1
2.000000E+5	-2.000000E+5	5.544820E-1	5.541783E-1
2.125000E+5	-2.000000E+5	8.366796E-1	5.034079E-1
2.250000E+5	-2.000000E+5	4.570604E-1	4.052899E-1
2.375000E+5	-2.000000E+5	5.208713E-1	5.333012E-1
2.500000E+5	-2.000000E+5	7.680956E-1	3.703937E-1
2.625000E+5	-2.000000E+5	5.551679E-1	2.306396E-1
2.750000E+5	-2.000000E+5	4.539480E-1	3.331163E-1
2.875000E+5	-2.000000E+5	5.218079E-1	5.916866E-1
3.000000E+5	-2.000000E+5	-1.530480E-1	5.968283E-1
-3.000000E+5	-1.875000E+5	8.125045E-1	3.105340E-1
-2.875000E+5	-1.875000E+5	8.286320E-1	3.430124E-1
-2.750000E+5	-1.875000E+5	5.877986E-1	5.020462E-1
-2.625000E+5	-1.875000E+5	8.579209E-1	3.796517E-1
-2.500000E+5	-1.875000E+5	1.084818E+0	1.374297E-1
-2.375000E+5	-1.875000E+5	2.838764E-1	3.457907E-1
-2.250000E+5	-1.875000E+5	1.012262E+0	4.114832E-1
-2.125000E+5	-1.875000E+5	1.223293E+0	5.324073E-1
-2.000000E+5	-1.875000E+5	1.327128E+0	5.299349E-1
-1.875000E+5	-1.875000E+5	7.555323E-1	4.694852E-1
-1.750000E+5	-1.875000E+5	8.832229E-1	1.854309E-1
-1.625000E+5	-1.875000E+5	1.505915E+0	5.848633E-1
-1.500000E+5	-1.875000E+5	1.101935E+0	3.102568E-1
-1.375000E+5	-1.875000E+5	1.089449E+0	6.056242E-1
-1.250000E+5	-1.875000E+5	4.237209E-1	5.021903E-1
-1.125000E+5	-1.875000E+5	1.110310E+0	4.856802E-1
-1.000000E+5	-1.875000E+5	1.498917E+0	3.995779E-1
-8.750000E+4	-1.875000E+5	1.755085E+0	4.372297E-1
-7.500000E+4	-1.875000E+5	1.326539E+0	2.188717E-1
-6.250000E+4	-1.875000E+5	1.343579E+0	4.098150E-1
-5.000000E+4	-1.875000E+5	1.183805E+0	4.334245E-1
-3.750000E+4	-1.875000E+5	1.896439E+0	4.668305E-1
-2.500000E+4	-1.875000E+5	1.345096E+0	2.862786E-1
-1.250000E+4	-1.875000E+5	1.031383E+0	3.314891E-1
0.000000E+0	-1.875000E+5	7.865569E-1	3.313086E-1
1.250000E+4	-1.875000E+5	9.304076E-1	4.125922E-1
2.500000E+4	-1.875000E+5	8.987681E-1	4.405335E-1
3.750000E+4	-1.875000E+5	1.113523E+0	3.652269E-1
5.000000E+4	-1.875000E+5	9.615255E-1	3.988437E-1
6.250000E+4	-1.875000E+5	8.220324E-1	3.059418E-1
7.500000E+4	-1.875000E+5	5.427947E-1	5.485683E-1
8.750000E+4	-1.875000E+5	4.637854E-1	4.470051E-1
1.000000E+5	-1.875000E+5	7.631925E-1	4.552005E-1
1.125000E+5	-1.875000E+5	1.000219E+0	4.790849E-1
1.250000E+5	-1.875000E+5	1.161873E+0	5.012491E-1
1.375000E+5	-1.875000E+5	4.949125E-1	5.152344E-1
1.500000E+5	-1.875000E+5	6.502078E-1	4.399973E-1
1.625000E+5	-1.875000E+5	1.100118E+0	2.387594E-1
1.750000E+5	-1.875000E+5	8.126987E-1	5.423469E-1
1.875000E+5	-1.875000E+5	7.871219E-1	3.585268E-1
2.000000E+5	-1.875000E+5	4.406448E-1	3.750380E-1
2.125000E+5	-1.875000E+5	7.063774E-1	7.109154E-1
2.250000E+5	-1.875000E+5	3.394555E-1	4.470376E-1
2.375000E+5	-1.875000E+5	9.703885E-1	5.281567E-1
2.500000E+5	-1.875000E+5	1.040461E+0	3.213308E-1
2.625000E+5	-1.875000E+5	3.113720E-1	3.138064E-1
2.750000E+5	-1.875000E+5	2.137372E-1	3.751114E-1
2.875000E+5	-1.875000E+5	2.433974E-3	3.014393E-1
3.000000E+5	-1.875000E+5	2.610933E-1	5.333781E-1
-3.000000E+5	-1.750000E+5	3.219029E-1	2.727562E-1
-2.875000E+5	-1.750000E+5	7.862464E-1	8.104234E-1
-2.750000E+5	-1.750000E+5	6.144116E-1	6.926270E-1
-2.625000E+5	-1.750000E+5	2.269614E-1	6.920771E-1
-2.500000E+5	-1.750000E+5	8.774616E-1	5.557747E-1
-2.375000E+5	-1.750000E+5	1.180326E+0	7.887617E-1
-2.250000E+5	-1.750000E+5	8.678368E-1	2.699213E-1
-2.125000E+5	-1.750000E+5	8.006984E-1	2.529278E-1
-2.000000E+5	-1.750000E+5	6.783550E-1	2.733544E-1
-1.875000E+5	-1.750000E+5	1.101517E+0	7.098825E-1
-1.750000E+5	-1.750000E+5	4.312755E-1	5.848650E-1
-1.625000E+5	-1.750000E+5	1.440046E+0	5.365334E-1
-1.500000E+5	-1.750000E+5	4.458697E-1	3.038600E-1
-1.375000E+5	-1.750000E+5	1.050113E+0	6.666334E-1
-1.250000E+5	-1.750000E+5	7.475836E-1	4.817163E-1
-1.125000E+5	-1.750000E+5	1.371192E+0	4.282702E-1
-1.000000E+5	-1.750000E+5	8.349231E-1	4.063151E-1
-8.750000E+4	-1.750000E+5	1.473154E+0	4.937865E-1
-7.500000E+4	-1.750000E+5	9.861504E-1	3.786301E-1
-6.250000E+4	-1.750000E+5	1.652414E+0	5.287905E-1
-5.000000E+4	-1.750000E+5	1.572497E+0	7.958674E-1
-3.750000E+4	-1.750000E+5	1.269923E+0	6.591822E-1
-2.500000E+4	-1.750000E+5	6.977627E-1	5.778851E-1
-1.250000E+4	-1.750000E+5	1.483749E+0	4.261972E-1
0.000000E+0	-1.750000E+5	1.435157E+0	3.959694E-1
1.250000E+4	-1.750000E+5	1.143315E+0	4.450042E-1
2.500000E+4	-1.750000E+5	8.915668E-1	3.557116E-1
3.750000E+4	-1.750000E+5	1.076953E+0	2.982937E-1
5.000000E+4	-1.750000E+5	3.594745E-1	7.411223E-1
6.250000E+4	-1.750000E+5	7.222494E-1	4.606717E-1
7.500000E+4	-1.750000E+5	7.097401E-1	4.534208E-1
8.750000E+4	-1.750000E+5	3.333189E-1	4.635267E-1
1.000000E+5	-1.750000E+5	5.860675E-1	5.555652E-1
1.125000E+5	-1.750000E+5	3.711578E-1	4.148163E-1
1.250000E+5	-1.750000E+5	9.115451E-1	7.841651E-1
1.375000E+5	-1.750000E+5	9.078830E-1	6.178779E-1
1.500000E+5	-1.750000E+5	2.362241E-1	7.304271E-1
1.625000E+5	-1.750000E+5	6.813248E-2	6.258923E-1
1.750000E+5	-1.750000E+5	4.046426E-1	3.573098E-1
1.875000E+5	-1.750000E+5	5.069154E-1	3.115653E-1
2.000000E+5	-1.750000E+5	6.316558E-1	8.364488E-1
2.125000E+5	-1.750000E+5	1.135425E+0	3.753894E-1
2.250000E+5	-1.750000E+5	5.758982E-1	6.165766E-1
2.375000E+5	-1.750000E+5	2.685133E-1	5.691445E-1
2.500000E+5	-1.750000E+5	2.482760E-1	4.367800E-1
2.625000E+5	-1.750000E+5	6.440733E-3	2.753633E-1
2.750000E+5	-1.750000E+5	1.361826E-1	3.980848E-1
2.875000E+5	-1.750000E+5	5.345176E-1	4.607437E-1
3.000000E+5	-1.750000E+5	4.361710E-1	5.457620E-1
-3.000000E+5	-1.625000E+5	8.337992E-1	3.925182E-1
-2.875000E+5	-1.625000E+5	1.463917E+0	7.441587E-1
-2.750000E+5	-1.625000E+5	1.123979E+0	4.381660E-1
-2.625000E+5	-1.625000E+5	1.249481E+0	5.876446E-1
-2.500000E+5	-1.625000E+5	9.599938E-1	6.053249E-1
-2.375000E+5	-1.625000E+5	1.629261E-1	8.114114E-1
-2.250000E+5	-1.625000E+5	1.262441E+0	5.512357E-1
-2.125000E+5	-1.625000E+5	1.091432E+0	5.376347E-1
-2.000000E+5	-1.625000E+5	1.153436E+0	3.390012E-1
-1.875000E+5	-1.625000E+5	1.300216E+0	5.602516E-1
-1.750000E+5	-1.625000E+5	1.166864E+0	6.058619E-1
-1.625000E+5	-1.625000E+5	8.616115E-1	4.505958E-1
-1.500000E+5	-1.625000E+5	5.935854E-1	8.700649E-1
-1.375000E+5	-1.625000E+5	9.182262E-1	5.292645E-1
-1.250000E+5	-1.625000E+5	1.283023E+0	7.456285E-1
-1.125000E+5	-1.625000E+5	1.567879E+0	4.050427E-1
-1.000000E+5	-1.625000E+5	1.655370E+0	3.123886E-1
-8.750000E+4	-1.625000E+5	1.431672E+0	8.541342E-1
-7.500000E+4	-1.625000E+5	8.762052E-1	5.476074E-1
-6.250000E+4	-1.625000E+5	1.386236E+0	8.121290E-1
-5.000000E+4	-1.625000E+5	8.600436E-1	4.427145E-1
-3.750000E+4	-1.625000E+5	2.170138E+0	5.131043E-1
-2.500000E+4	-1.625000E+5	1.600077E+0	5.645564E-1
-1.250000E+4	-1.625000E+5	1.905166E+0	5.878909E-1
0.000000E+0	-1.625000E+5	1.667043E+0	6.503712E-1
1.250000E+4	-1.625000E+5	7.786408E-1	5.186164E-1
2.500000E+4	-1.625000E+5	1.482273E+0	1.108936E+0
3.750000E+4	-1.625000E+5	6.224297E-1	2.931534E-1
5.000000E+4	-1.625000E+5	9.830324E-1	5.484677E-1
6.250000E+4	-1.625000E+5	1.288263E+0	7.983526E-1
7.500000E+4	-1.625000E+5	1.036311E+0	6.702593E-1
8.750000E+4	-1.625000E+5	1.626763E-1	7.474223E-1
1.000000E+5	-1.625000E+5	1.446038E+0	7.589046E-1
1.125000E+5	-1.625000E+5	1.103162E+0	3.428604E-1
1.250000E+5	-1.625000E+5	-8.273693E-2	1.011825E+0
1.375000E+5	-1.625000E+5	-9.279921E-2	6.216612E-1
1.500000E+5	-1.625000E+5	1.705649E-1	4.321594E-1
1.625000E+5	-1.625000E+5	1.167833E+0	5.213603E-1
1.750000E+5	-1.625000E+5	2.256382E-1	4.267605E-1
1.875000E+5	-1.625000E+5	1.364680E+0	7.506875E-1
2.000000E+5	-1.625000E+5	4.321877E-1	5.483403E-1
2.125000E+5	-1.625000E+5	1.050743E+0	7.544615E-1
2.250000E+5	-1.625000E+5	2.275248E-1	4.465524E-1
2.375000E+5	-1.625000E+5	1.008793E+0	5.491334E-1
2.500000E+5	-1.625000E+5	3.987013E-1	4.925627E-1
2.625000E+5	-1.625000E+5	1.832651E+0	1.180380E+0
2.750000E+5	-1.625000E+5	1.088655E-1	7.531477E-1
2.875000E+5	-1.625000E+5	1.316444E+0	5.794943E-1
3.000000E+5	-1.625000E+5	1.989503E-1	7.505005E-1
-3.000000E+5	-1.500000E+5	1.008923E+0	4.719827E-1
-2.875000E+5	-1.500000E+5	3.092804E-1	7.846232E-1
-2.750000E+5	-1.500000E+5	5.111103E-1	9.882721E-1
-2.625000E+5	-1.500000E+5	4.305295E-1	4.291002E-1
-2.500000E+5	-1.500000E+5	-2.852338E-1	5.145078E-1
-2.375000E+5	-1.500000E+5	6.332089E-1	8.343926E-1
-2.250000E+5	-1.500000E+5	-7.383554E-3	1.047363E+0
-2.125000E+5	-1.500000E+5	1.988891E-1	4.618430E-1
-2.000000E+5	-1.500000E+5	1.079939E+0	8.605788E-1
-1.875000E+5	-1.500000E+5	5.711046E-1	7.846419E-1
-1.750000E+5	-1.500000E+5	1.384868E+0	9.153625E-1
-1.625000E+5	-1.500000E+5	3.583354E-1	1.028140E+0
-1.500000E+5	-1.500000E+5	1.169213E+0	4.281889E-1
-1.375000E+5	-1.500000E+5	5.044072E-1	6.167761E-1
-1.250000E+5	-1.500000E+5	1.020644E+0	8.298124E-1
-1.125000E+5	-1.500000E+5	1.775492E+0	5.387692E-1
-1.000000E+5	-1.500000E+5	5.142503E-1	6.939995E-1
-8.750000E+4	-1.500000E+5	1.787755E+0	6.725656E-1
-7.500000E+4	-1.500000E+5	1.451390E+0	5.592776E-1
-6.250000E+4	-1.500000E+5	2.334314E+0	8.837792E-1
-5.000000E+4	-1.500000E+5	1.833400E+0	7.899229E-1
-3.750000E+4	-1.500000E+5	2.281096E+0	6.491056E-1
-2.500000E+4	-1.500000E+5	1.801109E+0	3.666209E-1
-1.250000E+4	-1.500000E+5	2.268421E+0	4.846788E-1
0.000000E+0	-1.500000E+5	1.065032E+0	8.984717E-1
1.250000E+4	-1.500000E+5	1.284459E+0	7.948343E-1
2.500000E+4	-1.500000E+5	6.490687E-1	6.993079E-1
3.750000E+4	-1.500000E+5	1.020851E+0	4.304244E-1
5.000000E+4	-1.500000E+5	7.189096E-1	1.167614E+0
6.250000E+4	-1.500000E+5	1.067128E+0	5.388695E-1
7.500000E+4	-1.500000E+5	1.014284E+0	5.767251E-1
8.750000E+4	-1.500000E+5	9.143490E-1	6.048804E-1
1.000000E+5	-1.500000E+5	3.008432E-1	6.433722E-1
1.125000E+5	-1.500000E+5	1.307247E+0	8.571967E-1
1.250000E+5	-1.500000E+5	1.593074E-1	5.158150E-1
1.375000E+5	-1.500000E+5	5.812465E-1	4.605822E-1
1.500000E+5	-1.500000E+5	5.699181E-1	7.958069E-1
1.625000E+5	-1.500000E+5	1.188732E-1	4.554646E-1
1.750000E+5	-1.500000E+5	7.318645E-1	5.195601E-1
1.875000E+5	-1.500000E+5	9.003676E-1	4.954626E-1
2.000000E+5	-1.500000E+5	8.221527E-1	2.640514E-1
2.125000E+5	-1.500000E+5	-1.596705E-1	9.817856E-1
2.250000E+5	-1.500000E+5	1.050185E+0	8.250477E-1
2.375000E+5	-1.500000E+5	7.534030E-1	7.081376E-1
2.500000E+5	-1.500000E+5	-7.613583E-2	7.225091E-1
2.625000E+5	-1.500000E+5	-3.035084E-1	4.974139E-1
2.750000E+5	-1.500000E+5	1.088423E+0	7.969797E-1
2.875000E+5	-1.500000E+5	-2.416566E-1	1.275201E+0
3.000000E+5	-1.500000E+5	-1.908108E-1	3.735536E-1
-3.000000E+5	-1.375000E+5	3.887023E-1	4.635017E-1
-2.875000E+5	-1.375000E+5	3.841387E-1	4.749578E-1
-2.750000E+5	-1.375000E+5	2.418809E-1	1.413645E+0
-2.625000E+5	-1.375000E+5	8.057208E-1	6.207578E-1
-2.500000E+5	-1.375000E+5	9.755956E-1	8.808657E-1
-2.375000E+5	-1.375000E+5	5.256281E-1	4.721016E-1
-2.250000E+5	-1.375000E+5	-1.235745E-1	4.679426E-1
-2.125000E+5	-1.375000E+5	1.122627E+0	5.029924E-1
-2.000000E+5	-1.375000E+5	9.113635E-1	6.043145E-1
-1.875000E+5	-1.375000E+5	6.286984E-1	9.006194E-1
-1.750000E+5	-1.375000E+5	1.136318E+0	8.828117E-1
-1.625000E+5	-1.375000E+5	9.568630E-1	9.235402E-1
-1.500000E+5	-1.375000E+5	8.141463E-1	6.559809E-1
-1.375000E+5	-1.375000E+5	1.483980E+0	1.165317E+0
-1.250000E+5	-1.375000E+5	2.963541E-1	6.535963E-1
-1.125000E+5	-1.375000E+5	2.144309E+0	4.890946E-1
-1.000000E+5	-1.375000E+5	1.343624E+0	5.507718E-1
-8.750000E+4	-1.375000E+5	1.184148E+0	8.843585E-1
-7.500000E+4	-1.375000E+5	2.179039E+0	4.627762E-1
-6.250000E+4	-1.375000E+5	1.514957E+0	7.413353E-1
-5.000000E+4	-1.375000E+5	2.406725E+0	3.010753E-1
-3.750000E+4	-1.375000E+5	2.373414E+0	5.844213E-1
-2.500000E+4	-1.375000E+5	2.005535E+0	6.079223E-1
-1.250000E+4	-1.375000E+5	2.287740E+0	6.274932E-1
0.000000E+0	-1.375000E+5	9.714343E-1	6.128812E-1
1.250000E+4	-1.375000E+5	1.464939E+0	5.547758E-1
2.500000E+4	-1.375000E+5	1.979300E+0	4.942011E-1
3.750000E+4	-1.375000E+5	6.494037E-1	5.973346E-1
5.000000E+4	-1.375000E+5	9.614337E-1	5.096858E-1
6.250000E+4	-1.375000E+5	6.642784E-1	6.376151E-1
7.500000E+4	-1.375000E+5	9.022084E-1	1.051928E+0
8.750000E+4	-1.375000E+5	3.923026E-1	4.091012E-1
1.000000E+5	-1.375000E+5	6.178921E-1	6.138341E-1
1.125000E+5	-1.375000E+5	1.219745E-2	9.574070E-1
1.250000E+5	-1.375000E+5	-3.343871E-2	9.144899E-1
1.375000E+5	-1.375000E+5	-8.981884E-1	9.911579E-1
1.500000E+5	-1.375000E+5	7.613207E-1	5.955986E-1
1.625000E+5	-1.375000E+5	1.459430E+0	5.796649E-1
1.750000E+5	-1.375000E+5	-6.159607E-1	1.162390E+0
1.875000E+5	-1.375000E+5	7.810434E-1	7.923156E-1
2.000000E+5	-1.375000E+5	8.928477E-1	1.017579E+0
2.125000E+5	-1.375000E+5	1.142835E+0	7.627435E-1
2.250000E+5	-1.375000E+5	-5.161915E-1	8.137900E-1
2.375000E+5	-1.375000E+5	5.321547E-1	4.400785E-1
2.500000E+5	-1.375000E+5	2.716328E-1	4.744441E-1
2.625000E+5	-1.375000E+5	5.226182E-1	9.678870E-1
2.750000E+5	-1.375000E+5	6.379326E-1	1.001247E+0
2.875000E+5	-1.375000E+5	1.100137E+0	8.515492E-1
3.000000E+5	-1.375000E+5	-3.209035E-1	7.152806E-1
-3.000000E+5	-1.250000E+5	6.008912E-1	4.188257E-1
-2.875000E+5	-1.250000E+5	5.761638E-1	8.673485E-1
-2.750000E+5	-1.250000E+5	-7.691435E-1	7.858286E-1
-2.625000E+5	-1.250000E+5	2.029444E+0	7.161767E-1
-2.500000E+5	-1.250000E+5	1.188013E-1	7.033662E-1
-2.375000E+5	-1.250000E+5	6.955105E-1	4.360662E-1
-2.250000E+5	-1.250000E+5	5.969212E-1	1.543398E+0
-2.125000E+5	-1.250000E+5	6.676656E-1	7.877438E-1
-2.000000E+5	-1.250000E+5	1.281209E+0	4.688814E-1
-1.875000E+5	-1.250000E+5	5.328293E-1	1.005979E+0
-1.750000E+5	-1.250000E+5	4.900904E-1	5.081784E-1
-1.625000E+5	-1.250000E+5	1.169713E+0	6.416595E-1
-1.500000E+5	-1.250000E+5	9.557173E-1	6.411630E-1
-1.375000E+5	-1.250000E+5	1.265665E+0	8.247971E-1
-1.250000E+5	-1.250000E+5	1.461179E+0	5.523743E-1
-1.125000E+5	-1.250000E+5	1.795435E+0	6.509695E-1
-1.000000E+5	-1.250000E+5	1.608197E+0	8.316653E-1
-8.750000E+4	-1.250000E+5	2.446895E+0	5.278356E-1
-7.500000E+4	-1.250000E+5	1.325039E+0	7.631270E-1
-6.250000E+4	-1.250000E+5	2.462108E+0	5.825616E-1
-5.000000E+4	-1.250000E+5	2.815184E+0	5.203739E-1
-3.750000E+4	-1.250000E+5	2.830586E+0	5.360545E-1
-2.500000E+4	-1.250000E+5	2.293059E-1	6.063235E-1
-1.250000E+4	-1.250000E+5	2.316908E+0	7.777652E-1
0.000000E+0	-1.250000E+5	1.344165E+0	5.614985E-1
1.250000E+4	-1.250000E+5	1.826787E+0	3.451473E-1
2.500000E+4	-1.250000E+5	1.123796E+0	5.376447E-1
3.750000E+4	-1.250000E+5	1.839028E+0	8.071198E-1
5.000000E+4	-1.250000E+5	6.060172E-1	6.237922E-1
6.250000E+4	-1.250000E+5	1.307262E-1	7.922191E-1
7.500000E+4	-1.250000E+5	1.285494E+0	5.848760E-1
8.750000E+4	-1.250000E+5	1.043992E+0	9.581787E-1
1.000000E+5	-1.250000E+5	2.009662E+0	1.194088E+0
1.125000E+5	-1.250000E+5	8.548029E-1	7.882417E-1
1.250000E+5	-1.250000E+5	1.300530E+0	1.042022E+0
1.375000E+5	-1.250000E+5	-5.462228E-1	9.169704E-1
1.500000E+5	-1.250000E+5	4.220479E-1	8.313743E-1
1.625000E+5	-1.250000E+5	9.878606E-1	8.937833E-1
1.750000E+5	-1.250000E+5	1.099631E+0	6.320080E-1
1.875000E+5	-1.250000E+5	2.538089E-1	1.258570E+0
2.000000E+5	-1.250000E+5	4.070631E-1	3.446344E-1
2.125000E+5	-1.250000E+5	1.082446E+0	5.425598E-1
2.250000E+5	-1.250000E+5	1.665989E-1	1.013305E+0
2.375000E+5	-1.250000E+5	-2.419574E-1	9.320285E-1
2.500000E+5	-1.250000E+5	1.100272E+0	7.077400E-1
2.625000E+5	-1.250000E+5	-3.588403E-1	3.598821E-1
2.750000E+5	-1.250000E+5	1.563317E+0	1.086004E+0
2.875000E+5	-1.250000E+5	6.021920E-1	5.934745E-1
3.000000E+5	-1.250000E+5	8.886717E-1	4.934923E-1
-3.000000E+5	-1.125000E+5	1.185848E+0	7.896682E-1
-2.875000E+5	-1.125000E+5	5.104556E-1	1.537968E+0
-2.750000E+5	-1.125000E+5	9.970627E-1	7.476732E-1
-2.625000E+5	-1.125000E+5	5.439022E-1	7.322589E-1
-2.500000E+5	-1.125000E+5	4.004992E-1	5.768762E-1
-2.375000E+5	-1.125000E+5	8.500639E-1	9.744343E-1
-2.250000E+5	-1.125000E+5	1.527229E+0	9.958711E-1
-2.125000E+5	-1.125000E+5	1.824387E+0	8.967470E-1
-2.000000E+5	-1.125000E+5	3.348364E-1	1.005657E+0
-1.875000E+5	-1.125000E+5	6.464239E-1	5.073896E-1
-1.750000E+5	-1.125000E+5	3.944809E-1	1.111371E+0
-1.625000E+5	-1.125000E+5	1.204059E+0	1.034995E+0
-1.500000E+5	-1.125000E+5	3.741626E-1	1.315970E+0
-1.375000E+5	-1.125000E+5	8.921777E-1	6.604135E-1
-1.250000E+5	-1.125000E+5	9.355107E-1	7.717854E-1
-1.125000E+5	-1.125000E+5	1.306249E+0	7.983110E-1
-1.000000E+5	-1.125000E+5	3.273680E+0	8.734280E-1
-8.750000E+4	-1.125000E+5	1.417856E+0	1.054953E+0
-7.500000E+4	-1.125000E+5	1.357113E+0	7.996822E-1
-6.250000E+4	-1.125000E+5	1.256774E+0	5.321791E-1
-5.000000E+4	-1.125000E+5	2.275924E+0	5.880372E-1
-3.750000E+4	-1.125000E+5	2.099807E+0	6.469751E-1
-2.500000E+4	-1.125000E+5	2.925513E+0	6.921478E-1
-1.250000E+4	-1.125000E+5	1.992320E+0	6.046188E-1
0.000000E+0	-1.125000E+5	2.138280E+0	3.734959E-1
1.250000E+4	-1.125000E+5	2.873974E+0	7.516156E-1
2.500000E+4	-1.125000E+5	1.161842E+0	4.055349E-1
3.750000E+4	-1.125000E+5	1.770044E+0	5.881798E-1
5.000000E+4	-1.125000E+5	8.960096E-1	9.414327E-1
6.250000E+4	-1.125000E+5	1.449217E+0	7.411669E-1
7.500000E+4	-1.125000E+5	8.581682E-1	1.301265E+0
8.750000E+4	-1.125000E+5	1.017095E+0	3.039757E-1
1.000000E+5	-1.125000E+5	-5.135961E-1	5.797353E-1
1.125000E+5	-1.125000E+5	2.901022E-1	6.393059E-1
1.250000E+5	-1.125000E+5	2.805912E-1	6.567619E-1
1.375000E+5	-1.125000E+5	1.025099E+0	5.322181E-1
1.500000E+5	-1.125000E+5	3.011848E-1	4.181737E-1
1.625000E+5	-1.125000E+5	3.587037E-2	3.756270E-1
1.750000E+5	-1.125000E+5	5.240902E-1	6.058305E-1
1.875000E+5	-1.125000E+5	-4.315476E-2	8.649660E-1
2.000000E+5	-1.125000E+5	7.372969E-1	7.238233E-1
2.125000E+5	-1.125000E+5	-1.758020E-1	1.117429E+0
2.250000E+5	-1.125000E+5	2.673303E-1	1.070140E+0
2.375000E+5	-1.125000E+5	-4.521562E-1	6.521532E-1
2.500000E+5	-1.125000E+5	2.785093E-1	7.822395E-1
2.625000E+5	-1.125000E+5	6.657535E-1	1.065870E+0
2.750000E+5	-1.125000E+5	1.867959E-1	6.381658E-1
2.875000E+5	-1.125000E+5	2.561942E-1	9.530142E-1
3.000000E+5	-1.125000E+5	4.375691E-1	1.047165E+0
-3.000000E+5	-1.000000E+5	-5.151656E-1	7.324756E-1
-2.875000E+5	-1.000000E+5	1.164044E+0	7.410265E-1
-2.750000E+5	-1.000000E+5	8.096975E-1	7.482709E-1
-2.625000E+5	-1.000000E+5	-1.729222E-1	5.678621E-1
-2.500000E+5	-1.000000E+5	2.240325E-1	1.109974E+0
-2.375000E+5	-1.000000E+5	4.396128E-1	1.282666E+0
-2.250000E+5	-1.000000E+5	1.194164E+0	4.642618E-1
-2.125000E+5	-1.000000E+5	1.192501E+0	7.400309E-1
-2.000000E+5	-1.000000E+5	8.785976E-1	9.298695E-1
-1.875000E+5	-1.000000E+5	1.576208E+0	6.781062E-1
-1.750000E+5	-1.000000E+5	1.722361E+0	1.209953E+0
-1.625000E+5	-1.000000E+5	7.569758E-1	1.051850E+0
-1.500000E+5	-1.000000E+5	2.445593E+0	7.371855E-1
-1.375000E+5	-1.000000E+5	1.850919E+0	1.322262E+0
-1.250000E+5	-1.000000E+5	1.988322E+0	6.731227E-1
-1.125000E+5	-1.000000E+5	1.856496E+0	6.563037E-1
-1.000000E+5	-1.000000E+5	2.057493E+0	7.518726E-1
-8.750000E+4	-1.000000E+5	2.820911E+0	1.494730E+0
-7.500000E+4	-1.000000E+5	2.599704E+0	5.122273E-1
-6.250000E+4	-1.000000E+5	2.526319E+0	6.152346E-1
-5.000000E+4	-1.000000E+5	2.195638E+0	5.189278E-1
-3.750000E+4	-1.000000E+5	2.794946E+0	7.737000E-1
-2.500000E+4	-1.000000E+5	2.285944E+0	8.641114E-1
-1.250000E+4	-1.000000E+5	1.970576E+0	4.074568E-1
0.000000E+0	-1.000000E+5	2.534405E+0	9.282927E-1
1.250000E+4	-1.000000E+5	1.827676E+0	7.685145E-1
2.500000E+4	-1.000000E+5	1.872891E+0	9.981905E-1
3.750000E+4	-1.000000E+5	5.831535E-1	1.273587E+0
5.000000E+4	-1.000000E+5	1.211984E+0	7.027628E-1
6.250000E+4	-1.000000E+5	3.355523E-1	5.444417E-1
7.500000E+4	-1.000000E+5	5.987527E-1	7.721383E-1
8.750000E+4	-1.000000E+5	7.579987E-1	6.346382E-1
1.000000E+5	-1.000000E+5	1.266895E+0	6.126202E-1
1.125000E+5	-1.000000E+5	1.169676E+0	1.414748E+0
1.250000E+5	-1.000000E+5	6.609457E-1	6.055283E-1
1.375000E+5	-1.000000E+5	-1.294709E-1	9.246146E-1
1.500000E+5	-1.000000E+5	3.898903E-1	8.592952E-1
1.625000E+5	-1.000000E+5	-4.215171E-1	6.395542E-1
1.750000E+5	-1.000000E+5	3.673789E-1	8.868499E-1
1.875000E+5	-1.000000E+5	-3.297776E-2	7.978891E-1
2.000000E+5	-1.000000E+5	-2.598782E-1	1.131206E+0
2.125000E+5	-1.000000E+5	-5.798331E-1	6.411146E-1
2.250000E+5	-1.000000E+5	-4.166451E-1	9.177103E-1
2.375000E+5	-1.000000E+5	6.076835E-1	7.136110E-1
2.500000E+5	-1.000000E+5	7.133686E-1	1.025020E+0
2.625000E+5	-1.000000E+5	9.470416E-2	3.342783E-1
2.750000E+5	-1.000000E+5	9.605895E-2	7.141579E-1
2.875000E+5	-1.000000E+5	8.909611E-1	8.749263E-1
3.000000E+5	-1.000000E+5	4.391228E-1	5.442797E-1
-3.000000E+5	-8.750000E+4	-8.274878E-1	8.232471E-1
-2.875000E+5	-8.750000E+4	6.485742E-2	5.615216E-1
-2.750000E+5	-8.750000E+4	8.042421E-1	6.149242E-1
-2.625000E+5	-8.750000E+4	4.220244E-1	5.358389E-1
-2.500000E+5	-8.750000E+4	3.087547E-1	8.652512E-1
-2.375000E+5	-8.750000E+4	4.543763E-1	8.458187E-1
-2.250000E+5	-8.750000E+4	1.705823E+0	9.061037E-1
-2.125000E+5	-8.750000E+4	5.136353E-1	5.803078E-1
-2.000000E+5	-8.750000E+4	1.023375E+0	8.497736E-1
-1.875000E+5	-8.750000E+4	2.144949E-1	1.097939E+0
-1.750000E+5	-8.750000E+4	6.598326E-1	7.518985E-1
-1.625000E+5	-8.750000E+4	6.375231E-1	5.116882E-1
-1.500000E+5	-8.750000E+4	1.630539E+0	8.355230E-1
-1.375000E+5	-8.750000E+4	-2.563762E-1	1.036153E+0
-1.250000E+5	-8.750000E+4	1.564410E+0	8.622483E-1
-1.125000E+5	-8.750000E+4	2.402794E+0	4.468429E-1
-1.000000E+5	-8.750000E+4	2.268674E+0	5.472179E-1
-8.750000E+4	-8.750000E+4	2.994529E+0	6.171192E-1
-7.500000E+4	-8.750000E+4	3.450293E+0	9.748552E-1
-6.250000E+4	-8.750000E+4	3.059036E+0	5.406565E-1
-5.000000E+4	-8.750000E+4	2.847586E+0	3.522394E-1
-3.750000E+4	-8.750000E+4	2.652709E+0	5.904286E-1
-2.500000E+4	-8.750000E+4	3.422796E+0	6.219048E-1
-1.250000E+4	-8.750000E+4	2.991634E+0	3.322990E-1
0.000000E+0	-8.750000E+4	1.973502E+0	7.053987E-1
1.250000E+4	-8.750000E+4	1.995212E+0	7.726713E-1
2.500000E+4	-8.750000E+4	1.637046E+0	6.273804E-1
3.750000E+4	-8.750000E+4	9.975930E-1	5.676097E-1
5.000000E+4	-8.750000E+4	1.480814E+0	1.154046E+0
6.250000E+4	-8.750000E+4	2.146845E+0	7.024859E-1
7.500000E+4	-8.750000E+4	2.372159E-1	8.039331E-1
8.750000E+4	-8.750000E+4	1.858142E+0	8.014372E-1
1.000000E+5	-8.750000E+4	6.453378E-1	4.219570E-1
1.125000E+5	-8.750000E+4	8.071670E-2	7.470815E-1
1.250000E+5	-8.750000E+4	6.657407E-1	9.028011E-1
1.375000E+5	-8.750000E+4	-5.329604E-1	9.547187E-1
1.500000E+5	-8.750000E+4	6.464014E-1	7.243314E-1
1.625000E+5	-8.750000E+4	-1.074362E+0	6.071995E-1
1.750000E+5	-8.750000E+4	-3.163267E-1	6.651936E-1
1.875000E+5	-8.750000E+4	1.276520E+0	3.948339E-1
2.000000E+5	-8.750000E+4	4.462120E-2	8.458687E-1
2.125000E+5	-8.750000E+4	1.616197E+0	5.531373E-1
2.250000E+5	-8.750000E+4	9.619815E-2	1.904281E+0
2.375000E+5	-8.750000E+4	3.468903E-1	6.250247E-1
2.500000E+5	-8.750000E+4	8.459159E-1	4.943443E-1
2.625000E+5	-8.750000E+4	7.823085E-1	1.010025E+0
2.750000E+5	-8.750000E+4	-3.601308E-1	1.104709E+0
2.875000E+5	-8.750000E+4	1.280119E+0	9.184324E-1
3.000000E+5	-8.750000E+4	-8.420682E-1	7.020675E-1
-3.000000E+5	-7.500000E+4	1.071689E+0	1.244945E+0
-2.875000E+5	-7.500000E+4	2.334545E-3	9.780661E-1
-2.750000E+5	-7.500000E+4	1.990660E-1	1.126266E+0
-2.625000E+5	-7.500000E+4	7.135485E-1	8.099728E-1
-2.500000E+5	-7.500000E+4	-4.466733E-1	4.394926E-1
-2.375000E+5	-7.500000E+4	1.558348E+0	5.642652E-1
-2.250000E+5	-7.500000E+4	8.209290E-1	9.159322E-1
-2.125000E+5	-7.500000E+4	9.480643E-1	7.143375E-1
-2.000000E+5	-7.500000E+4	1.092548E+0	1.422301E+0
-1.875000E+5	-7.500000E+4	1.404284E+0	7.059256E-1
-1.750000E+5	-7.500000E+4	1.317394E+0	8.237413E-1
-1.625000E+5	-7.500000E+4	-2.350152E-1	5.760224E-1
-1.500000E+5	-7.500000E+4	1.861445E+0	1.071849E+0
-1.375000E+5	-7.500000E+4	5.576378E-1	5.061685E-1
-1.250000E+5	-7.500000E+4	5.547523E-1	7.916922E-1
-1.125000E+5	-7.500000E+4	1.168474E+0	9.353872E-1
-1.000000E+5	-7.500000E+4	2.020041E+0	1.392075E+0
-8.750000E+4	-7.500000E+4	3.177656E+0	1.406161E+0
-7.500000E+4	-7.500000E+4	2.999357E+0	4.423579E-1
-6.250000E+4	-7.500000E+4	1.341060E+0	9.362504E-1
-5.000000E+4	-7.500000E+4	2.450812E+0	4.965734E-1
-3.750000E+4	-7.500000E+4	2.945295E+0	7.207273E-1
-2.500000E+4	-7.500000E+4	2.150187E+0	1.192406E+0
-1.250000E+4	-7.500000E+4	1.912232E+0	1.248186E+0
0.000000E+0	-7.500000E+4	1.882309E+0	5.775719E-1
1.250000E+4	-7.500000E+4	1.623479E+0	9.275879E-1
2.500000E+4	-7.500000E+4	2.053253E+0	6.683960E-1
3.750000E+4	-7.500000E+4	9.712023E-1	7.819452E-1
5.000000E+4	-7.500000E+4	2.090603E+0	6.853662E-1
6.250000E+4	-7.500000E+4	1.881807E+0	1.354666E+0
7.500000E+4	-7.500000E+4	4.061907E-1	1.234968E+0
8.750000E+4	-7.500000E+4	1.506916E+0	6.755961E-1
1.000000E+5	-7.500000E+4	5.036144E-1	8.423897E-1
1.125000E+5	-7.500000E+4	-3.658217E-1	8.357397E-1
1.250000E+5	-7.500000E+4	1.263597E+0	1.597662E+0
1.375000E+5	-7.500000E+4	-3.554556E-1	6.219908E-1
1.500000E+5	-7.500000E+4	2.933187E-1	8.838469E-1
1.625000E+5	-7.500000E+4	-6.885453E-1	1.155545E+0
1.750000E+5	-7.500000E+4	3.167183E-1	5.021159E-1
1.875000E+5	-7.500000E+4	2.419717E-1	1.066254E+0
2.000000E+5	-7.500000E+4	1.955120E-1	8.141978E-1
2.125000E+5	-7.500000E+4	1.484431E-1	8.908211E-1
2.250000E+5	-7.500000E+4	2.278353E-1	9.188706E-1
2.375000E+5	-7.500000E+4	5.649232E-1	6.773839E-1
2.500000E+5	-7.500000E+4	1.124486E+0	1.124279E+0
2.625000E+5	-7.500000E+4	3.045222E-2	4.735722E-1
2.750000E+5	-7.500000E+4	-3.335916E-2	1.060313E+0
2.875000E+5	-7.500000E+4	-2.103805E-2	9.185847E-1
3.000000E+5	-7.500000E+4	1.991950E-1	9.519350E-1
-3.000000E+5	-6.250000E+4	-9.058117E-2	6.171572E-1
-2.875000E+5	-6.250000E+4	5.947699E-1	8.143529E-1
-2.750000E+5	-6.250000E+4	9.040272E-1	5.002682E-1
-2.625000E+5	-6.250000E+4	3.956195E-1	8.362807E-1
-2.500000E+5	-6.250000E+4	9.486690E-1	7.083836E-1
-2.375000E+5	-6.250000E+4	-2.245843E-1	9.186760E-1
-2.250000E+5	-6.250000E+4	2.782706E-1	9.550228E-1
-2.125000E+5	-6.250000E+4	7.724787E-1	6.385841E-1
-2.000000E+5	-6.250000E+4	1.040263E+0	5.368140E-1
-1.875000E+5	-6.250000E+4	1.914436E-1	1.003332E+0
-1.750000E+5	-6.250000E+4	8.680856E-1	8.757512E-1
-1.625000E+5	-6.250000E+4	1.422939E+0	6.856237E-1
-1.500000E+5	-6.250000E+4	5.001853E-1	5.146522E-1
-1.375000E+5	-6.250000E+4	1.364992E+0	6.254273E-1
-1.250000E+5	-6.250000E+4	1.106640E+0	9.127120E-1
-1.125000E+5	-6.250000E+4	6.327255E-1	1.001769E+0
-1.000000E+5	-6.250000E+4	8.031300E-1	1.123632E+0
-8.750000E+4	-6.250000E+4	2.158662E+0	8.184125E-1
-7.500000E+4	-6.250000E+4	1.976807E+0	4.505451E-1
-6.250000E+4	-6.250000E+4	2.123482E+0	6.361917E-1
-5.000000E+4	-6.250000E+4	1.439501E+0	5.468097E-1
-3.750000E+4	-6.250000E+4	2.623898E+0	7.269063E-1
-2.500000E+4	-6.250000E+4	1.954494E+0	1.879748E+0
-1.250000E+4	-6.250000E+4	1.396437E+0	7.711828E-1
0.000000E+0	-6.250000E+4	2.786313E+0	6.704569E-1
1.250000E+4	-6.250000E+4	2.453333E+0	4.457914E-1
2.500000E+4	-6.250000E+4	9.884602E-1	9.542721E-1
3.750000E+4	-6.250000E+4	1.072301E+0	7.106646E-1
5.000000E+4	-6.250000E+4	2.393316E+0	6.868870E-1
6.250000E+4	-6.250000E+4	1.047128E+0	1.090267E+0
7.500000E+4	-6.250000E+4	1.549308E+0	6.502289E-1
8.750000E+4	-6.250000E+4	1.181669E+0	5.853075E-1
1.000000E+5	-6.250000E+4	3.753277E-1	1.047230E+0
1.125000E+5	-6.250000E+4	4.201410E-2	5.708567E-1
1.250000E+5	-6.250000E+4	-6.863553E-1	5.727899E-1
1.375000E+5	-6.250000E+4	-2.261252E-1	1.678857E+0
1.500000E+5	-6.250000E+4	4.776683E-1	9.887628E-1
1.625000E+5	-6.250000E+4	-5.761491E-1	8.927822E-1
1.750000E+5	-6.250000E+4	1.027085E+0	8.696297E-1
1.875000E+5	-6.250000E+4	1.053073E+0	8.034284E-1
2.000000E+5	-6.250000E+4	-3.631917E-1	7.665475E-1
2.125000E+5	-6.250000E+4	1.034509E-1	4.618775E-1
2.250000E+5	-6.250000E+4	1.336806E+0	5.961939E-1
2.375000E+5	-6.250000E+4	2.191300E-2	1.013911E+0
2.500000E+5	-6.250000E+4	3.746378E-1	6.084719E-1
2.625000E+5	-6.250000E+4	-1.166424E-1	3.759383E-1
2.750000E+5	-6.250000E+4	8.586884E-3	1.106992E+0
2.875000E+5	-6.250000E+4	-9.372300E-1	1.052850E+0
3.000000E+5	-6.250000E+4	-7.979739E-2	1.284429E+0
-3.000000E+5	-5.000000E+4	1.411403E+0	4.715473E-1
-2.875000E+5	-5.000000E+4	-5.071220E-1	8.338351E-1
-2.750000E+5	-5.000000E+4	-3.082688E-1	3.828347E-1
-2.625000E+5	-5.000000E+4	3.841331E-1	9.472220E-1
-2.500000E+5	-5.000000E+4	-4.127831E-1	7.547280E-1
-2.375000E+5	-5.000000E+4	-1.334995E+0	1.090170E+0
-2.250000E+5	-5.000000E+4	-2.342070E-1	7.922791E-1
-2.125000E+5	-5.000000E+4	2.408178E-1	4.841551E-1
-2.000000E+5	-5.000000E+4	-6.639633E-1	5.684218E-1
-1.875000E+5	-5.000000E+4	2.602764E-1	9.353620E-1
-1.750000E+5	-5.000000E+4	5.273418E-1	7.514926E-1
-1.625000E+5	-5.000000E+4	6.679277E-1	7.368720E-1
-1.500000E+5	-5.000000E+4	-4.315381E-1	4.935855E-1
-1.375000E+5	-5.000000E+4	-3.427740E-1	3.871180E-1
-1.250000E+5	-5.000000E+4	8.739683E-1	8.512603E-1
-1.125000E+5	-5.000000E+4	1.897243E+0	6.246621E-1
-1.000000E+5	-5.000000E+4	2.245888E+0	9.753970E-1
-8.750000E+4	-5.000000E+4	1.480183E+0	9.050295E-1
-7.500000E+4	-5.000000E+4	3.547353E+0	9.416751E-1
-6.250000E+4	-5.000000E+4	2.025298E+0	7.701567E-1
-5.000000E+4	-5.000000E+4	1.624872E+0	8.276974E-1
-3.750000E+4	-5.000000E+4	2.702560E+0	6.011906E-1
-2.500000E+4	-5.000000E+4	2.078410E+0	8.340440E-1
-1.250000E+4	-5.000000E+4	2.350423E+0	1.080047E+0
0.000000E+0	-5.000000E+4	1.615032E+0	6.523488E-1
1.250000E+4	-5.000000E+4	8.056739E-1	1.295022E+0
2.500000E+4	-5.000000E+4	1.881732E+0	9.462458E-1
3.750000E+4	-5.000000E+4	1.349155E+0	1.252880E+0
5.000000E+4	-5.000000E+4	9.389749E-1	9.487594E-1
6.250000E+4	-5.000000E+4	8.714193E-1	9.584345E-1
7.500000E+4	-5.000000E+4	6.168509E-1	1.125891E+0
8.750000E+4	-5.000000E+4	1.103904E+0	6.729312E-1
1.000000E+5	-5.000000E+4	6.447025E-1	5.110219E-1
1.125000E+5	-5.000000E+4	-4.239524E-1	3.341310E-1
1.250000E+5	-5.000000E+4	4.202434E-1	8.446856E-1
1.375000E+5	-5.000000E+4	5.108554E-1	4.902860E-1
1.500000E+5	-5.000000E+4	9.465062E-2	6.123635E-1
1.625000E+5	-5.000000E+4	4.373259E-1	4.176618E-1
1.750000E+5	-5.000000E+4	7.666093E-1	1.031068E+0
1.875000E+5	-5.000000E+4	-7.824584E-1	9.719544E-1
2.000000E+5	-5.000000E+4	5.191780E-2	6.518182E-1
2.125000E+5	-5.000000E+4	1.300491E-1	4.180464E-1
2.250000E+5	-5.000000E+4	9.765940E-1	1.047529E+0
2.375000E+5	-5.000000E+4	-1.982195E-2	5.167073E-1
2.500000E+5	-5.000000E+4	-5.850823E-2	7.794799E-1
2.625000E+5	-5.000000E+4	-2.384820E-1	4.693356E-1
2.750000E+5	-5.000000E+4	-6.355702E-1	6.950276E-1
2.875000E+5	-5.000000E+4	7.373204E-1	1.151594E+0
3.000000E+5	-5.000000E+4	-3.627231E-1	5.125341E-1
-3.000000E+5	-3.750000E+4	1.227744E-1	1.214079E+0
-2.875000E+5	-3.750000E+4	-1.383261E+0	8.302099E-1
-2.750000E+5	-3.750000E+4	9.028901E-1	1.581090E+0
-2.625000E+5	-3.750000E+4	-3.420606E-1	2.871780E-1
-2.500000E+5	-3.750000E+4	9.101506E-2	8.377127E-1
-2.375000E+5	-3.750000E+4	1.906334E-1	5.136386E-1
-2.250000E+5	-3.750000E+4	9.009540E-1	1.217208E+0
-2.125000E+5	-3.750000E+4	2.359554E-1	7.514144E-1
-2.000000E+5	-3.750000E+4	8.929660E-1	8.427797E-1
-1.875000E+5	-3.750000E+4	1.076869E+0	1.107513E+0
-1.750000E+5	-3.750000E+4	4.451712E-1	5.573533E-1
-1.625000E+5	-3.750000E+4	8.147842E-1	1.351494E+0
-1.500000E+5	-3.750000E+4	3.912727E-1	9.526811E-1
-1.375000E+5	-3.750000E+4	4.830839E-1	7.851777E-1
-1.250000E+5	-3.750000E+4	5.243049E-1	5.459115E-1
-1.125000E+5	-3.750000E+4	1.433314E-1	6.981007E-1
-1.000000E+5	-3.750000E+4	3.122072E-1	6.287417E-1
-8.750000E+4	-3.750000E+4	1.877496E+0	6.532708E-1
-7.500000E+4	-3.750000E+4	1.990628E+0	1.061245E+0
-6.250000E+4	-3.750000E+4	1.935102E+0	7.920535E-1
-5.000000E+4	-3.750000E+4	1.968367E+0	1.216862E+0
-3.750000E+4	-3.750000E+4	2.471816E+0	6.090814E-1
-2.500000E+4	-3.750000E+4	1.683484E+0	1.055497E+0
-1.250000E+4	-3.750000E+4	2.437050E+0	8.070626E-1
0.000000E+0	-3.750000E+4	2.732763E+0	8.966876E-1
1.250000E+4	-3.750000E+4	1.160036E+0	9.580400E-1
2.500000E+4	-3.750000E+4	6.355616E-1	1.415907E+0
3.750000E+4	-3.750000E+4	8.456890E-1	1.035304E+0
5.000000E+4	-3.750000E+4	8.736705E-1	7.935596E-1
6.250000E+4	-3.750000E+4	1.447731E+0	5.439800E-1
7.500000E+4	-3.750000E+4	2.997444E-1	6.400649E-1
8.750000E+4	-3.750000E+4	-1.112085E-1	1.062384E+0
1.000000E+5	-3.750000E+4	4.754365E-1	5.424035E-1
1.125000E+5	-3.750000E+4	2.198922E-1	6.421534E-1
1.250000E+5	-3.750000E+4	9.140063E-1	3.571504E-1
1.375000E+5	-3.750000E+4	1.061590E+0	8.314026E-1
1.500000E+5	-3.750000E+4	-6.794886E-1	6.729607E-1
1.625000E+5	-3.750000E+4	-6.942195E-1	7.329264E-1
1.750000E+5	-3.750000E+4	-8.738765E-1	5.656090E-1
1.875000E+5	-3.750000E+4	1.139934E+0	7.221841E-1
2.000000E+5	-3.750000E+4	2.568545E-1	5.905504E-1
2.125000E+5	-3.750000E+4	-5.513731E-2	1.239233E+0
2.250000E+5	-3.750000E+4	4.016230E-1	6.936447E-1
2.375000E+5	-3.750000E+4	4.818403E-1	4.048968E-1
2.500000E+5	-3.750000E+4	2.820597E-1	1.468755E+0
2.625000E+5	-3.750000E+4	-5.365708E-2	5.490425E-1
2.750000E+5	-3.750000E+4	-9.446261E-1	4.247607E-1
2.875000E+5	-3.750000E+4	3.357894E-1	7.279642E-1
3.000000E+5	-3.750000E+4	8.553114E-2	1.094211E+0
-3.000000E+5	-2.500000E+4	1.714679E-1	4.612678E-1
-2.875000E+5	-2.500000E+4	-9.716811E-1	6.396614E-1
-2.750000E+5	-2.500000E+4	-4.438220E-1	6.320021E-1
-2.625000E+5	-2.500000E+4	-6.821511E-2	1.030168E+0
-2.500000E+5	-2.500000E+4	9.700515E-1	6.528475E-1
-2.375000E+5	-2.500000E+4	1.247487E-1	6.209199E-1
-2.250000E+5	-2.500000E+4	2.642012E-3	3.914460E-1
-2.125000E+5	-2.500000E+4	6.987952E-1	3.249389E-1
-2.000000E+5	-2.500000E+4	5.294829E-1	1.243106E+0
-1.875000E+5	-2.500000E+4	5.347924E-1	5.001421E-1
-1.750000E+5	-2.500000E+4	7.931602E-2	8.885204E-1
-1.625000E+5	-2.500000E+4	5.493831E-1	1.129195E+0
-1.500000E+5	-2.500000E+4	1.163344E+0	7.382273E-1
-1.375000E+5	-2.500000E+4	1.775758E+0	9.845130E-1
-1.250000E+5	-2.500000E+4	1.484821E+0	8.474060E-1
-1.125000E+5	-2.500000E+4	1.935961E+0	4.202153E-1
-1.000000E+5	-2.500000E+4	1.056145E+0	6.272455E-1
-8.750000E+4	-2.500000E+4	1.096650E+0	7.116094E-1
-7.500000E+4	-2.500000E+4	1.156360E+0	7.230397E-1
-6.250000E+4	-2.500000E+4	1.315049E+0	5.628627E-1
-5.000000E+4	-2.500000E+4	7.668749E-1	7.336353E-1
-3.750000E+4	-2.500000E+4	1.947643E+0	5.207100E-1
-2.500000E+4	-2.500000E+4	8.703950E-1	8.168612E-1
-1.250000E+4	-2.500000E+4	1.930773E+0	6.826970E-1
0.000000E+0	-2.500000E+4	1.696424E+0	7.042439E-1
1.250000E+4	-2.500000E+4	1.984362E+0	5.790062E-1
2.500000E+4	-2.500000E+4	2.150924E+0	1.023018E+0
3.750000E+4	-2.500000E+4	3.285407E-1	4.130673E-1
5.000000E+4	-2.500000E+4	3.566247E-1	2.267345E-1
6.250000E+4	-2.500000E+4	-4.426583E-2	6.286901E-1
7.500000E+4	-2.500000E+4	1.307660E-1	1.305959E+0
8.750000E+4	-2.500000E+4	4.206447E-1	8.436789E-1
1.000000E+5	-2.500000E+4	4.928632E-1	9.873852E-1
1.125000E+5	-2.500000E+4	-3.057137E-1	7.878384E-1
1.250000E+5	-2.500000E+4	3.591661E-1	1.043958E+0
1.375000E+5	-2.500000E+4	5.111006E-1	6.923655E-1
1.500000E+5	-2.500000E+4	5.098305E-1	6.916285E-1
1.625000E+5	-2.500000E+4	1.563040E+0	8.407649E-1
1.750000E+5	-2.500000E+4	2.575762E-2	8.951540E-1
1.875000E+5	-2.500000E+4	-3.241944E-1	8.849439E-1
2.000000E+5	-2.500000E+4	3.023968E-1	6.647484E-1
2.125000E+5	-2.500000E+4	-2.792226E-1	1.155938E+0
2.250000E+5	-2.500000E+4	-2.003494E-1	5.890586E-1
2.375000E+5	-2.500000E+4	2.712881E-1	1.507460E+0
2.500000E+5	-2.500000E+4	5.723197E-1	7.340583E-1
2.625000E+5	-2.500000E+4	3.565928E-2	8.202112E-1
2.750000E+5	-2.500000E+4	1.248216E+0	8.741515E-1
2.875000E+5	-2.500000E+4	6.608921E-1	4.828074E-1
3.000000E+5	-2.500000E+4	6.853498E-1	6.917912E-1
-3.000000E+5	-1.250000E+4	-2.083511E-2	4.991127E-1
-2.875000E+5	-1.250000E+4	3.936758E-1	5.720878E-1
-2.750000E+5	-1.250000E+4	-5.405548E-1	5.029461E-1
-2.625000E+5	-1.250000E+4	1.085298E+0	7.116778E-1
-2.500000E+5	-1.250000E+4	-9.395083E-1	1.371640E+0
-2.375000E+5	-1.250000E+4	5.209636E-1	5.240237E-1
-2.250000E+5	-1.250000E+4	1.974512E-1	3.356948E-1
-2.125000E+5	-1.250000E+4	-1.613455E-1	9.046042E-1
-2.000000E+5	-1.250000E+4	6.467925E-1	7.878972E-1
-1.875000E+5	-1.250000E+4	-2.107986E-2	6.036477E-1
-1.750000E+5	-1.250000E+4	2.391842E-2	7.149992E-1
-1.625000E+5	-1.250000E+4	8.436428E-1	9.109913E-1
-1.500000E+5	-1.250000E+4	9.216767E-1	6.199717E-1
-1.375000E+5	-1.250000E+4	8.272522E-1	5.500375E-1
-1.250000E+5	-1.250000E+4	1.102615E+0	8.229325E-1
-1.125000E+5	-1.250000E+4	1.908766E+0	4.685267E-1
-1.000000E+5	-1.250000E+4	1.070531E+0	5.151154E-1
-8.750000E+4	-1.250000E+4	1.053546E+0	4.303235E-1
-7.500000E+4	-1.250000E+4	1.653062E+0	5.442508E-1
-6.250000E+4	-1.250000E+4	1.159613E+0	7.041318E-1
-5.000000E+4	-1.250000E+4	7.512905E-1	3.680627E-1
-3.750000E+4	-1.250000E+4	1.927821E+0	7.692195E-1
-2.500000E+4	-1.250000E+4	1.939784E+0	6.532288E-1
-1.250000E+4	-1.250000E+4	1.929923E+0	8.821639E-1
0.000000E+0	-1.250000E+4	2.841475E+0	4.540854E-1
1.250000E+4	-1.250000E+4	3.810431E-1	5.872529E-1
2.500000E+4	-1.250000E+4	7.144133E-1	5.767094E-1
3.750000E+4	-1.250000E+4	5.483383E-1	5.165039E-1
5.000000E+4	-1.250000E+4	9.368298E-1	8.022160E-1
6.250000E+4	-1.250000E+4	9.657317E-1	1.603375E+0
7.500000E+4	-1.250000E+4	9.894897E-1	5.151447E-1
8.750000E+4	-1.250000E+4	5.585933E-1	9.743335E-1
1.000000E+5	-1.250000E+4	-2.224534E-1	8.403788E-1
1.125000E+5	-1.250000E+4	1.372316E+0	7.224959E-1
1.250000E+5	-1.250000E+4	9.694921E-1	1.156419E+0
1.375000E+5	-1.250000E+4	1.074344E+0	8.733148E-1
1.500000E+5	-1.250000E+4	4.102132E-1	5.421148E-1
1.625000E+5	-1.250000E+4	9.131538E-1	3.571066E-1
1.750000E+5	-1.250000E+4	3.530718E-1	7.901100E-1
1.875000E+5	-1.250000E+4	4.480363E-1	7.176126E-1
2.000000E+5	-1.250000E+4	5.010986E-3	9.759304E-1
2.125000E+5	-1.250000E+4	7.233003E-1	7.322102E-1
2.250000E+5	-1.250000E+4	-1.161115E+0	2.983542E-1
2.375000E+5	-1.250000E+4	7.267635E-1	2.685707E-1
2.500000E+5	-1.250000E+4	1.841546E+0	8.014337E-1
2.625000E+5	-1.250000E+4	-6.745273E-1	6.949246E-1
2.750000E+5	-1.250000E+4	1.704502E-1	9.565677E-1
2.875000E+5	-1.250000E+4	7.958049E-1	6.220591E-1
3.000000E+5	-1.250000E+4	-2.178338E-1	6.817341E-1
-3.000000E+5	0.000000E+0	1.486054E+0	1.029144E+0
-2.875000E+5	0.000000E+0	3.192790E-1	9.535628E-1
-2.750000E+5	0.000000E+0	5.654387E-1	6.124308E-1
-2.625000E+5	0.000000E+0	4.371102E-1	8.691105E-1
-2.500000E+5	0.000000E+0	1.352368E+0	7.351493E-1
-2.375000E+5	0.000000E+0	-3.051089E-2	9.530894E-1
-2.250000E+5	0.000000E+0	3.221619E-1	9.225970E-1
-2.125000E+5	0.000000E+0	-5.766180E-2	1.210192E+0
-2.000000E+5	0.000000E+0	6.473621E-1	5.987384E-1
-1.875000E+5	0.000000E+0	6.985969E-1	9.123512E-1
-1.750000E+5	0.000000E+0	2.145087E-1	5.026277E-1
-1.625000E+5	0.000000E+0	7.573511E-1	5.495666E-1
-1.500000E+5	0.000000E+0	-2.876296E-2	6.662097E-1
-1.375000E+5	0.000000E+0	4.331182E-1	6.157058E-1
-1.250000E+5	0.000000E+0	1.230710E+0	8.778160E-1
-1.125000E+5	0.000000E+0	8.253754E-2	6.036793E-1
-1.000000E+5	0.000000E+0	6.753411E-1	6.017994E-1
-8.750000E+4	0.000000E+0	1.174484E+0	4.915682E-1
-7.500000E+4	0.000000E+0	9.474086E-1	7.377979E-1
-6.250000E+4	0.000000E+0	1.212158E+0	1.097629E+0
-5.000000E+4	0.000000E+0	1.087417E+0	4.584197E-1
-3.750000E+4	0.000000E+0	7.368987E-1	4.810038E-1
-2.500000E+4	0.000000E+0	2.079379E+0	4.820767E-1
-1.250000E+4	0.000000E+0	5.427616E-1	3.557207E-1
0.000000E+0	0.000000E+0	5.370773E-1	5.487783E-1
1.250000E+4	0.000000E+0	1.345900E+0	7.493882E-1
2.500000E+4	0.000000E+0	1.506615E+0	7.147323E-1
3.750000E+4	0.000000E+0	7.934420E-1	8.922313E-1
5.000000E+4	0.000000E+0	4.341635E-1	6.389753E-1
6.250000E+4	0.000000E+0	2.083639E-1	6.456187E-1
7.500000E+4	0.000000E+0	5.629983E-1	9.880159E-1
8.750000E+4	0.000000E+0	8.576741E-1	8.928007E-1
1.000000E+5	0.000000E+0	7.556889E-1	6.628620E-1
1.125000E+5	0.000000E+0	-2.539700E-1	8.910536E-1
1.250000E+5	0.000000E+0	8.286967E-1	6.715776E-1
1.375000E+5	0.000000E+0	2.721667E-1	3.899098E-1
1.500000E+5	0.000000E+0	-9.466973E-1	4.362964E-1
1.625000E+5	0.000000E+0	-7.411358E-2	7.351969E-1
1.750000E+5	0.000000E+0	-5.007962E-1	6.906160E-1
1.875000E+5	0.000000E+0	-4.155355E-1	6.898079E-1
2.000000E+5	0.000000E+0	-4.946846E-1	5.688589E-1
2.125000E+5	0.000000E+0	6.488759E-1	9.082159E-1
2.250000E+5	0.000000E+0	5.897556E-1	7.046428E-1
2.375000E+5	0.000000E+0	5.003204E-1	1.037094E+0
2.500000E+5	0.000000E+0	-1.085111E-1	9.257847E-1
2.625000E+5	0.000000E+0	1.207613E+0	9.472771E-1
2.750000E+5	0.000000E+0	1.820069E-1	6.607630E-1
2.875000E+5	0.000000E+0	-1.041539E-2	1.537089E+0
3.000000E+5	0.000000E+0	-8.881557E-1	4.466418E-1
-3.000000E+5	1.250000E+4	-5.810847E-2	4.238381E-1
-2.875000E+5	1.250000E+4	8.644282E-1	4.525383E-1
-2.750000E+5	1.250000E+4	1.486225E-1	7.297658E-1
-2.625000E+5	1.250000E+4	6.022502E-2	4.295129E-1
-2.500000E+5	1.250000E+4	1.582142E-1	9.167620E-1
-2.375000E+5	1.250000E+4	4.422265E-1	6.258553E-1
-2.250000E+5	1.250000E+4	2.386941E-1	8.129377E-1
-2.125000E+5	1.250000E+4	7.675608E-1	1.268429E+0
-2.000000E+5	1.250000E+4	-7.060026E-1	6.087338E-1
-1.875000E+5	1.250000E+4	1.962963E-1	5.375160E-1
-1.750000E+5	1.250000E+4	2.205556E-1	1.068910E+0
-1.625000E+5	1.250000E+4	3.443720E-1	9.394984E-1
-1.500000E+5	1.250000E+4	7.984324E-1	5.332072E-1
-1.375000E+5	1.250000E+4	5.117712E-1	8.065517E-1
-1.250000E+5	1.250000E+4	8.983714E-1	5.478350E-1
-1.125000E+5	1.250000E+4	8.843671E-1	6.896391E-1
-1.000000E+5	1.250000E+4	9.660967E-1	1.015440E+0
-8.750000E+4	1.250000E+4	1.072216E+0	7.693156E-1
-7.500000E+4	1.250000E+4	7.324743E-1	3.886846E-1
-6.250000E+4	1.250000E+4	1.249461E+0	7.459845E-1
-5.000000E+4	1.250000E+4	1.363460E+0	6.848423E-1
-3.750000E+4	1.250000E+4	-1.438117E-1	7.248529E-1
-2.500000E+4	1.250000E+4	1.331896E+0	5.659855E-1
-1.250000E+4	1.250000E+4	1.498100E+0	5.359075E-1
0.000000E+0	1.250000E+4	5.176421E-1	5.337017E-1
1.250000E+4	1.250000E+4	3.464528E-1	5.979361E-1
2.500000E+4	1.250000E+4	1.522278E+0	4.186253E-1
3.750000E+4	1.250000E+4	3.531651E-1	9.936355E-1
5.000000E+4	1.250000E+4	1.727532E+0	6.140930E-1
6.250000E+4	1.250000E+4	1.103412E+0	8.940358E-1
7.500000E+4	1.250000E+4	-1.202489E-1	4.785377E-1
8.750000E+4	1.250000E+4	3.900729E-1	2.895821E-1
1.000000E+5	1.250000E+4	9.276287E-1	7.368768E-1
1.125000E+5	1.250000E+4	1.001090E+0	6.497687E-1
1.250000E+5	1.250000E+4	1.531882E-1	5.824785E-1
1.375000E+5	1.250000E+4	-3.468642E-2	5.375417E-1
1.500000E+5	1.250000E+4	-2.501800E-1	8.089924E-1
1.625000E+5	1.250000E+4	-3.887113E-2	7.206654E-1
1.750000E+5	1.250000E+4	-2.939443E-1	8.623562E-1
1.875000E+5	1.250000E+4	4.316232E-1	2.935511E-1
2.000000E+5	1.250000E+4	-1.344776E+0	3.711859E-1
2.125000E+5	1.250000E+4	1.182913E+0	1.374203E+0
2.250000E+5	1.250000E+4	5.732253E-1	1.081850E+0
2.375000E+5	1.250000E+4	6.390069E-1	7.570276E-1
2.500000E+5	1.250000E+4	3.872363E-1	7.526317E-1
2.625000E+5	1.250000E+4	6.554959E-1	1.402571E+0
2.750000E+5	1.250000E+4	5.501321E-1	9.846018E-1
2.875000E+5	1.250000E+4	1.687129E-1	4.117105E-1
3.000000E+5	1.250000E+4	6.026366E-1	7.481062E-1
-3.000000E+5	2.500000E+4	8.867407E-1	6.997416E-1
-2.875000E+5	2.500000E+4	1.129018E+0	4.343813E-1
-2.750000E+5	2.500000E+4	-6.861407E-1	5.485643E-1
-2.625000E+5	2.500000E+4	-1.068198E-1	3.573026E-1
-2.500000E+5	2.500000E+4	8.976081E-1	4.306572E-1
-2.375000E+5	2.500000E+4	5.125049E-1	5.489520E-1
-2.250000E+5	2.500000E+4	-5.581294E-1	9.127273E-1
-2.125000E+5	2.500000E+4	-1.250700E-1	5.841401E-1
-2.000000E+5	2.500000E+4	9.243128E-1	8.372067E-1
-1.875000E+5	2.500000E+4	2.004682E-1	4.692589E-1
-1.750000E+5	2.500000E+4	1.410169E-1	7.354978E-1
-1.625000E+5	2.500000E+4	1.301684E-1	5.517126E-1
-1.500000E+5	2.500000E+4	1.098050E+0	4.376756E-1
-1.375000E+5	2.500000E+4	-5.251050E-1	6.497694E-1
-1.250000E+5	2.500000E+4	3.189078E-1	5.595651E-1
-1.125000E+5	2.500000E+4	-6.357691E-1	5.156635E-1
-1.000000E+5	2.500000E+4	1.519416E+0	1.323132E+0
-8.750000E+4	2.500000E+4	8.995651E-1	4.192737E-1
-7.500000E+4	2.500000E+4	1.290671E+0	8.970025E-1
-6.250000E+4	2.500000E+4	1.046762E+0	7.469806E-1
-5.000000E+4	2.500000E+4	1.223570E+0	6.585140E-1
-3.750000E+4	2.500000E+4	7.104565E-1	7.187570E-1
-2.500000E+4	2.500000E+4	1.509802E+0	5.037510E-1
-1.250000E+4	2.500000E+4	1.110853E+0	6.286820E-1
0.000000E+0	2.500000E+4	9.278474E-1	7.438410E-1
1.250000E+4	2.500000E+4	7.401335E-1	7.221196E-1
2.500000E+4	2.500000E+4	-3.852590E-1	7.121103E-1
3.750000E+4	2.500000E+4	-7.156614E-2	7.850801E-1
5.000000E+4	2.500000E+4	4.704559E-1	8.491403E-1
6.250000E+4	2.500000E+4	7.893921E-2	3.016777E-1
7.500000E+4	2.500000E+4	8.708585E-1	7.400563E-1
8.750000E+4	2.500000E+4	2.254806E-1	5.277192E-1
1.000000E+5	2.500000E+4	-4.734260E-1	5.141748E-1
1.125000E+5	2.500000E+4	1.082691E+0	7.787930E-1
1.250000E+5	2.500000E+4	1.598627E-1	7.167645E-1
1.375000E+5	2.500000E+4	-4.361476E-1	5.673367E-1
1.500000E+5	2.500000E+4	-1.767316E-1	3.330733E-1
1.625000E+5	2.500000E+4	3.735023E-1	6.296898E-1
1.750000E+5	2.500000E+4	-8.035584E-1	7.888624E-1
1.875000E+5	2.500000E+4	-6.127545E-1	7.030368E-1
2.000000E+5	2.500000E+4	1.088795E+0	5.859532E-1
2.125000E+5	2.500000E+4	3.887436E-1	2.812251E-1
2.250000E+5	2.500000E+4	-7.831116E-1	3.781907E-1
2.375000E+5	2.500000E+4	3.911044E-1	5.774549E-1
2.500000E+5	2.500000E+4	-1.103997E+0	1.156270E+0
2.625000E+5	2.500000E+4	-3.934540E-1	5.817064E-1
2.750000E+5	2.500000E+4	9.767787E-2	4.479535E-1
2.875000E+5	2.500000E+4	4.133904E-1	6.437659E-1
3.000000E+5	2.500000E+4	8.709762E-1	4.382883E-1
-3.000000E+5	3.750000E+4	1.081360E-2	6.087080E-1
-2.875000E+5	3.750000E+4	8.765106E-1	9.302318E-1
-2.750000E+5	3.750000E+4	-1.259072E-1	1.048311E+0
-2.625000E+5	3.750000E+4	9.706817E-1	5.826112E-1
-2.500000E+5	3.750000E+4	-7.048003E-1	9.483699E-1
-2.375000E+5	3.750000E+4	-5.382521E-1	6.779770E-1
-2.250000E+5	3.750000E+4	2.841060E-2	8.496275E-1
-2.125000E+5	3.750000E+4	5.220216E-1	5.009196E-1
-2.000000E+5	3.750000E+4	3.508767E-1	5.043610E-1
-1.875000E+5	3.750000E+4	-2.717822E-1	5.727110E-1
-1.750000E+5	3.750000E+4	9.810576E-1	2.836267E-1
-1.625000E+5	3.750000E+4	9.059693E-1	5.290735E-1
-1.500000E+5	3.750000E+4	-2.477748E-1	9.939885E-1
-1.375000E+5	3.750000E+4	1.183438E+0	4.111412E-1
-1.250000E+5	3.750000E+4	5.773345E-1	3.809794E-1
-1.125000E+5	3.750000E+4	-3.968442E-2	1.097733E+0
-1.000000E+5	3.750000E+4	9.462980E-1	5.412980E-1
-8.750000E+4	3.750000E+4	8.382552E-1	6.504858E-1
-7.500000E+4	3.750000E+4	1.643233E-1	7.265058E-1
-6.250000E+4	3.750000E+4	1.378230E-1	5.174790E-1
-5.000000E+4	3.750000E+4	-8.410877E-1	4.102114E-1
-3.750000E+4	3.750000E+4	2.677081E-1	4.835757E-1
-2.500000E+4	3.750000E+4	1.406454E+0	4.758763E-1
-1.250000E+4	3.750000E+4	-1.239022E-2	1.051449E+0
0.000000E+0	3.750000E+4	1.065986E+0	8.784696E-1
1.250000E+4	3.750000E+4	2.784674E-1	6.260025E-1
2.500000E+4	3.750000E+4	1.342816E+0	9.409258E-1
3.750000E+4	3.750000E+4	6.954962E-1	7.887243E-1
5.000000E+4	3.750000E+4	1.235829E+0	6.997155E-1
6.250000E+4	3.750000E+4	8.895986E-1	4.722633E-1
7.500000E+4	3.750000E+4	1.746211E+0	7.247865E-1
8.750000E+4	3.750000E+4	-4.172671E-1	5.340271E-1
1.000000E+5	3.750000E+4	7.120010E-1	6.342019E-1
1.125000E+5	3.750000E+4	6.040959E-1	3.689380E-1
1.250000E+5	3.750000E+4	4.322101E-1	1.126610E+0
1.375000E+5	3.750000E+4	-3.823322E-1	6.889440E-1
1.500000E+5	3.750000E+4	4.787682E-1	4.371657E-1
1.625000E+5	3.750000E+4	-2.722294E-1	3.664715E-1
1.750000E+5	3.750000E+4	4.755727E-1	5.084465E-1
1.875000E+5	3.750000E+4	1.579011E-1	7.270690E-1
2.000000E+5	3.750000E+4	-2.823318E-2	9.013976E-1
2.125000E+5	3.750000E+4	3.198643E-1	8.679613E-1
2.250000E+5	3.750000E+4	6.865220E-1	7.789772E-1
2.375000E+5	3.750000E+4	9.005828E-1	3.902742E-1
2.500000E+5	3.750000E+4	1.268087E-1	5.169713E-1
2.625000E+5	3.750000E+4	-4.624964E-1	6.703579E-1
2.750000E+5	3.750000E+4	3.236177E-1	4.662850E-1
2.875000E+5	3.750000E+4	1.187823E+0	6.487446E-1
3.000000E+5	3.750000E+4	6.095411E-1	8.323271E-1
-3.000000E+5	5.000000E+4	-1.208643E+0	5.881044E-1
-2.875000E+5	5.000000E+4	4.780145E-1	5.984741E-1
-2.750000E+5	5.000000E+4	-4.679329E-1	8.796064E-1
-2.625000E+5	5.000000E+4	1.021466E-1	1.118522E+0
-2.500000E+5	5.000000E+4	-1.307931E-1	4.160857E-1
-2.375000E+5	5.000000E+4	2.864922E-1	6.986867E-1
-2.250000E+5	5.000000E+4	8.987800E-2	8.303614E-1
-2.125000E+5	5.000000E+4	-8.970823E-2	1.149350E+0
-2.000000E+5	5.000000E+4	2.915248E-1	8.385148E-1
-1.875000E+5	5.000000E+4	5.686266E-1	3.302118E-1
-1.750000E+5	5.000000E+4	8.572871E-1	8.382697E-1
-1.625000E+5	5.000000E+4	-6.578277E-1	6.985375E-1
-1.500000E+5	5.000000E+4	-2.690354E-1	8.847377E-1
-1.375000E+5	5.000000E+4	5.848683E-1	7.045979E-1
-1.250000E+5	5.000000E+4	-1.508646E-1	4.640602E-1
-1.125000E+5	5.000000E+4	1.065851E+0	5.515223E-1
-1.000000E+5	5.000000E+4	4.508142E-1	6.020941E-1
-8.750000E+4	5.000000E+4	-1.568054E-1	1.257383E+0
-7.500000E+4	5.000000E+4	3.833866E-1	1.026110E+0
-6.250000E+4	5.000000E+4	9.889625E-1	1.120440E+0
-5.000000E+4	5.000000E+4	8.459786E-1	5.809210E-1
-3.750000E+4	5.000000E+4	3.950291E-1	5.110175E-1
-2.500000E+4	5.000000E+4	4.316457E-1	9.361659E-1
-1.250000E+4	5.000000E+4	5.616114E-1	6.252718E-1
0.000000E+0	5.000000E+4	4.789273E-1	4.972500E-1
1.250000E+4	5.000000E+4	1.203567E+0	8.158634E-1
2.500000E+4	5.000000E+4	6.561394E-1	6.251367E-1
3.750000E+4	5.000000E+4	1.220973E-1	2.377666E-1
5.000000E+4	5.000000E+4	8.961202E-1	6.587788E-1
6.250000E+4	5.000000E+4	1.199508E+0	6.160767E-1
7.500000E+4	5.000000E+4	6.158485E-1	5.923416E-1
8.750000E+4	5.000000E+4	6.921753E-1	8.322804E-1
1.000000E+5	5.000000E+4	-2.135367E-2	5.885112E-1
1.125000E+5	5.000000E+4	8.963298E-1	4.424403E-1
1.250000E+5	5.000000E+4	1.239237E+0	6.644435E-1
1.375000E+5	5.000000E+4	-5.060128E-2	7.855474E-1
1.500000E+5	5.000000E+4	-2.125329E-1	3.638863E-1
1.625000E+5	5.000000E+4	4.238274E-1	4.183016E-1
1.750000E+5	5.000000E+4	5.832428E-3	8.989650E-1
1.875000E+5	5.000000E+4	2.103485E-1	4.443948E-1
2.000000E+5	5.000000E+4	6.383920E-1	8.209720E-1
2.125000E+5	5.000000E+4	3.424338E-1	7.568319E-1
2.250000E+5	5.000000E+4	2.392097E-2	4.909645E-1
2.375000E+5	5.000000E+4	8.152640E-1	3.661282E-1
2.500000E+5	5.000000E+4	-1.672025E-2	4.778525E-1
2.625000E+5	5.000000E+4	5.191024E-1	4.897714E-1
2.750000E+5	5.000000E+4	-5.248898E-1	8.229944E-1
2.875000E+5	5.000000E+4	1.056317E-1	6.769095E-1
3.000000E+5	5.000000E+4	4.954744E-1	3.884789E-1
-3.000000E+5	6.250000E+4	3.375133E-1	5.591722E-1
-2.875000E+5	6.250000E+4	8.386565E-1	5.346289E-1
-2.750000E+5	6.250000E+4	2.982290E-1	6.624699E-1
-2.625000E+5	6.250000E+4	6.322474E-2	8.503020E-1
-2.500000E+5	6.250000E+4	4.068481E-2	7.471594E-1
-2.375000E+5	6.250000E+4	6.019146E-1	4.895722E-1
-2.250000E+5	6.250000E+4	-1.779273E-1	7.135775E-1
-2.125000E+5	6.250000E+4	-7.480675E-1	5.228791E-1
-2.000000E+5	6.250000E+4	-2.751853E-1	1.066547E+0
-1.875000E+5	6.250000E+4	8.258892E-1	6.678180E-1
-1.750000E+5	6.250000E+4	9.981365E-1	6.089267E-1
-1.625000E+5	6.250000E+4	1.101057E+0	6.157910E-1
-1.500000E+5	6.250000E+4	2.672696E-1	6.637252E-1
-1.375000E+5	6.250000E+4	1.933735E-1	4.086565E-1
-1.250000E+5	6.250000E+4	4.441157E-1	3.375744E-1
-1.125000E+5	6.250000E+4	6.588113E-1	3.609143E-1
-1.000000E+5	6.250000E+4	-7.364550E-2	5.044847E-1
-8.750000E+4	6.250000E+4	6.817622E-1	5.863043E-1
-7.500000E+4	6.250000E+4	1.724520E-1	8.114729E-1
-6.250000E+4	6.250000E+4	1.294968E+0	4.644625E-1
-5.000000E+4	6.250000E+4	3.693451E-1	7.200326E-1
-3.750000E+4	6.250000E+4	7.263943E-1	6.156468E-1
-2.500000E+4	6.250000E+4	5.267029E-1	8.781349E-1
-1.250000E+4	6.250000E+4	7.547027E-1	7.244039E-1
0.000000E+0	6.250000E+4	7.667077E-1	5.283790E-1
1.250000E+4	6.250000E+4	6.776708E-1	8.096391E-1
2.500000E+4	6.250000E+4	1.793123E-2	4.186322E-1
3.750000E+4	6.250000E+4	9.822193E-2	7.314875E-1
5.000000E+4	6.250000E+4	5.242172E-1	2.860614E-1
6.250000E+4	6.250000E+4	3.316334E-2	7.672183E-1
7.500000E+4	6.250000E+4	3.905297E-1	8.436205E-1
8.750000E+4	6.250000E+4	-2.715130E-1	4.129207E-1
1.000000E+5	6.250000E+4	-1.472479E-1	4.735997E-1
1.125000E+5	6.250000E+4	-2.922275E-1	1.143204E+0
1.250000E+5	6.250000E+4	-2.185966E-1	6.808132E-1
1.375000E+5	6.250000E+4	1.180670E+0	5.874458E-1
1.500000E+5	6.250000E+4	-7.460002E-2	5.246805E-1
1.625000E+5	6.250000E+4	3.375970E-1	4.167064E-1
1.750000E+5	6.250000E+4	1.352551E-1	6.435052E-1
1.875000E+5	6.250000E+4	-2.607787E-1	6.558711E-1
2.000000E+5	6.250000E+4	3.414642E-2	8.537771E-1
2.125000E+5	6.250000E+4	4.788849E-1	6.984277E-1
2.250000E+5	6.250000E+4	-4.791455E-1	5.674369E-1
2.375000E+5	6.250000E+4	6.659054E-1	4.490276E-1
2.500000E+5	6.250000E+4	-7.091681E-1	6.245116E-1
2.625000E+5	6.250000E+4	-2.416194E-1	3.294863E-1
2.750000E+5	6.250000E+4	-3.313151E-1	3.882461E-1
2.875000E+5	6.250000E+4	4.684453E-1	3.460513E-1
3.000000E+5	6.250000E+4	-5.803312E-1	6.688290E-1
-3.000000E+5	7.500000E+4	-2.303573E-1	1.035601E+0
-2.875000E+5	7.500000E+4	-5.328620E-1	6.152543E-1
-2.750000E+5	7.500000E+4	2.963515E-1	5.033877E-1
-2.625000E+5	7.500000E+4	-9.610692E-1	1.120712E+0
-2.500000E+5	7.500000E+4	4.228918E-1	1.085733E+0
-2.375000E+5	7.500000E+4	-2.278532E-1	3.399172E-1
-2.250000E+5	7.500000E+4	2.320756E-1	6.777533E-1
-2.125000E+5	7.500000E+4	4.435961E-1	8.607364E-1
-2.000000E+5	7.500000E+4	-1.462001E-1	7.792747E-1
-1.875000E+5	7.500000E+4	5.401015E-1	7.359773E-1
-1.750000E+5	7.500000E+4	-1.577472E-1	5.427972E-1
-1.625000E+5	7.500000E+4	-7.740598E-2	9.497529E-1
-1.500000E+5	7.500000E+4	6.535053E-1	8.682726E-1
-1.375000E+5	7.500000E+4	7.321189E-1	7.159753E-1
-1.250000E+5	7.500000E+4	-3.561174E-1	6.294364E-1
-1.125000E+5	7.500000E+4	3.012547E-1	7.760700E-1
-1.000000E+5	7.500000E+4	8.626675E-1	7.045297E-1
-8.750000E+4	7.500000E+4	-8.142038E-2	5.188660E-1
-7.500000E+4	7.500000E+4	-1.048980E-1	7.818760E-1
-6.250000E+4	7.500000E+4	2.129846E-1	8.506589E-1
-5.000000E+4	7.500000E+4	8.255966E-1	5.705679E-1
-3.750000E+4	7.500000E+4	-2.327293E-1	7.451449E-1
-2.500000E+4	7.500000E+4	-8.576527E-1	6.705201E-1
-1.250000E+4	7.500000E+4	8.032606E-1	8.969614E-1
0.000000E+0	7.500000E+4	2.483856E-1	4.647920E-1
1.250000E+4	7.500000E+4	6.415559E-1	9.576498E-1
2.500000E+4	7.500000E+4	4.391498E-1	3.237647E-1
3.750000E+4	7.500000E+4	-9.432941E-2	6.383956E-1
5.000000E+4	7.500000E+4	1.484034E+0	3.012219E-1
6.250000E+4	7.500000E+4	6.333405E-1	6.756739E-1
7.500000E+4	7.500000E+4	2.084547E-1	9.346512E-1
8.750000E+4	7.500000E+4	1.160173E-1	4.556288E-1
1.000000E+5	7.500000E+4	9.954861E-1	6.379165E-1
1.125000E+5	7.500000E+4	2.628692E-1	9.339548E-1
1.250000E+5	7.500000E+4	5.138077E-1	1.619004E-1
1.375000E+5	7.500000E+4	8.237370E-1	1.140841E+0
1.500000E+5	7.500000E+4	8.632115E-1	4.961467E-1
1.625000E+5	7.500000E+4	2.795938E-1	4.150006E-1
1.750000E+5	7.500000E+4	-7.489073E-1	8.339893E-1
1.875000E+5	7.500000E+4	-7.553772E-2	5.990608E-1
2.000000E+5	7.500000E+4	1.484196E-1	8.419377E-1
2.125000E+5	7.500000E+4	-4.060530E-1	9.436355E-1
2.250000E+5	7.500000E+4	-6.828355E-1	5.794124E-1
2.375000E+5	7.500000E+4	-5.546835E-1	5.091234E-1
2.500000E+5	7.500000E+4	1.799607E-1	5.810443E-1
2.625000E+5	7.500000E+4	3.906761E-1	5.379219E-1
2.750000E+5	7.500000E+4	6.880726E-1	5.640995E-1
2.875000E+5	7.500000E+4	-4.155457E-1	4.154491E-1
3.000000E+5	7.500000E+4	9.602462E-1	7.983092E-1
-3.000000E+5	8.750000E+4	1.380560E+0	5.134666E-1
-2.875000E+5	8.750000E+4	-7.578090E-1	5.816491E-1
-2.750000E+5	8.750000E+4	-1.863436E-1	4.392989E-1
-2.625000E+5	8.750000E+4	8.158557E-2	1.099420E+0
-2.500000E+5	8.750000E+4	5.259699E-2	5.210625E-1
-2.375000E+5	8.750000E+4	-2.379343E-1	4.991711E-1
-2.250000E+5	8.750000E+4	8.446799E-1	8.501305E-1
-2.125000E+5	8.750000E+4	5.330370E-2	6.389625E-1
-2.000000E+5	8.750000E+4	5.808396E-1	9.534494E-1
-1.875000E+5	8.750000E+4	-3.255018E-1	3.938265E-1
-1.750000E+5	8.750000E+4	3.461974E-1	4.097075E-1
-1.625000E+5	8.750000E+4	3.647460E-2	3.823686E-1
-1.500000E+5	8.750000E+4	-2.585617E-1	6.963939E-1
-1.375000E+5	8.750000E+4	2.253980E-1	6.290238E-1
-1.250000E+5	8.750000E+4	9.697064E-2	4.763456E-1
-1.125000E+5	8.750000E+4	-8.744378E-2	5.941510E-1
-1.000000E+5	8.750000E+4	-6.771235E-2	5.654092E-1
-8.750000E+4	8.750000E+4	9.346970E-2	7.445175E-1
-7.500000E+4	8.750000E+4	-2.074859E-1	3.692081E-1
-6.250000E+4	8.750000E+4	1.006128E-1	5.432569E-1
-5.000000E+4	8.750000E+4	-7.696543E-2	6.486180E-1
-3.750000E+4	8.750000E+4	1.123814E+0	8.644624E-1
-2.500000E+4	8.750000E+4	2.497797E-1	1.084837E+0
-1.250000E+4	8.750000E+4	3.843743E-1	6.799197E-1
0.000000E+0	8.750000E+4	2.852380E-2	4.170024E-1
1.250000E+4	8.750000E+4	6.320922E-1	3.654550E-1
2.500000E+4	8.750000E+4	5.876747E-1	5.938010E-1
3.750000E+4	8.750000E+4	3.635955E-1	5.631002E-1
5.000000E+4	8.750000E+4	2.682432E-2	7.697623E-1
6.250000E+4	8.750000E+4	3.647001E-2	5.656698E-1
7.500000E+4	8.750000E+4	9.125480E-1	3.493634E-1
8.750000E+4	8.750000E+4	4.687630E-1	7.290128E-1
1.000000E+5	8.750000E+4	2.462706E-1	3.240753E-1
1.125000E+5	8.750000E+4	-3.550094E-1	8.356595E-1
1.250000E+5	8.750000E+4	1.738267E-1	6.735160E-1
1.375000E+5	8.750000E+4	-3.463835E-1	6.904874E-1
1.500000E+5	8.750000E+4	-4.764823E-1	7.282848E-1
1.625000E+5	8.750000E+4	-8.099836E-1	4.635597E-1
1.750000E+5	8.750000E+4	7.971903E-1	4.940609E-1
1.875000E+5	8.750000E+4	1.459645E-1	3.957790E-1
2.000000E+5	8.750000E+4	1.072501E-1	7.417328E-1
2.125000E+5	8.750000E+4	1.873894E-1	6.325992E-1
2.250000E+5	8.750000E+4	2.955336E-1	5.010928E-1
2.375000E+5	8.750000E+4	-2.515715E-1	7.861859E-1
2.500000E+5	8.750000E+4	-1.348865E-1	9.357648E-1
2.625000E+5	8.750000E+4	8.032682E-1	5.675552E-1
2.750000E+5	8.750000E+4	3.553382E+0	8.846434E+0
2.875000E+5	8.750000E+4	-4.190885E-1	7.462078E-1
3.000000E+5	8.750000E+4	3.699743E-1	9.104242E-1
-3.000000E+5	1.000000E+5	-5.253992E-1	5.311600E-1
-2.875000E+5	1.000000E+5	1.139073E+0	8.043042E-1
-2.750000E+5	1.000000E+5	1.501394E+0	9.884688E-1
-2.625000E+5	1.000000E+5	9.212562E-2	6.824997E-1
-2.500000E+5	1.000000E+5	4.422297E-2	7.799306E-1
-2.375000E+5	1.000000E+5	2.115161E-1	3.957514E-1
-2.250000E+5	1.000000E+5	-1.062615E-1	8.665158E-1
-2.125000E+5	1.000000E+5	1.876593E-2	5.182064E-1
-2.000000E+5	1.000000E+5	7.441898E-2	2.606592E-1
-1.875000E+5	1.000000E+5	3.465380E-1	6.145082E-1
-1.750000E+5	1.000000E+5	4.921524E-1	9.066584E-1
-1.625000E+5	1.000000E+5	-4.369134E-1	7.273776E-1
-1.500000E+5	1.000000E+5	-4.508166E-2	5.849762E-1
-1.375000E+5	1.000000E+5	7.857905E-1	6.337536E-1
-1.250000E+5	1.000000E+5	6.022445E-1	6.809291E-1
-1.125000E+5	1.000000E+5	-5.792440E-2	4.417000E-1
-1.000000E+5	1.000000E+5	1.905018E-1	1.000218E+0
-8.750000E+4	1.000000E+5	-3.065571E-1	7.007218E-1
-7.500000E+4	1.000000E+5	-4.506847E-1	8.065190E-1
-6.250000E+4	1.000000E+5	-1.856614E-1	4.532243E-1
-5.000000E+4	1.000000E+5	1.582815E-1	7.238155E-1
-3.750000E+4	1.000000E+5	7.592974E-1	1.263678E+0
-2.500000E+4	1.000000E+5	8.953543E-1	4.165786E-1
-1.250000E+4	1.000000E+5	-4.470588E-1	4.350717E-1
0.000000E+0	1.000000E+5	-2.452564E-1	5.983783E-1
1.250000E+4	1.000000E+5	8.584190E-1	3.294684E-1
2.500000E+4	1.000000E+5	5.094878E-1	4.923274E-1
3.750000E+4	1.000000E+5	4.656037E-1	5.426586E-1
5.000000E+4	1.000000E+5	6.877546E-2	6.241314E-1
6.250000E+4	1.000000E+5	6.388963E-1	5.158102E-1
7.500000E+4	1.000000E+5	2.608771E-1	5.330216E-1
8.750000E+4	1.000000E+5	1.931247E-1	9.762772E-1
1.000000E+5	1.000000E+5	5.262986E-1	4.517038E-1
1.125000E+5	1.000000E+5	4.985659E-1	6.677913E-1
1.250000E+5	1.000000E+5	2.012040E-1	8.913387E-1
1.375000E+5	1.000000E+5	-1.719202E-1	7.912705E-1
1.500000E+5	1.000000E+5	2.054259E-1	3.112825E-1
1.625000E+5	1.000000E+5	7.235527E-1	2.924136E-1
1.750000E+5	1.000000E+5	-3.524527E-2	6.377456E-1
1.875000E+5	1.000000E+5	-8.136217E-1	8.294533E-1
2.000000E+5	1.000000E+5	-2.373429E-1	6.141695E-1
2.125000E+5	1.000000E+5	1.841342E-1	2.771563E-1
2.250000E+5	1.000000E+5	6.342562E-1	7.586345E-1
2.375000E+5	1.000000E+5	1.594774E-2	7.906679E-1
2.500000E+5	1.000000E+5	5.775866E-2	4.506818E-1
2.625000E+5	1.000000E+5	1.238432E-1	7.729738E-1
2.750000E+5	1.000000E+5	-1.996463E-1	6.865142E-1
2.875000E+5	1.000000E+5	2.361349E-1	4.025153E-1
3.000000E+5	1.000000E+5	7.877939E-1	6.975004E-1
-3.000000E+5	1.125000E+5	1.235409E+0	6.590921E-1
-2.875000E+5	1.125000E+5	2.360943E-2	2.947086E-1
-2.750000E+5	1.125000E+5	4.062213E-1	6.764142E-1
-2.625000E+5	1.125000E+5	3.148680E-2	6.451794E-1
-2.500000E+5	1.125000E+5	5.091100E-1	4.602489E-1
-2.375000E+5	1.125000E+5	8.899821E-1	5.083407E-1
-2.250000E+5	1.125000E+5	-2.360600E-1	5.991205E-1
-2.125000E+5	1.125000E+5	-3.296380E-1	5.863248E-1
-2.000000E+5	1.125000E+5	-8.008284E-1	4.046549E-1
-1.875000E+5	1.125000E+5	-3.877641E-1	5.203597E-1
-1.750000E+5	1.125000E+5	1.703390E+0	7.176471E-1
-1.625000E+5	1.125000E+5	2.627402E-1	3.457815E-1
-1.500000E+5	1.125000E+5	-4.892858E-1	9.346967E-1
-1.375000E+5	1.125000E+5	-4.322678E-1	8.210588E-1
-1.250000E+5	1.125000E+5	-1.900924E-1	7.865573E-1
-1.125000E+5	1.125000E+5	2.122703E-1	6.389883E-1
-1.000000E+5	1.125000E+5	8.765596E-1	5.800812E-1
-8.750000E+4	1.125000E+5	1.480719E-1	4.741131E-1
-7.500000E+4	1.125000E+5	6.869136E-1	5.152528E-1
-6.250000E+4	1.125000E+5	-4.537532E-1	1.140480E+0
-5.000000E+4	1.125000E+5	2.633960E-1	4.385397E-1
-3.750000E+4	1.125000E+5	-4.183542E-1	6.639259E-1
-2.500000E+4	1.125000E+5	4.385675E-1	9.069977E-1
-1.250000E+4	1.125000E+5	9.883705E-1	2.264740E-1
0.000000E+0	1.125000E+5	3.208627E-1	4.273744E-1
1.250000E+4	1.125000E+5	6.997034E-1	3.989809E-1
2.500000E+4	1.125000E+5	4.498280E-1	3.495212E-1
3.750000E+4	1.125000E+5	6.839308E-1	3.998472E-1
5.000000E+4	1.125000E+5	-2.362211E-1	5.403462E-1
6.250000E+4	1.125000E+5	3.322395E-1	3.643052E-1
7.500000E+4	1.125000E+5	3.470061E-1	4.384360E-1
8.750000E+4	1.125000E+5	4.597741E-1	6.746768E-1
1.000000E+5	1.125000E+5	2.736127E-1	8.400661E-1
1.125000E+5	1.125000E+5	7.158324E-1	7.929415E-1
1.250000E+5	1.125000E+5	1.220366E-1	6.352368E-1
1.375000E+5	1.125000E+5	-9.069946E-2	7.613650E-1
1.500000E+5	1.125000E+5	-1.577686E-1	8.492785E-1
1.625000E+5	1.125000E+5	2.105749E-1	5.380511E-1
1.750000E+5	1.125000E+5	-1.224670E-1	8.529400E-1
1.875000E+5	1.125000E+5	-1.823464E-2	4.897344E-1
2.000000E+5	1.125000E+5	3.394756E-2	5.958995E-1
2.125000E+5	1.125000E+5	-1.050311E-1	6.390470E-1
2.250000E+5	1.125000E+5	-7.185981E-1	6.636501E-1
2.375000E+5	1.125000E+5	-6.911815E-1	3.204000E-1
2.500000E+5	1.125000E+5	-4.575259E-1	3.614101E-1
2.625000E+5	1.125000E+5	-1.177382E-1	1.125001E+0
2.750000E+5	1.125000E+5	1.009968E-1	6.388478E-1
2.875000E+5	1.125000E+5	-3.715341E-1	9.527703E-1
3.000000E+5	1.125000E+5	-8.248843E-1	3.517205E-1
-3.000000E+5	1.250000E+5	4.972157E-1	7.247694E-1
-2.875000E+5	1.250000E+5	5.828098E-1	8.671826E-1
-2.750000E+5	1.250000E+5	7.866783E-1	2.196108E-1
-2.625000E+5	1.250000E+5	-5.963996E-1	4.447663E-1
-2.500000E+5	1.250000E+5	-2.425330E-3	6.748602E-1
-2.375000E+5	1.250000E+5	1.887126E-1	3.953458E-1
-2.250000E+5	1.250000E+5	-3.631626E-1	6.072863E-1
-2.125000E+5	1.250000E+5	5.749906E-1	1.143461E+0
-2.000000E+5	1.250000E+5	1.648551E-1	3.882354E-1
-1.875000E+5	1.250000E+5	2.592129E-2	5.050273E-1
-1.750000E+5	1.250000E+5	4.578971E-1	5.528686E-1
-1.625000E+5	1.250000E+5	5.155000E-1	7.152091E-1
-1.500000E+5	1.250000E+5	6.342032E-1	8.287134E-1
-1.375000E+5	1.250000E+5	2.116655E-1	6.385636E-1
-1.250000E+5	1.250000E+5	5.098060E-1	6.295028E-1
-1.125000E+5	1.250000E+5	1.747450E-1	4.257151E-1
-1.000000E+5	1.250000E+5	9.079013E-1	4.662660E-1
-8.750000E+4	1.250000E+5	5.232776E-2	6.646544E-1
-7.500000E+4	1.250000E+5	1.938727E-1	4.841605E-1
-6.250000E+4	1.250000E+5	1.732301E-1	5.008873E-1
-5.000000E+4	1.250000E+5	1.889757E-1	4.185553E-1
-3.750000E+4	1.250000E+5	-5.422991E-1	4.879863E-1
-2.500000E+4	1.250000E+5	-1.184847E-1	5.536775E-1
-1.250000E+4	1.250000E+5	1.253377E+0	3.932450E-1
0.000000E+0	1.250000E+5	-1.056441E+0	3.672650E-1
1.250000E+4	1.250000E+5	1.861845E-1	6.164157E-1
2.500000E+4	1.250000E+5	9.937994E-1	6.063730E-1
3.750000E+4	1.250000E+5	-5.445845E-1	1.129814E+0
5.000000E+4	1.250000E+5	6.482530E-2	5.542930E-1
6.250000E+4	1.250000E+5	1.440870E-1	6.271367E-1
7.500000E+4	1.250000E+5	-5.503662E-1	2.921244E-1
8.750000E+4	1.250000E+5	2.384055E-1	6.117466E-1
1.000000E+5	1.250000E+5	3.605127E-1	2.336360E-1
1.125000E+5	1.250000E+5	5.281633E-1	6.729019E-1
1.250000E+5	1.250000E+5	1.146898E+0	5.423687E-1
1.375000E+5	1.250000E+5	2.646029E-1	6.153660E-1
1.500000E+5	1.250000E+5	5.410922E-1	9.814538E-1
1.625000E+5	1.250000E+5	3.865276E-1	9.405064E-1
1.750000E+5	1.250000E+5	1.573117E-1	5.115748E-1
1.875000E+5	1.250000E+5	2.481893E-1	8.453629E-1
2.000000E+5	1.250000E+5	3.848597E-1	1.387452E+0
2.125000E+5	1.250000E+5	-5.666334E-1	7.549374E-1
2.250000E+5	1.250000E+5	5.009588E-1	1.295499E+0
2.375000E+5	1.250000E+5	6.278805E-1	3.639014E-1
2.500000E+5	1.250000E+5	-6.352245E-1	9.575191E-1
2.625000E+5	1.250000E+5	3.467246E-1	4.284852E-1
2.750000E+5	1.250000E+5	-1.149761E+0	8.008912E-1
2.875000E+5	1.250000E+5	2.021402E-1	6.146224E-1
3.000000E+5	1.250000E+5	1.074526E+0	7.027120E-1
-3.000000E+5	1.375000E+5	4.480286E-1	2.664649E-1
-2.875000E+5	1.375000E+5	-2.596549E-1	5.783134E-1
-2.750000E+5	1.375000E+5	2.295486E-1	1.126640E+0
-2.625000E+5	1.375000E+5	-5.415627E-2	4.428174E-1
-2.500000E+5	1.375000E+5	-5.719627E-2	3.569185E-1
-2.375000E+5	1.375000E+5	9.513706E-2	5.710827E-1
-2.250000E+5	1.375000E+5	2.246607E-1	4.179995E-1
-2.125000E+5	1.375000E+5	1.553898E+0	4.985606E-1
-2.000000E+5	1.375000E+5	3.337851E-2	3.679719E-1
-1.875000E+5	1.375000E+5	3.259030E-1	6.069722E-1
-1.750000E+5	1.375000E+5	-6.718610E-1	8.515183E-1
-1.625000E+5	1.375000E+5	1.256834E-1	6.629455E-1
-1.500000E+5	1.375000E+5	8.030796E-1	7.273944E-1
-1.375000E+5	1.375000E+5	-4.644614E-2	6.235740E-1
-1.250000E+5	1.375000E+5	1.561957E+0	6.437904E-1
-1.125000E+5	1.375000E+5	9.112468E-1	5.414623E-1
-1.000000E+5	1.375000E+5	-5.872327E-1	4.059540E-1
-8.750000E+4	1.375000E+5	-4.582097E-1	5.901899E-1
-7.500000E+4	1.375000E+5	7.912189E-1	4.041619E-1
-6.250000E+4	1.375000E+5	7.463022E-1	3.293788E-1
-5.000000E+4	1.375000E+5	4.920428E-1	6.269462E-1
-3.750000E+4	1.375000E+5	6.019034E-1	6.482417E-1
-2.500000E+4	1.375000E+5	8.146318E-1	4.044335E-1
-1.250000E+4	1.375000E+5	-2.245185E-1	5.355893E-1
0.000000E+0	1.375000E+5	1.560803E-1	6.865112E-1
1.250000E+4	1.375000E+5	8.882255E-1	5.207584E-1
2.500000E+4	1.375000E+5	3.075544E-1	6.501553E-1
3.750000E+4	1.375000E+5	9.433722E-1	6.981484E-1
5.000000E+4	1.375000E+5	2.967926E-1	1.004970E+0
6.250000E+4	1.375000E+5	1.368679E-1	9.527211E-1
7.500000E+4	1.375000E+5	5.957127E-1	4.978067E-1
8.750000E+4	1.375000E+5	-3.900574E-2	8.945745E-1
1.000000E+5	1.375000E+5	3.602939E-1	5.262519E-1
1.125000E+5	1.375000E+5	-2.897418E-1	7.179773E-1
1.250000E+5	1.375000E+5	-3.340420E-1	3.503959E-1
1.375000E+5	1.375000E+5	9.435272E-1	3.797524E-1
1.500000E+5	1.375000E+5	-1.093494E-1	5.459215E-1
1.625000E+5	1.375000E+5	4.426946E-1	4.687595E-1
1.750000E+5	1.375000E+5	-4.632521E-1	8.275312E-1
1.875000E+5	1.375000E+5	7.352053E-1	6.554736E-1
2.000000E+5	1.375000E+5	-4.638288E-1	6.525219E-1
2.125000E+5	1.375000E+5	8.210566E-2	9.054861E-1
2.250000E+5	1.375000E+5	-5.692347E-2	3.633515E-1
2.375000E+5	1.375000E+5	-1.203839E-2	6.824539E-1
2.500000E+5	1.375000E+5	-2.610030E-1	5.923733E-1
2.625000E+5	1.375000E+5	2.203781E-1	7.161480E-1
2.750000E+5	1.375000E+5	-4.523979E-1	5.160502E-1
2.875000E+5	1.375000E+5	3.773780E-1	3.444186E-1
3.000000E+5	1.375000E+5	-3.680755E-1	7.532336E-1
-3.000000E+5	1.500000E+5	7.141834E-1	6.602545E-1
-2.875000E+5	1.500000E+5	2.487941E-1	3.537638E-1
-2.750000E+5	1.500000E+5	-2.552560E-1	3.245352E-1
-2.625000E+5	1.500000E+5	-3.028196E-1	7.598984E-1
-2.500000E+5	1.500000E+5	-9.420703E-2	8.174875E-1
-2.375000E+5	1.500000E+5	-2.028117E-1	4.332810E-1
-2.250000E+5	1.500000E+5	-1.097804E+0	3.499554E-1
-2.125000E+5	1.500000E+5	2.010882E-1	7.042687E-1
-2.000000E+5	1.500000E+5	2.126175E-1	7.717595E-1
-1.875000E+5	1.500000E+5	-2.377957E-1	5.550206E-1
-1.750000E+5	1.500000E+5	6.293842E-1	8.777428E-1
