-3.000000E+5	-3.000000E+5	1.283542E+0	4.009235E-2
-2.850000E+5	-3.000000E+5	1.448724E+0	2.726254E-2
-2.700000E+5	-3.000000E+5	1.398628E+0	4.068270E-2
-2.550000E+5	-3.000000E+5	1.312461E+0	4.370359E-2
-2.400000E+5	-3.000000E+5	1.259946E+0	2.681975E-2
-2.250000E+5	-3.000000E+5	1.211305E+0	2.052836E-2
-2.100000E+5	-3.000000E+5	1.113807E+0	2.973632E-2
-1.950000E+5	-3.000000E+5	1.054656E+0	2.344341E-2
-1.800000E+5	-3.000000E+5	9.523168E-1	3.244726E-2
-1.650000E+5	-3.000000E+5	8.708375E-1	3.910686E-2
-1.500000E+5	-3.000000E+5	8.303906E-1	2.510430E-2
-1.350000E+5	-3.000000E+5	7.750435E-1	2.386932E-2
-1.200000E+5	-3.000000E+5	7.343834E-1	2.605768E-2
-1.050000E+5	-3.000000E+5	7.157951E-1	1.285007E-2
-9.000000E+4	-3.000000E+5	6.695767E-1	2.343364E-2
-7.500000E+4	-3.000000E+5	6.805231E-1	2.447280E-2
-6.000000E+4	-3.000000E+5	6.732495E-1	2.558767E-2
-4.500000E+4	-3.000000E+5	6.779114E-1	3.179371E-2
-3.000000E+4	-3.000000E+5	6.825693E-1	2.525252E-2
-1.500000E+4	-3.000000E+5	6.508146E-1	2.453674E-2
0.000000E+0	-3.000000E+5	6.948328E-1	1.993853E-2
1.500000E+4	-3.000000E+5	6.528149E-1	3.324739E-2
3.000000E+4	-3.000000E+5	7.330434E-1	3.494920E-2
4.500000E+4	-3.000000E+5	6.495755E-1	2.174575E-2
6.000000E+4	-3.000000E+5	6.775882E-1	3.137707E-2
7.500000E+4	-3.000000E+5	7.095596E-1	2.880174E-2
9.000000E+4	-3.000000E+5	6.940313E-1	3.691150E-2
1.050000E+5	-3.000000E+5	6.687068E-1	2.518322E-2
1.200000E+5	-3.000000E+5	6.535792E-1	3.725701E-2
1.350000E+5	-3.000000E+5	5.806759E-1	4.721122E-2
1.500000E+5	-3.000000E+5	6.039664E-1	2.364309E-2
1.650000E+5	-3.000000E+5	5.947266E-1	3.118661E-2
1.800000E+5	-3.000000E+5	6.030251E-1	2.254767E-2
1.950000E+5	-3.000000E+5	6.449890E-1	3.722178E-2
2.100000E+5	-3.000000E+5	6.553633E-1	2.791094E-2
2.250000E+5	-3.000000E+5	6.641407E-1	1.612817E-2
2.400000E+5	-3.000000E+5	6.191470E-1	3.345702E-2
2.550000E+5	-3.000000E+5	6.003528E-1	1.824159E-2
2.700000E+5	-3.000000E+5	6.059244E-1	3.350779E-2
2.850000E+5	-3.000000E+5	5.269043E-1	4.781928E-2
3.000000E+5	-3.000000E+5	6.025601E-1	2.282845E-2
-3.000000E+5	-2.850000E+5	1.431582E+0	1.415661E-2
-2.850000E+5	-2.850000E+5	1.371727E+0	3.191285E-2
-2.700000E+5	-2.850000E+5	1.344271E+0	2.696573E-2
-2.550000E+5	-2.850000E+5	1.311903E+0	3.972353E-2
-2.400000E+5	-2.850000E+5	1.234558E+0	3.900592E-2
-2.250000E+5	-2.850000E+5	1.126679E+0	3.722769E-2
-2.100000E+5	-2.850000E+5	1.010818E+0	2.881410E-2
-1.950000E+5	-2.850000E+5	9.745809E-1	4.726843E-2
-1.800000E+5	-2.850000E+5	9.079115E-1	2.852748E-2
-1.650000E+5	-2.850000E+5	8.083493E-1	2.282704E-2
-1.500000E+5	-2.850000E+5	7.496537E-1	2.817882E-2
-1.350000E+5	-2.850000E+5	7.257126E-1	1.945274E-2
-1.200000E+5	-2.850000E+5	6.697679E-1	3.515099E-2
-1.050000E+5	-2.850000E+5	6.703609E-1	3.895786E-2
-9.000000E+4	-2.850000E+5	6.931191E-1	3.541821E-2
-7.500000E+4	-2.850000E+5	7.069005E-1	1.949787E-2
-6.000000E+4	-2.850000E+5	6.774811E-1	3.580020E-2
-4.500000E+4	-2.850000E+5	6.770818E-1	2.607976E-2
-3.000000E+4	-2.850000E+5	6.923007E-1	1.687176E-2
-1.500000E+4	-2.850000E+5	6.507595E-1	2.793371E-2
0.000000E+0	-2.850000E+5	7.150986E-1	2.980202E-2
1.500000E+4	-2.850000E+5	6.905227E-1	2.564081E-2
3.000000E+4	-2.850000E+5	7.074247E-1	2.748297E-2
4.500000E+4	-2.850000E+5	6.499911E-1	2.600564E-2
6.000000E+4	-2.850000E+5	6.771364E-1	2.770393E-2
7.500000E+4	-2.850000E+5	7.039544E-1	4.458336E-2
9.000000E+4	-2.850000E+5	6.498585E-1	2.106574E-2
1.050000E+5	-2.850000E+5	6.362209E-1	3.680929E-2
1.200000E+5	-2.850000E+5	6.409557E-1	4.727431E-2
1.350000E+5	-2.850000E+5	5.995675E-1	2.601961E-2
1.500000E+5	-2.850000E+5	6.136840E-1	4.492221E-2
1.650000E+5	-2.850000E+5	6.061957E-1	2.409917E-2
1.800000E+5	-2.850000E+5	6.054395E-1	3.585770E-2
1.950000E+5	-2.850000E+5	6.543028E-1	3.129526E-2
2.100000E+5	-2.850000E+5	6.139955E-1	5.152837E-2
2.250000E+5	-2.850000E+5	6.745992E-1	4.929677E-2
2.400000E+5	-2.850000E+5	6.335118E-1	4.124038E-2
2.550000E+5	-2.850000E+5	5.899341E-1	2.196750E-2
2.700000E+5	-2.850000E+5	5.703209E-1	3.677893E-2
2.850000E+5	-2.850000E+5	5.993931E-1	2.802673E-2
3.000000E+5	-2.850000E+5	5.487422E-1	3.016067E-2
-3.000000E+5	-2.700000E+5	1.375290E+0	3.251392E-2
-2.850000E+5	-2.700000E+5	1.378245E+0	3.708670E-2
-2.700000E+5	-2.700000E+5	1.307314E+0	3.520716E-2
-2.550000E+5	-2.700000E+5	1.221085E+0	5.779712E-2
-2.400000E+5	-2.700000E+5	1.142889E+0	3.976815E-2
-2.250000E+5	-2.700000E+5	1.030460E+0	3.906521E-2
-2.100000E+5	-2.700000E+5	9.890614E-1	2.156431E-2
-1.950000E+5	-2.700000E+5	8.514223E-1	4.110846E-2
-1.800000E+5	-2.700000E+5	8.284321E-1	3.909625E-2
-1.650000E+5	-2.700000E+5	8.024045E-1	3.342468E-2
-1.500000E+5	-2.700000E+5	7.596905E-1	3.798353E-2
-1.350000E+5	-2.700000E+5	6.825127E-1	5.288171E-2
-1.200000E+5	-2.700000E+5	6.092188E-1	2.301121E-2
-1.050000E+5	-2.700000E+5	7.125752E-1	2.460941E-2
-9.000000E+4	-2.700000E+5	6.676952E-1	2.673876E-2
-7.500000E+4	-2.700000E+5	6.889048E-1	4.137190E-2
-6.000000E+4	-2.700000E+5	6.975088E-1	2.542736E-2
-4.500000E+4	-2.700000E+5	6.687512E-1	1.783063E-2
-3.000000E+4	-2.700000E+5	6.722888E-1	3.187502E-2
-1.500000E+4	-2.700000E+5	6.759402E-1	2.628584E-2
0.000000E+0	-2.700000E+5	7.055677E-1	2.836847E-2
1.500000E+4	-2.700000E+5	6.855354E-1	2.391486E-2
3.000000E+4	-2.700000E+5	7.454349E-1	3.802768E-2
4.500000E+4	-2.700000E+5	6.776983E-1	2.754269E-2
6.000000E+4	-2.700000E+5	6.713511E-1	3.763309E-2
7.500000E+4	-2.700000E+5	6.754002E-1	4.039382E-2
9.000000E+4	-2.700000E+5	6.641774E-1	3.991129E-2
1.050000E+5	-2.700000E+5	6.493486E-1	2.033816E-2
1.200000E+5	-2.700000E+5	6.125148E-1	2.896058E-2
1.350000E+5	-2.700000E+5	6.285459E-1	4.631109E-2
1.500000E+5	-2.700000E+5	6.062788E-1	2.096071E-2
1.650000E+5	-2.700000E+5	6.208001E-1	4.826972E-2
1.800000E+5	-2.700000E+5	6.000030E-1	5.329277E-2
1.950000E+5	-2.700000E+5	6.713154E-1	4.460766E-2
2.100000E+5	-2.700000E+5	6.355682E-1	1.726788E-2
2.250000E+5	-2.700000E+5	6.024607E-1	3.806471E-2
2.400000E+5	-2.700000E+5	6.125994E-1	2.753010E-2
2.550000E+5	-2.700000E+5	6.152907E-1	2.401862E-2
2.700000E+5	-2.700000E+5	5.852910E-1	3.540673E-2
2.850000E+5	-2.700000E+5	5.577235E-1	3.416780E-2
3.000000E+5	-2.700000E+5	5.207469E-1	3.185530E-2
-3.000000E+5	-2.550000E+5	1.360836E+0	1.934179E-2
-2.850000E+5	-2.550000E+5	1.269320E+0	5.403885E-2
-2.700000E+5	-2.550000E+5	1.224387E+0	2.637703E-2
-2.550000E+5	-2.550000E+5	1.133063E+0	3.262280E-2
-2.400000E+5	-2.550000E+5	1.009759E+0	3.417720E-2
-2.250000E+5	-2.550000E+5	9.555745E-1	1.524565E-2
-2.100000E+5	-2.550000E+5	8.471549E-1	2.827577E-2
-1.950000E+5	-2.550000E+5	8.126641E-1	2.805890E-2
-1.800000E+5	-2.550000E+5	7.282131E-1	5.209063E-2
-1.650000E+5	-2.550000E+5	7.321715E-1	4.568567E-2
-1.500000E+5	-2.550000E+5	6.778834E-1	2.258355E-2
-1.350000E+5	-2.550000E+5	6.638399E-1	4.312382E-2
-1.200000E+5	-2.550000E+5	6.582815E-1	2.887210E-2
-1.050000E+5	-2.550000E+5	6.569348E-1	3.995029E-2
-9.000000E+4	-2.550000E+5	6.446637E-1	3.636236E-2
-7.500000E+4	-2.550000E+5	6.619073E-1	1.869449E-2
-6.000000E+4	-2.550000E+5	6.786085E-1	3.591837E-2
-4.500000E+4	-2.550000E+5	6.851356E-1	3.416888E-2
-3.000000E+4	-2.550000E+5	6.941720E-1	3.624693E-2
-1.500000E+4	-2.550000E+5	6.641055E-1	1.716624E-2
0.000000E+0	-2.550000E+5	6.956910E-1	3.109393E-2
1.500000E+4	-2.550000E+5	6.703446E-1	2.435558E-2
3.000000E+4	-2.550000E+5	6.762813E-1	3.316082E-2
4.500000E+4	-2.550000E+5	6.768672E-1	2.957165E-2
6.000000E+4	-2.550000E+5	6.775484E-1	1.771463E-2
7.500000E+4	-2.550000E+5	6.723959E-1	2.787029E-2
9.000000E+4	-2.550000E+5	6.602232E-1	2.660567E-2
1.050000E+5	-2.550000E+5	6.198099E-1	3.359625E-2
1.200000E+5	-2.550000E+5	6.570384E-1	3.993252E-2
1.350000E+5	-2.550000E+5	6.496153E-1	3.422548E-2
1.500000E+5	-2.550000E+5	6.323329E-1	2.609484E-2
1.650000E+5	-2.550000E+5	6.074408E-1	1.596835E-2
1.800000E+5	-2.550000E+5	6.338396E-1	2.746343E-2
1.950000E+5	-2.550000E+5	6.059779E-1	6.179601E-2
2.100000E+5	-2.550000E+5	6.587343E-1	3.433625E-2
2.250000E+5	-2.550000E+5	6.222706E-1	2.299897E-2
2.400000E+5	-2.550000E+5	6.430325E-1	2.271116E-2
2.550000E+5	-2.550000E+5	5.599318E-1	2.727543E-2
2.700000E+5	-2.550000E+5	6.230462E-1	2.868086E-2
2.850000E+5	-2.550000E+5	5.823871E-1	4.687794E-2
3.000000E+5	-2.550000E+5	5.579177E-1	3.832413E-2
-3.000000E+5	-2.400000E+5	1.324803E+0	1.859357E-2
-2.850000E+5	-2.400000E+5	1.216700E+0	1.597572E-2
-2.700000E+5	-2.400000E+5	1.129657E+0	4.725420E-2
-2.550000E+5	-2.400000E+5	1.041023E+0	2.457918E-2
-2.400000E+5	-2.400000E+5	9.440912E-1	4.777970E-2
-2.250000E+5	-2.400000E+5	8.883106E-1	3.242089E-2
-2.100000E+5	-2.400000E+5	8.064321E-1	4.134930E-2
-1.950000E+5	-2.400000E+5	7.585963E-1	3.658611E-2
-1.800000E+5	-2.400000E+5	6.874791E-1	3.409564E-2
-1.650000E+5	-2.400000E+5	6.617212E-1	5.541691E-2
-1.500000E+5	-2.400000E+5	6.741963E-1	1.775538E-2
-1.350000E+5	-2.400000E+5	6.396040E-1	1.887113E-2
-1.200000E+5	-2.400000E+5	6.500584E-1	4.675273E-2
-1.050000E+5	-2.400000E+5	6.527308E-1	4.728751E-2
-9.000000E+4	-2.400000E+5	6.411551E-1	2.640021E-2
-7.500000E+4	-2.400000E+5	7.111515E-1	3.157887E-2
-6.000000E+4	-2.400000E+5	6.882062E-1	1.694910E-2
-4.500000E+4	-2.400000E+5	7.122927E-1	4.764370E-2
-3.000000E+4	-2.400000E+5	6.879982E-1	3.720416E-2
-1.500000E+4	-2.400000E+5	7.201502E-1	4.370669E-2
0.000000E+0	-2.400000E+5	6.859999E-1	2.580973E-2
1.500000E+4	-2.400000E+5	7.001312E-1	3.101787E-2
3.000000E+4	-2.400000E+5	6.829171E-1	3.014785E-2
4.500000E+4	-2.400000E+5	6.516579E-1	2.462742E-2
6.000000E+4	-2.400000E+5	7.145984E-1	2.738158E-2
7.500000E+4	-2.400000E+5	6.372483E-1	3.015964E-2
9.000000E+4	-2.400000E+5	6.428520E-1	2.659937E-2
1.050000E+5	-2.400000E+5	6.544624E-1	3.202058E-2
1.200000E+5	-2.400000E+5	6.677161E-1	6.106687E-2
1.350000E+5	-2.400000E+5	6.375165E-1	2.531612E-2
1.500000E+5	-2.400000E+5	6.094860E-1	4.474863E-2
1.650000E+5	-2.400000E+5	6.356345E-1	3.871083E-2
1.800000E+5	-2.400000E+5	6.454178E-1	3.610666E-2
1.950000E+5	-2.400000E+5	6.311657E-1	2.175658E-2
2.100000E+5	-2.400000E+5	6.640708E-1	2.995091E-2
2.250000E+5	-2.400000E+5	6.106720E-1	2.452273E-2
2.400000E+5	-2.400000E+5	6.010610E-1	2.330425E-2
2.550000E+5	-2.400000E+5	6.259245E-1	2.346430E-2
2.700000E+5	-2.400000E+5	5.641588E-1	4.132735E-2
2.850000E+5	-2.400000E+5	5.664998E-1	3.217226E-2
3.000000E+5	-2.400000E+5	5.540752E-1	2.087445E-2
-3.000000E+5	-2.250000E+5	1.215691E+0	4.020030E-2
-2.850000E+5	-2.250000E+5	1.134411E+0	2.566908E-2
-2.700000E+5	-2.250000E+5	1.052459E+0	5.162860E-2
-2.550000E+5	-2.250000E+5	9.645553E-1	3.379244E-2
-2.400000E+5	-2.250000E+5	8.660843E-1	3.682613E-2
-2.250000E+5	-2.250000E+5	8.279161E-1	2.847319E-2
-2.100000E+5	-2.250000E+5	7.531863E-1	1.947440E-2
-1.950000E+5	-2.250000E+5	7.828770E-1	3.128196E-2
-1.800000E+5	-2.250000E+5	6.837982E-1	4.540033E-2
-1.650000E+5	-2.250000E+5	6.221625E-1	2.467140E-2
-1.500000E+5	-2.250000E+5	6.284189E-1	2.740922E-2
-1.350000E+5	-2.250000E+5	6.678277E-1	3.259014E-2
-1.200000E+5	-2.250000E+5	6.760029E-1	4.521204E-2
-1.050000E+5	-2.250000E+5	6.446209E-1	2.948324E-2
-9.000000E+4	-2.250000E+5	6.807276E-1	4.827873E-2
-7.500000E+4	-2.250000E+5	6.902580E-1	3.173421E-2
-6.000000E+4	-2.250000E+5	6.365523E-1	2.009070E-2
-4.500000E+4	-2.250000E+5	7.507536E-1	2.514289E-2
-3.000000E+4	-2.250000E+5	6.474452E-1	2.231561E-2
-1.500000E+4	-2.250000E+5	6.795752E-1	3.245962E-2
0.000000E+0	-2.250000E+5	6.595690E-1	2.070538E-2
1.500000E+4	-2.250000E+5	6.712690E-1	2.379782E-2
3.000000E+4	-2.250000E+5	7.097050E-1	1.956096E-2
4.500000E+4	-2.250000E+5	6.551002E-1	5.828642E-2
6.000000E+4	-2.250000E+5	6.856644E-1	1.862115E-2
7.500000E+4	-2.250000E+5	6.715173E-1	2.891836E-2
9.000000E+4	-2.250000E+5	6.981523E-1	3.223662E-2
1.050000E+5	-2.250000E+5	6.703793E-1	2.698703E-2
1.200000E+5	-2.250000E+5	6.267256E-1	2.511954E-2
1.350000E+5	-2.250000E+5	6.825117E-1	3.184168E-2
1.500000E+5	-2.250000E+5	6.896314E-1	3.547010E-2
1.650000E+5	-2.250000E+5	6.664556E-1	2.949104E-2
1.800000E+5	-2.250000E+5	6.482406E-1	3.425820E-2
1.950000E+5	-2.250000E+5	6.667223E-1	2.606644E-2
2.100000E+5	-2.250000E+5	6.212009E-1	3.159494E-2
2.250000E+5	-2.250000E+5	6.002895E-1	2.701510E-2
2.400000E+5	-2.250000E+5	6.446132E-1	2.084904E-2
2.550000E+5	-2.250000E+5	5.609297E-1	2.033850E-2
2.700000E+5	-2.250000E+5	5.927079E-1	2.796955E-2
2.850000E+5	-2.250000E+5	5.859406E-1	2.176680E-2
3.000000E+5	-2.250000E+5	5.379976E-1	4.604097E-2
-3.000000E+5	-2.100000E+5	1.123762E+0	3.076438E-2
-2.850000E+5	-2.100000E+5	1.027413E+0	4.423580E-2
-2.700000E+5	-2.100000E+5	9.559269E-1	2.262887E-2
-2.550000E+5	-2.100000E+5	8.821700E-1	5.350226E-2
-2.400000E+5	-2.100000E+5	8.479142E-1	3.931488E-2
-2.250000E+5	-2.100000E+5	8.288798E-1	4.486783E-2
-2.100000E+5	-2.100000E+5	6.927341E-1	6.872047E-2
-1.950000E+5	-2.100000E+5	7.209028E-1	2.326915E-2
-1.800000E+5	-2.100000E+5	6.555744E-1	2.460563E-2
-1.650000E+5	-2.100000E+5	6.234582E-1	3.657683E-2
-1.500000E+5	-2.100000E+5	7.020509E-1	3.945899E-2
-1.350000E+5	-2.100000E+5	6.736849E-1	4.683979E-2
-1.200000E+5	-2.100000E+5	6.657790E-1	4.427081E-2
-1.050000E+5	-2.100000E+5	6.745849E-1	2.550223E-2
-9.000000E+4	-2.100000E+5	6.529153E-1	3.643051E-2
-7.500000E+4	-2.100000E+5	6.873746E-1	4.559112E-2
-6.000000E+4	-2.100000E+5	6.507717E-1	2.659035E-2
-4.500000E+4	-2.100000E+5	6.870865E-1	4.185167E-2
-3.000000E+4	-2.100000E+5	6.959046E-1	3.388178E-2
-1.500000E+4	-2.100000E+5	7.108242E-1	3.207720E-2
0.000000E+0	-2.100000E+5	6.796262E-1	1.811762E-2
1.500000E+4	-2.100000E+5	7.090966E-1	5.276505E-2
3.000000E+4	-2.100000E+5	7.078433E-1	2.762565E-2
4.500000E+4	-2.100000E+5	7.402819E-1	3.057676E-2
6.000000E+4	-2.100000E+5	7.318798E-1	3.500227E-2
7.500000E+4	-2.100000E+5	6.725397E-1	4.188584E-2
9.000000E+4	-2.100000E+5	6.702008E-1	1.742028E-2
1.050000E+5	-2.100000E+5	7.422710E-1	3.120442E-2
1.200000E+5	-2.100000E+5	6.966348E-1	1.963228E-2
1.350000E+5	-2.100000E+5	6.692748E-1	3.436537E-2
1.500000E+5	-2.100000E+5	6.478439E-1	4.456419E-2
1.650000E+5	-2.100000E+5	6.953590E-1	4.554613E-2
1.800000E+5	-2.100000E+5	6.711176E-1	2.734996E-2
1.950000E+5	-2.100000E+5	7.111622E-1	2.370301E-2
2.100000E+5	-2.100000E+5	6.428531E-1	3.086210E-2
2.250000E+5	-2.100000E+5	6.680246E-1	3.223870E-2
2.400000E+5	-2.100000E+5	6.013088E-1	1.918381E-2
2.550000E+5	-2.100000E+5	5.982913E-1	5.890244E-2
2.700000E+5	-2.100000E+5	5.363930E-1	2.566806E-2
2.850000E+5	-2.100000E+5	5.638361E-1	3.480574E-2
3.000000E+5	-2.100000E+5	5.281755E-1	5.177030E-2
-3.000000E+5	-1.950000E+5	1.048541E+0	3.309821E-2
-2.850000E+5	-1.950000E+5	9.858669E-1	3.158071E-2
-2.700000E+5	-1.950000E+5	9.032812E-1	2.273944E-2
-2.550000E+5	-1.950000E+5	8.797419E-1	2.787228E-2
-2.400000E+5	-1.950000E+5	8.221910E-1	4.742808E-2
-2.250000E+5	-1.950000E+5	7.607124E-1	1.975179E-2
-2.100000E+5	-1.950000E+5	7.081605E-1	1.217104E-2
-1.950000E+5	-1.950000E+5	6.129543E-1	2.415349E-2
-1.800000E+5	-1.950000E+5	6.667463E-1	2.470197E-2
-1.650000E+5	-1.950000E+5	6.460710E-1	2.734450E-2
-1.500000E+5	-1.950000E+5	6.731414E-1	2.861682E-2
-1.350000E+5	-1.950000E+5	6.455004E-1	5.019955E-2
-1.200000E+5	-1.950000E+5	6.607652E-1	2.165479E-2
-1.050000E+5	-1.950000E+5	6.829033E-1	1.665320E-2
-9.000000E+4	-1.950000E+5	6.632249E-1	3.582632E-2
-7.500000E+4	-1.950000E+5	6.885208E-1	4.070648E-2
-6.000000E+4	-1.950000E+5	6.788802E-1	3.333176E-2
-4.500000E+4	-1.950000E+5	6.524651E-1	5.620771E-2
-3.000000E+4	-1.950000E+5	6.992949E-1	2.382031E-2
-1.500000E+4	-1.950000E+5	7.000904E-1	2.910710E-2
0.000000E+0	-1.950000E+5	6.914996E-1	3.657618E-2
1.500000E+4	-1.950000E+5	7.023961E-1	1.932362E-2
3.000000E+4	-1.950000E+5	7.015635E-1	2.847687E-2
4.500000E+4	-1.950000E+5	7.134899E-1	4.316112E-2
6.000000E+4	-1.950000E+5	7.208839E-1	2.471182E-2
7.500000E+4	-1.950000E+5	7.506536E-1	2.063671E-2
9.000000E+4	-1.950000E+5	7.105697E-1	3.609241E-2
1.050000E+5	-1.950000E+5	7.033608E-1	4.145159E-2
1.200000E+5	-1.950000E+5	6.365457E-1	1.707710E-2
1.350000E+5	-1.950000E+5	7.406459E-1	2.303286E-2
1.500000E+5	-1.950000E+5	6.747175E-1	2.219267E-2
1.650000E+5	-1.950000E+5	6.348548E-1	3.564830E-2
1.800000E+5	-1.950000E+5	6.513372E-1	4.911166E-2
1.950000E+5	-1.950000E+5	6.240333E-1	2.046954E-2
2.100000E+5	-1.950000E+5	6.586629E-1	2.312347E-2
2.250000E+5	-1.950000E+5	6.843417E-1	3.204316E-2
2.400000E+5	-1.950000E+5	6.345132E-1	3.853971E-2
2.550000E+5	-1.950000E+5	6.479342E-1	2.915866E-2
2.700000E+5	-1.950000E+5	6.272217E-1	4.323998E-2
2.850000E+5	-1.950000E+5	5.901798E-1	2.386644E-2
3.000000E+5	-1.950000E+5	5.766100E-1	1.936622E-2
-3.000000E+5	-1.800000E+5	9.339361E-1	2.309539E-2
-2.850000E+5	-1.800000E+5	8.756795E-1	3.896865E-2
-2.700000E+5	-1.800000E+5	8.748627E-1	4.654115E-2
-2.550000E+5	-1.800000E+5	8.006392E-1	3.138456E-2
-2.400000E+5	-1.800000E+5	7.064044E-1	3.559639E-2
-2.250000E+5	-1.800000E+5	7.219909E-1	3.107680E-2
-2.100000E+5	-1.800000E+5	6.735814E-1	1.761553E-2
-1.950000E+5	-1.800000E+5	6.459196E-1	4.717047E-2
-1.800000E+5	-1.800000E+5	6.744166E-1	2.400054E-2
-1.650000E+5	-1.800000E+5	6.254146E-1	5.266891E-2
-1.500000E+5	-1.800000E+5	6.388086E-1	4.294829E-2
-1.350000E+5	-1.800000E+5	6.630699E-1	3.423670E-2
-1.200000E+5	-1.800000E+5	6.403464E-1	2.793061E-2
-1.050000E+5	-1.800000E+5	6.988768E-1	3.227407E-2
-9.000000E+4	-1.800000E+5	7.184400E-1	2.491012E-2
-7.500000E+4	-1.800000E+5	7.185190E-1	4.043135E-2
-6.000000E+4	-1.800000E+5	7.162020E-1	5.637077E-2
-4.500000E+4	-1.800000E+5	7.292406E-1	1.917582E-2
-3.000000E+4	-1.800000E+5	7.254250E-1	3.899396E-2
-1.500000E+4	-1.800000E+5	6.729359E-1	3.593222E-2
0.000000E+0	-1.800000E+5	7.223106E-1	2.274334E-2
1.500000E+4	-1.800000E+5	7.430496E-1	3.832574E-2
3.000000E+4	-1.800000E+5	7.265927E-1	2.329761E-2
4.500000E+4	-1.800000E+5	7.363179E-1	4.203348E-2
6.000000E+4	-1.800000E+5	7.507515E-1	1.472844E-2
7.500000E+4	-1.800000E+5	7.510881E-1	2.329012E-2
9.000000E+4	-1.800000E+5	6.892683E-1	4.269348E-2
1.050000E+5	-1.800000E+5	6.892123E-1	2.622464E-2
1.200000E+5	-1.800000E+5	6.964247E-1	2.075920E-2
1.350000E+5	-1.800000E+5	6.756939E-1	4.294944E-2
1.500000E+5	-1.800000E+5	7.138004E-1	2.283171E-2
1.650000E+5	-1.800000E+5	6.840067E-1	2.218789E-2
1.800000E+5	-1.800000E+5	7.245587E-1	2.701364E-2
1.950000E+5	-1.800000E+5	7.158584E-1	3.046723E-2
2.100000E+5	-1.800000E+5	7.083874E-1	3.059614E-2
2.250000E+5	-1.800000E+5	6.622485E-1	3.056292E-2
2.400000E+5	-1.800000E+5	6.273471E-1	2.734047E-2
2.550000E+5	-1.800000E+5	6.643033E-1	3.510519E-2
2.700000E+5	-1.800000E+5	6.426879E-1	4.918557E-2
2.850000E+5	-1.800000E+5	5.880571E-1	2.872164E-2
3.000000E+5	-1.800000E+5	5.726598E-1	2.195292E-2
-3.000000E+5	-1.650000E+5	9.167103E-1	3.135903E-2
-2.850000E+5	-1.650000E+5	8.855363E-1	2.230655E-2
-2.700000E+5	-1.650000E+5	8.158387E-1	3.354934E-2
-2.550000E+5	-1.650000E+5	7.565817E-1	2.391086E-2
-2.400000E+5	-1.650000E+5	7.160929E-1	3.234034E-2
-2.250000E+5	-1.650000E+5	7.051883E-1	3.807620E-2
-2.100000E+5	-1.650000E+5	6.309801E-1	3.831903E-2
-1.950000E+5	-1.650000E+5	6.289089E-1	3.299181E-2
-1.800000E+5	-1.650000E+5	6.404851E-1	2.466965E-2
-1.650000E+5	-1.650000E+5	6.570317E-1	4.721817E-2
-1.500000E+5	-1.650000E+5	6.854834E-1	5.929764E-2
-1.350000E+5	-1.650000E+5	7.057380E-1	2.462201E-2
-1.200000E+5	-1.650000E+5	7.407219E-1	3.629195E-2
-1.050000E+5	-1.650000E+5	7.376834E-1	5.258151E-2
-9.000000E+4	-1.650000E+5	6.756847E-1	6.000551E-2
-7.500000E+4	-1.650000E+5	7.478885E-1	2.097028E-2
-6.000000E+4	-1.650000E+5	6.825933E-1	2.370856E-2
-4.500000E+4	-1.650000E+5	7.464179E-1	1.783377E-2
-3.000000E+4	-1.650000E+5	7.513889E-1	3.431292E-2
-1.500000E+4	-1.650000E+5	7.403660E-1	2.663173E-2
0.000000E+0	-1.650000E+5	6.788150E-1	9.658816E-2
1.500000E+4	-1.650000E+5	8.146399E-1	2.273439E-2
3.000000E+4	-1.650000E+5	8.218549E-1	2.291812E-2
4.500000E+4	-1.650000E+5	8.306588E-1	1.556276E-2
6.000000E+4	-1.650000E+5	7.571670E-1	4.751421E-2
7.500000E+4	-1.650000E+5	7.544707E-1	3.480714E-2
9.000000E+4	-1.650000E+5	7.851812E-1	4.923884E-2
1.050000E+5	-1.650000E+5	7.177113E-1	2.884849E-2
1.200000E+5	-1.650000E+5	7.271041E-1	3.190597E-2
1.350000E+5	-1.650000E+5	7.252399E-1	1.733824E-2
1.500000E+5	-1.650000E+5	6.877264E-1	3.892989E-2
1.650000E+5	-1.650000E+5	6.896737E-1	2.004327E-2
1.800000E+5	-1.650000E+5	7.017190E-1	2.433815E-2
1.950000E+5	-1.650000E+5	7.111729E-1	3.553579E-2
2.100000E+5	-1.650000E+5	6.897293E-1	1.849267E-2
2.250000E+5	-1.650000E+5	6.684401E-1	3.478704E-2
2.400000E+5	-1.650000E+5	7.096366E-1	1.476589E-2
2.550000E+5	-1.650000E+5	5.891570E-1	2.415468E-2
2.700000E+5	-1.650000E+5	5.844369E-1	3.360240E-2
2.850000E+5	-1.650000E+5	5.773111E-1	5.588735E-2
3.000000E+5	-1.650000E+5	5.781810E-1	2.606331E-2
-3.000000E+5	-1.500000E+5	8.824086E-1	2.387970E-2
-2.850000E+5	-1.500000E+5	7.907590E-1	3.690593E-2
-2.700000E+5	-1.500000E+5	7.549210E-1	2.218500E-2
-2.550000E+5	-1.500000E+5	7.492504E-1	2.075182E-2
-2.400000E+5	-1.500000E+5	6.988228E-1	3.063878E-2
-2.250000E+5	-1.500000E+5	7.043046E-1	2.821667E-2
-2.100000E+5	-1.500000E+5	6.642982E-1	3.364490E-2
-1.950000E+5	-1.500000E+5	6.663409E-1	2.033167E-2
-1.800000E+5	-1.500000E+5	6.716810E-1	1.566564E-2
-1.650000E+5	-1.500000E+5	7.050537E-1	3.032052E-2
-1.500000E+5	-1.500000E+5	7.013646E-1	3.297785E-2
-1.350000E+5	-1.500000E+5	7.687514E-1	2.340118E-2
-1.200000E+5	-1.500000E+5	7.790268E-1	2.603402E-2
-1.050000E+5	-1.500000E+5	7.993323E-1	2.988822E-2
-9.000000E+4	-1.500000E+5	7.834088E-1	2.590279E-2
-7.500000E+4	-1.500000E+5	7.936638E-1	2.115909E-2
-6.000000E+4	-1.500000E+5	7.689895E-1	2.102460E-2
-4.500000E+4	-1.500000E+5	8.103109E-1	2.037227E-2
-3.000000E+4	-1.500000E+5	7.678198E-1	4.440395E-2
-1.500000E+4	-1.500000E+5	8.084457E-1	5.083760E-2
0.000000E+0	-1.500000E+5	8.551440E-1	3.269037E-2
1.500000E+4	-1.500000E+5	8.523447E-1	4.219674E-2
3.000000E+4	-1.500000E+5	8.825636E-1	3.976610E-2
4.500000E+4	-1.500000E+5	7.989474E-1	4.451818E-2
6.000000E+4	-1.500000E+5	8.373797E-1	2.925835E-2
7.500000E+4	-1.500000E+5	7.777337E-1	4.039007E-2
9.000000E+4	-1.500000E+5	7.672548E-1	4.771770E-2
1.050000E+5	-1.500000E+5	7.447649E-1	1.891016E-2
1.200000E+5	-1.500000E+5	6.874429E-1	5.196671E-2
1.350000E+5	-1.500000E+5	6.754864E-1	1.548383E-2
1.500000E+5	-1.500000E+5	7.146616E-1	2.672824E-2
1.650000E+5	-1.500000E+5	6.943729E-1	4.719970E-2
1.800000E+5	-1.500000E+5	6.679843E-1	1.335997E-2
1.950000E+5	-1.500000E+5	6.583615E-1	3.690591E-2
2.100000E+5	-1.500000E+5	6.568522E-1	3.443751E-2
2.250000E+5	-1.500000E+5	6.803462E-1	1.956515E-2
2.400000E+5	-1.500000E+5	6.622826E-1	4.640850E-2
2.550000E+5	-1.500000E+5	6.862727E-1	2.633138E-2
2.700000E+5	-1.500000E+5	6.236213E-1	4.860615E-2
2.850000E+5	-1.500000E+5	6.072777E-1	2.466758E-2
3.000000E+5	-1.500000E+5	5.816085E-1	2.391179E-2
-3.000000E+5	-1.350000E+5	7.624720E-1	4.024740E-2
-2.850000E+5	-1.350000E+5	7.362889E-1	3.120819E-2
-2.700000E+5	-1.350000E+5	7.481857E-1	2.564580E-2
-2.550000E+5	-1.350000E+5	7.363230E-1	3.700519E-2
-2.400000E+5	-1.350000E+5	6.533579E-1	3.757666E-2
-2.250000E+5	-1.350000E+5	7.121372E-1	3.894093E-2
-2.100000E+5	-1.350000E+5	6.874750E-1	3.922279E-2
-1.950000E+5	-1.350000E+5	7.406067E-1	4.388928E-2
-1.800000E+5	-1.350000E+5	7.334360E-1	2.478901E-2
-1.650000E+5	-1.350000E+5	6.804946E-1	2.904815E-2
-1.500000E+5	-1.350000E+5	7.560473E-1	2.150909E-2
-1.350000E+5	-1.350000E+5	7.818383E-1	2.946413E-2
-1.200000E+5	-1.350000E+5	7.727704E-1	3.130862E-2
-1.050000E+5	-1.350000E+5	8.340542E-1	2.973592E-2
-9.000000E+4	-1.350000E+5	8.452413E-1	1.651603E-2
-7.500000E+4	-1.350000E+5	8.204930E-1	2.474089E-2
-6.000000E+4	-1.350000E+5	8.104399E-1	4.120515E-2
-4.500000E+4	-1.350000E+5	8.537122E-1	3.422603E-2
-3.000000E+4	-1.350000E+5	8.315817E-1	3.803240E-2
-1.500000E+4	-1.350000E+5	9.212371E-1	1.815809E-2
0.000000E+0	-1.350000E+5	9.531535E-1	3.885515E-2
1.500000E+4	-1.350000E+5	9.097492E-1	1.514946E-2
3.000000E+4	-1.350000E+5	9.287520E-1	2.728724E-2
4.500000E+4	-1.350000E+5	9.255345E-1	4.379912E-2
6.000000E+4	-1.350000E+5	9.005022E-1	1.749177E-2
7.500000E+4	-1.350000E+5	8.699157E-1	3.549402E-2
9.000000E+4	-1.350000E+5	8.061782E-1	3.882686E-2
1.050000E+5	-1.350000E+5	7.842716E-1	2.827293E-2
1.200000E+5	-1.350000E+5	7.660265E-1	4.223330E-2
1.350000E+5	-1.350000E+5	7.120561E-1	2.763400E-2
1.500000E+5	-1.350000E+5	7.126455E-1	2.212863E-2
1.650000E+5	-1.350000E+5	6.516850E-1	3.742467E-2
1.800000E+5	-1.350000E+5	6.608937E-1	3.540574E-2
1.950000E+5	-1.350000E+5	7.000231E-1	3.122741E-2
2.100000E+5	-1.350000E+5	6.556275E-1	3.303034E-2
2.250000E+5	-1.350000E+5	6.361418E-1	3.590497E-2
2.400000E+5	-1.350000E+5	7.066609E-1	2.302965E-2
2.550000E+5	-1.350000E+5	6.557539E-1	3.013183E-2
2.700000E+5	-1.350000E+5	6.420857E-1	2.628234E-2
2.850000E+5	-1.350000E+5	5.651348E-1	2.611141E-2
3.000000E+5	-1.350000E+5	5.657365E-1	3.679885E-2
-3.000000E+5	-1.200000E+5	7.524408E-1	5.248300E-2
-2.850000E+5	-1.200000E+5	7.345394E-1	2.666018E-2
-2.700000E+5	-1.200000E+5	7.217747E-1	1.997038E-2
-2.550000E+5	-1.200000E+5	6.672026E-1	3.476656E-2
-2.400000E+5	-1.200000E+5	6.975710E-1	4.282829E-2
-2.250000E+5	-1.200000E+5	7.221280E-1	3.062446E-2
-2.100000E+5	-1.200000E+5	7.435692E-1	3.783323E-2
-1.950000E+5	-1.200000E+5	7.431551E-1	5.957071E-2
-1.800000E+5	-1.200000E+5	7.686157E-1	3.359821E-2
-1.650000E+5	-1.200000E+5	7.719214E-1	2.275467E-2
-1.500000E+5	-1.200000E+5	7.838601E-1	4.366441E-2
-1.350000E+5	-1.200000E+5	8.048902E-1	2.275857E-2
-1.200000E+5	-1.200000E+5	8.538147E-1	2.392105E-2
-1.050000E+5	-1.200000E+5	8.589815E-1	1.420644E-2
-9.000000E+4	-1.200000E+5	8.729516E-1	1.667190E-2
-7.500000E+4	-1.200000E+5	8.744955E-1	2.009588E-2
-6.000000E+4	-1.200000E+5	8.964414E-1	2.765161E-2
-4.500000E+4	-1.200000E+5	8.865230E-1	3.800796E-2
-3.000000E+4	-1.200000E+5	9.731098E-1	2.100687E-2
-1.500000E+4	-1.200000E+5	9.703656E-1	2.361109E-2
0.000000E+0	-1.200000E+5	1.005605E+0	3.873077E-2
1.500000E+4	-1.200000E+5	1.004488E+0	2.018655E-2
3.000000E+4	-1.200000E+5	1.008983E+0	3.854158E-2
4.500000E+4	-1.200000E+5	1.005643E+0	3.113872E-2
6.000000E+4	-1.200000E+5	9.639786E-1	2.800337E-2
7.500000E+4	-1.200000E+5	9.198451E-1	2.898259E-2
9.000000E+4	-1.200000E+5	8.247705E-1	3.364051E-2
1.050000E+5	-1.200000E+5	8.141249E-1	2.947872E-2
1.200000E+5	-1.200000E+5	7.479706E-1	3.339881E-2
1.350000E+5	-1.200000E+5	7.310655E-1	1.767867E-2
1.500000E+5	-1.200000E+5	6.940430E-1	3.563811E-2
1.650000E+5	-1.200000E+5	7.076139E-1	3.905119E-2
1.800000E+5	-1.200000E+5	7.049818E-1	3.461810E-2
1.950000E+5	-1.200000E+5	6.491564E-1	3.327996E-2
2.100000E+5	-1.200000E+5	6.780919E-1	3.073049E-2
2.250000E+5	-1.200000E+5	7.263255E-1	2.369926E-2
2.400000E+5	-1.200000E+5	6.748230E-1	5.781592E-2
2.550000E+5	-1.200000E+5	6.162992E-1	3.584532E-2
2.700000E+5	-1.200000E+5	6.162386E-1	1.805998E-2
2.850000E+5	-1.200000E+5	6.165751E-1	2.459863E-2
3.000000E+5	-1.200000E+5	5.784206E-1	2.170948E-2
-3.000000E+5	-1.050000E+5	7.378634E-1	3.463184E-2
-2.850000E+5	-1.050000E+5	6.945463E-1	3.028281E-2
-2.700000E+5	-1.050000E+5	6.949297E-1	4.524285E-2
-2.550000E+5	-1.050000E+5	6.820441E-1	1.773242E-2
-2.400000E+5	-1.050000E+5	7.437389E-1	2.056892E-2
-2.250000E+5	-1.050000E+5	7.353991E-1	2.852489E-2
-2.100000E+5	-1.050000E+5	7.405179E-1	5.389586E-2
-1.950000E+5	-1.050000E+5	7.087683E-1	3.014467E-2
-1.800000E+5	-1.050000E+5	8.170237E-1	3.326287E-2
-1.650000E+5	-1.050000E+5	8.075498E-1	4.905383E-2
-1.500000E+5	-1.050000E+5	8.299628E-1	1.778385E-2
-1.350000E+5	-1.050000E+5	8.873663E-1	3.349454E-2
-1.200000E+5	-1.050000E+5	9.141522E-1	2.801669E-2
-1.050000E+5	-1.050000E+5	8.823999E-1	3.850785E-2
-9.000000E+4	-1.050000E+5	9.564974E-1	1.372933E-2
-7.500000E+4	-1.050000E+5	9.742801E-1	5.063187E-2
-6.000000E+4	-1.050000E+5	9.425625E-1	4.401544E-2
-4.500000E+4	-1.050000E+5	1.029163E+0	4.565373E-2
-3.000000E+4	-1.050000E+5	1.009925E+0	1.232047E-2
-1.500000E+4	-1.050000E+5	1.091482E+0	4.265247E-2
0.000000E+0	-1.050000E+5	1.145657E+0	2.799243E-2
1.500000E+4	-1.050000E+5	1.166570E+0	4.190498E-2
3.000000E+4	-1.050000E+5	1.159258E+0	1.998015E-2
4.500000E+4	-1.050000E+5	1.163961E+0	2.251756E-2
6.000000E+4	-1.050000E+5	1.049883E+0	3.606736E-2
7.500000E+4	-1.050000E+5	9.904942E-1	2.086974E-2
9.000000E+4	-1.050000E+5	9.196437E-1	2.290485E-2
1.050000E+5	-1.050000E+5	8.064760E-1	2.606970E-2
1.200000E+5	-1.050000E+5	7.642413E-1	3.199897E-2
1.350000E+5	-1.050000E+5	7.900018E-1	5.611918E-2
1.500000E+5	-1.050000E+5	7.002704E-1	2.764334E-2
1.650000E+5	-1.050000E+5	7.393029E-1	4.514871E-2
1.800000E+5	-1.050000E+5	7.062372E-1	4.551886E-2
1.950000E+5	-1.050000E+5	6.788369E-1	3.048181E-2
2.100000E+5	-1.050000E+5	6.402500E-1	3.070420E-2
2.250000E+5	-1.050000E+5	6.421290E-1	2.776383E-2
2.400000E+5	-1.050000E+5	6.790077E-1	3.878383E-2
2.550000E+5	-1.050000E+5	6.574860E-1	3.935282E-2
2.700000E+5	-1.050000E+5	5.944288E-1	4.137299E-2
2.850000E+5	-1.050000E+5	5.678158E-1	4.397485E-2
3.000000E+5	-1.050000E+5	6.175281E-1	3.155039E-2
-3.000000E+5	-9.000000E+4	7.051419E-1	2.685444E-2
-2.850000E+5	-9.000000E+4	7.114875E-1	3.934268E-2
-2.700000E+5	-9.000000E+4	6.820814E-1	3.384007E-2
-2.550000E+5	-9.000000E+4	7.278221E-1	2.230864E-2
-2.400000E+5	-9.000000E+4	7.444416E-1	2.255741E-2
-2.250000E+5	-9.000000E+4	7.955153E-1	1.603907E-2
-2.100000E+5	-9.000000E+4	7.763549E-1	4.681001E-2
-1.950000E+5	-9.000000E+4	7.920684E-1	3.127737E-2
-1.800000E+5	-9.000000E+4	8.407124E-1	2.133427E-2
-1.650000E+5	-9.000000E+4	8.401102E-1	3.750313E-2
-1.500000E+5	-9.000000E+4	8.672101E-1	5.065417E-2
-1.350000E+5	-9.000000E+4	9.238437E-1	2.810691E-2
-1.200000E+5	-9.000000E+4	9.196575E-1	3.914951E-2
-1.050000E+5	-9.000000E+4	9.868118E-1	2.756216E-2
-9.000000E+4	-9.000000E+4	1.023092E+0	3.318064E-2
-7.500000E+4	-9.000000E+4	9.993684E-1	2.292086E-2
-6.000000E+4	-9.000000E+4	1.053058E+0	3.654506E-2
-4.500000E+4	-9.000000E+4	1.118355E+0	2.195883E-2
-3.000000E+4	-9.000000E+4	1.183941E+0	3.313669E-2
-1.500000E+4	-9.000000E+4	1.269340E+0	2.318116E-2
0.000000E+0	-9.000000E+4	1.385348E+0	3.556523E-2
1.500000E+4	-9.000000E+4	1.405633E+0	3.296396E-2
3.000000E+4	-9.000000E+4	1.382212E+0	2.982320E-2
4.500000E+4	-9.000000E+4	1.298355E+0	2.752200E-2
6.000000E+4	-9.000000E+4	1.276008E+0	2.146223E-2
7.500000E+4	-9.000000E+4	1.096043E+0	4.257996E-2
9.000000E+4	-9.000000E+4	1.050815E+0	3.030506E-2
1.050000E+5	-9.000000E+4	8.659793E-1	4.135927E-2
1.200000E+5	-9.000000E+4	8.408511E-1	3.044898E-2
1.350000E+5	-9.000000E+4	7.752128E-1	2.555350E-2
1.500000E+5	-9.000000E+4	7.018062E-1	1.973570E-2
1.650000E+5	-9.000000E+4	7.040150E-1	4.077769E-2
1.800000E+5	-9.000000E+4	7.251629E-1	3.974040E-2
1.950000E+5	-9.000000E+4	7.247764E-1	2.192423E-2
2.100000E+5	-9.000000E+4	6.567498E-1	2.290684E-2
2.250000E+5	-9.000000E+4	6.594420E-1	3.353356E-2
2.400000E+5	-9.000000E+4	5.943472E-1	3.170178E-2
2.550000E+5	-9.000000E+4	5.921409E-1	3.070041E-2
2.700000E+5	-9.000000E+4	5.447497E-1	2.067591E-2
2.850000E+5	-9.000000E+4	5.967361E-1	2.490389E-2
3.000000E+5	-9.000000E+4	5.550980E-1	3.296963E-2
-3.000000E+5	-7.500000E+4	6.782908E-1	5.332045E-2
-2.850000E+5	-7.500000E+4	6.853360E-1	2.914391E-2
-2.700000E+5	-7.500000E+4	7.087158E-1	2.373188E-2
-2.550000E+5	-7.500000E+4	7.343997E-1	4.356565E-2
-2.400000E+5	-7.500000E+4	7.359207E-1	2.245001E-2
-2.250000E+5	-7.500000E+4	7.793740E-1	4.020646E-2
-2.100000E+5	-7.500000E+4	8.005734E-1	2.568997E-2
-1.950000E+5	-7.500000E+4	8.351698E-1	3.935319E-2
-1.800000E+5	-7.500000E+4	8.333510E-1	4.046176E-2
-1.650000E+5	-7.500000E+4	9.040399E-1	5.541525E-2
-1.500000E+5	-7.500000E+4	8.676028E-1	4.279139E-2
-1.350000E+5	-7.500000E+4	8.667263E-1	2.717393E-2
-1.200000E+5	-7.500000E+4	1.006261E+0	1.751178E-2
-1.050000E+5	-7.500000E+4	1.010716E+0	1.877783E-2
-9.000000E+4	-7.500000E+4	1.074467E+0	2.885530E-2
-7.500000E+4	-7.500000E+4	1.124229E+0	2.945777E-2
-6.000000E+4	-7.500000E+4	1.204352E+0	4.128931E-2
-4.500000E+4	-7.500000E+4	1.330537E+0	2.699971E-2
-3.000000E+4	-7.500000E+4	1.461088E+0	3.309292E-2
-1.500000E+4	-7.500000E+4	1.615805E+0	2.851262E-2
0.000000E+0	-7.500000E+4	1.686941E+0	1.924054E-2
1.500000E+4	-7.500000E+4	1.712748E+0	2.625106E-2
3.000000E+4	-7.500000E+4	1.697608E+0	4.245308E-2
4.500000E+4	-7.500000E+4	1.623673E+0	6.674369E-2
6.000000E+4	-7.500000E+4	1.495165E+0	4.138700E-2
7.500000E+4	-7.500000E+4	1.334241E+0	3.867900E-2
9.000000E+4	-7.500000E+4	1.142853E+0	3.601616E-2
1.050000E+5	-7.500000E+4	9.837284E-1	1.208114E-2
1.200000E+5	-7.500000E+4	8.978386E-1	2.425119E-2
1.350000E+5	-7.500000E+4	8.177528E-1	2.661783E-2
1.500000E+5	-7.500000E+4	7.509932E-1	4.617633E-2
1.650000E+5	-7.500000E+4	7.439597E-1	3.561561E-2
1.800000E+5	-7.500000E+4	7.247183E-1	3.600893E-2
1.950000E+5	-7.500000E+4	6.925092E-1	3.572157E-2
2.100000E+5	-7.500000E+4	7.271337E-1	4.341454E-2
2.250000E+5	-7.500000E+4	7.223325E-1	3.747813E-2
2.400000E+5	-7.500000E+4	6.255829E-1	4.864320E-2
2.550000E+5	-7.500000E+4	6.118667E-1	4.276719E-2
2.700000E+5	-7.500000E+4	6.624009E-1	3.566015E-2
2.850000E+5	-7.500000E+4	5.841717E-1	3.200576E-2
3.000000E+5	-7.500000E+4	5.653469E-1	4.152665E-2
-3.000000E+5	-6.000000E+4	7.274412E-1	1.910179E-2
-2.850000E+5	-6.000000E+4	6.867464E-1	2.983987E-2
-2.700000E+5	-6.000000E+4	7.070652E-1	2.741105E-2
-2.550000E+5	-6.000000E+4	7.475560E-1	2.875522E-2
-2.400000E+5	-6.000000E+4	7.805279E-1	3.289732E-2
-2.250000E+5	-6.000000E+4	8.323975E-1	1.532419E-2
-2.100000E+5	-6.000000E+4	8.528760E-1	4.509681E-2
-1.950000E+5	-6.000000E+4	8.335428E-1	2.275794E-2
-1.800000E+5	-6.000000E+4	8.540574E-1	2.345366E-2
-1.650000E+5	-6.000000E+4	8.941862E-1	4.677638E-2
-1.500000E+5	-6.000000E+4	9.600779E-1	2.852531E-2
-1.350000E+5	-6.000000E+4	9.854707E-1	4.178131E-2
-1.200000E+5	-6.000000E+4	1.021420E+0	3.117026E-2
-1.050000E+5	-6.000000E+4	1.111151E+0	1.175971E-2
-9.000000E+4	-6.000000E+4	1.229657E+0	3.852968E-2
-7.500000E+4	-6.000000E+4	1.208384E+0	3.973997E-2
-6.000000E+4	-6.000000E+4	1.387243E+0	3.088187E-2
-4.500000E+4	-6.000000E+4	1.623599E+0	1.692838E-2
-3.000000E+4	-6.000000E+4	1.834749E+0	2.555784E-2
-1.500000E+4	-6.000000E+4	1.889913E+0	1.928837E-1
0.000000E+0	-6.000000E+4	2.128989E+0	1.926264E-2
1.500000E+4	-6.000000E+4	2.204922E+0	4.409784E-2
3.000000E+4	-6.000000E+4	2.162341E+0	4.299533E-2
4.500000E+4	-6.000000E+4	2.001446E+0	3.492113E-2
6.000000E+4	-6.000000E+4	1.815611E+0	2.157977E-2
7.500000E+4	-6.000000E+4	1.584065E+0	2.497290E-2
9.000000E+4	-6.000000E+4	1.351304E+0	1.576273E-2
1.050000E+5	-6.000000E+4	1.114718E+0	4.734704E-2
1.200000E+5	-6.000000E+4	1.019567E+0	2.759303E-2
1.350000E+5	-6.000000E+4	9.652075E-1	2.320374E-2
1.500000E+5	-6.000000E+4	8.072164E-1	3.501720E-2
1.650000E+5	-6.000000E+4	7.182003E-1	4.142584E-2
1.800000E+5	-6.000000E+4	7.674782E-1	2.266594E-2
1.950000E+5	-6.000000E+4	7.499168E-1	1.918901E-2
2.100000E+5	-6.000000E+4	7.274269E-1	2.906201E-2
2.250000E+5	-6.000000E+4	6.887625E-1	4.220993E-2
2.400000E+5	-6.000000E+4	6.314227E-1	3.774102E-2
2.550000E+5	-6.000000E+4	6.175169E-1	2.178726E-2
2.700000E+5	-6.000000E+4	6.003885E-1	3.301436E-2
2.850000E+5	-6.000000E+4	6.168091E-1	2.275221E-2
3.000000E+5	-6.000000E+4	5.890550E-1	4.235053E-2
-3.000000E+5	-4.500000E+4	7.093026E-1	3.046861E-2
-2.850000E+5	-4.500000E+4	7.211853E-1	3.221703E-2
-2.700000E+5	-4.500000E+4	7.696814E-1	5.195149E-2
-2.550000E+5	-4.500000E+4	7.479400E-1	2.549666E-2
-2.400000E+5	-4.500000E+4	7.916013E-1	1.847552E-2
-2.250000E+5	-4.500000E+4	7.744851E-1	2.471118E-2
-2.100000E+5	-4.500000E+4	8.165709E-1	4.412807E-2
-1.950000E+5	-4.500000E+4	8.380018E-1	3.903490E-2
-1.800000E+5	-4.500000E+4	8.454187E-1	4.468821E-2
-1.650000E+5	-4.500000E+4	9.170591E-1	2.881835E-2
-1.500000E+5	-4.500000E+4	9.177041E-1	2.687311E-2
-1.350000E+5	-4.500000E+4	9.779855E-1	4.207895E-2
-1.200000E+5	-4.500000E+4	1.042666E+0	4.317469E-2
-1.050000E+5	-4.500000E+4	1.178536E+0	2.562842E-2
-9.000000E+4	-4.500000E+4	1.338345E+0	4.831332E-2
-7.500000E+4	-4.500000E+4	1.441008E+0	3.264772E-2
-6.000000E+4	-4.500000E+4	1.726763E+0	5.409875E-2
-4.500000E+4	-4.500000E+4	2.038723E+0	5.584237E-2
-3.000000E+4	-4.500000E+4	2.317377E+0	4.237673E-2
-1.500000E+4	-4.500000E+4	2.573607E+0	3.856830E-2
0.000000E+0	-4.500000E+4	2.758726E+0	2.850123E-2
1.500000E+4	-4.500000E+4	2.800338E+0	2.800964E-2
3.000000E+4	-4.500000E+4	2.774246E+0	4.048448E-2
4.500000E+4	-4.500000E+4	2.556900E+0	4.060356E-2
6.000000E+4	-4.500000E+4	2.269369E+0	2.791158E-2
7.500000E+4	-4.500000E+4	1.950820E+0	2.603176E-2
9.000000E+4	-4.500000E+4	1.627996E+0	2.937340E-2
1.050000E+5	-4.500000E+4	1.304097E+0	2.570617E-2
1.200000E+5	-4.500000E+4	1.107985E+0	4.292253E-2
1.350000E+5	-4.500000E+4	9.672251E-1	3.774044E-2
1.500000E+5	-4.500000E+4	8.897842E-1	1.177257E-2
1.650000E+5	-4.500000E+4	7.772008E-1	5.369377E-2
1.800000E+5	-4.500000E+4	8.006800E-1	3.187610E-2
1.950000E+5	-4.500000E+4	7.396139E-1	3.598243E-2
2.100000E+5	-4.500000E+4	7.353440E-1	3.519541E-2
2.250000E+5	-4.500000E+4	6.907817E-1	3.752499E-2
2.400000E+5	-4.500000E+4	6.785774E-1	5.578835E-2
2.550000E+5	-4.500000E+4	6.524615E-1	5.839351E-2
2.700000E+5	-4.500000E+4	5.846102E-1	2.306993E-2
2.850000E+5	-4.500000E+4	5.890708E-1	2.829388E-2
3.000000E+5	-4.500000E+4	5.507200E-1	6.034595E-2
-3.000000E+5	-3.000000E+4	7.016211E-1	3.066611E-2
-2.850000E+5	-3.000000E+4	7.473388E-1	3.725702E-2
-2.700000E+5	-3.000000E+4	7.605145E-1	2.730403E-2
-2.550000E+5	-3.000000E+4	7.596885E-1	2.785620E-2
-2.400000E+5	-3.000000E+4	7.161613E-1	2.070855E-2
-2.250000E+5	-3.000000E+4	7.644040E-1	3.745648E-2
-2.100000E+5	-3.000000E+4	8.237987E-1	1.969366E-2
-1.950000E+5	-3.000000E+4	8.513172E-1	3.207220E-2
-1.800000E+5	-3.000000E+4	8.400072E-1	2.620140E-2
-1.650000E+5	-3.000000E+4	8.633931E-1	3.164756E-2
-1.500000E+5	-3.000000E+4	9.889253E-1	2.169823E-2
-1.350000E+5	-3.000000E+4	9.829982E-1	3.852051E-2
-1.200000E+5	-3.000000E+4	1.161629E+0	5.925221E-2
-1.050000E+5	-3.000000E+4	1.281268E+0	2.404435E-2
-9.000000E+4	-3.000000E+4	1.501615E+0	2.801904E-2
-7.500000E+4	-3.000000E+4	1.769380E+0	4.128330E-2
-6.000000E+4	-3.000000E+4	2.058077E+0	4.904550E-2
-4.500000E+4	-3.000000E+4	2.549643E+0	3.774323E-2
-3.000000E+4	-3.000000E+4	2.922097E+0	1.831459E-2
-1.500000E+4	-3.000000E+4	3.175541E+0	2.782520E-2
0.000000E+0	-3.000000E+4	3.366066E+0	5.782911E-2
1.500000E+4	-3.000000E+4	3.422788E+0	3.789701E-2
3.000000E+4	-3.000000E+4	3.353737E+0	4.073798E-2
4.500000E+4	-3.000000E+4	3.097257E+0	2.664829E-2
6.000000E+4	-3.000000E+4	2.771659E+0	4.396459E-2
7.500000E+4	-3.000000E+4	2.365998E+0	4.873598E-2
9.000000E+4	-3.000000E+4	1.933750E+0	2.505728E-2
1.050000E+5	-3.000000E+4	1.556881E+0	4.494385E-2
1.200000E+5	-3.000000E+4	1.270575E+0	2.425766E-2
1.350000E+5	-3.000000E+4	1.085352E+0	3.434803E-2
1.500000E+5	-3.000000E+4	9.742031E-1	3.105060E-2
1.650000E+5	-3.000000E+4	8.421682E-1	2.956919E-2
1.800000E+5	-3.000000E+4	7.828795E-1	2.972564E-2
1.950000E+5	-3.000000E+4	7.953190E-1	4.902133E-2
2.100000E+5	-3.000000E+4	7.149635E-1	4.407061E-2
2.250000E+5	-3.000000E+4	7.002005E-1	3.745172E-2
2.400000E+5	-3.000000E+4	6.084020E-1	2.577848E-2
2.550000E+5	-3.000000E+4	6.294974E-1	5.013457E-2
2.700000E+5	-3.000000E+4	6.533579E-1	2.105259E-2
2.850000E+5	-3.000000E+4	5.998714E-1	7.011746E-2
3.000000E+5	-3.000000E+4	5.141524E-1	2.223806E-2
-3.000000E+5	-1.500000E+4	6.962121E-1	3.739520E-2
-2.850000E+5	-1.500000E+4	7.469931E-1	3.463615E-2
-2.700000E+5	-1.500000E+4	7.003305E-1	2.394405E-2
-2.550000E+5	-1.500000E+4	7.083604E-1	3.354031E-2
-2.400000E+5	-1.500000E+4	7.485315E-1	3.230279E-2
-2.250000E+5	-1.500000E+4	7.632297E-1	3.525146E-2
-2.100000E+5	-1.500000E+4	7.852868E-1	7.765132E-2
-1.950000E+5	-1.500000E+4	8.447967E-1	3.871413E-2
-1.800000E+5	-1.500000E+4	9.083087E-1	2.382100E-2
-1.650000E+5	-1.500000E+4	9.159511E-1	3.808779E-2
-1.500000E+5	-1.500000E+4	9.897957E-1	1.944537E-2
-1.350000E+5	-1.500000E+4	1.068203E+0	5.316623E-2
-1.200000E+5	-1.500000E+4	1.197101E+0	3.173438E-2
-1.050000E+5	-1.500000E+4	1.431245E+0	3.362957E-2
-9.000000E+4	-1.500000E+4	1.715987E+0	3.782339E-2
-7.500000E+4	-1.500000E+4	2.047189E+0	1.745116E-2
-6.000000E+4	-1.500000E+4	2.523731E+0	3.766794E-2
-4.500000E+4	-1.500000E+4	3.049739E+0	2.792418E-2
-3.000000E+4	-1.500000E+4	3.473527E+0	2.855225E-2
-1.500000E+4	-1.500000E+4	3.828853E+0	4.260252E-2
0.000000E+0	-1.500000E+4	4.049222E+0	1.976299E-2
1.500000E+4	-1.500000E+4	4.159750E+0	2.134443E-2
3.000000E+4	-1.500000E+4	4.050935E+0	6.874775E-2
4.500000E+4	-1.500000E+4	3.766967E+0	2.805650E-2
6.000000E+4	-1.500000E+4	3.321015E+0	3.354432E-2
7.500000E+4	-1.500000E+4	2.805989E+0	2.185264E-2
9.000000E+4	-1.500000E+4	2.248865E+0	2.284449E-2
1.050000E+5	-1.500000E+4	1.872318E+0	3.549988E-2
1.200000E+5	-1.500000E+4	1.480877E+0	2.565397E-2
1.350000E+5	-1.500000E+4	1.189813E+0	4.779258E-2
1.500000E+5	-1.500000E+4	1.080120E+0	3.833800E-2
1.650000E+5	-1.500000E+4	8.609716E-1	3.148032E-2
1.800000E+5	-1.500000E+4	8.669486E-1	4.076728E-2
1.950000E+5	-1.500000E+4	7.993956E-1	3.063015E-2
2.100000E+5	-1.500000E+4	7.358208E-1	6.289655E-2
2.250000E+5	-1.500000E+4	6.622989E-1	1.991869E-2
2.400000E+5	-1.500000E+4	7.039385E-1	4.428476E-2
2.550000E+5	-1.500000E+4	6.485200E-1	5.202077E-2
2.700000E+5	-1.500000E+4	6.420928E-1	3.454076E-2
2.850000E+5	-1.500000E+4	6.128794E-1	6.119200E-2
3.000000E+5	-1.500000E+4	5.839015E-1	1.759054E-2
-3.000000E+5	0.000000E+0	6.759590E-1	4.772665E-2
-2.850000E+5	0.000000E+0	6.912972E-1	5.114743E-2
-2.700000E+5	0.000000E+0	7.243563E-1	5.454501E-2
-2.550000E+5	0.000000E+0	6.859775E-1	2.639982E-2
-2.400000E+5	0.000000E+0	7.420308E-1	2.904041E-2
-2.250000E+5	0.000000E+0	7.533872E-1	3.535073E-2
-2.100000E+5	0.000000E+0	7.966885E-1	3.119075E-2
-1.950000E+5	0.000000E+0	8.434969E-1	2.721111E-2
-1.800000E+5	0.000000E+0	9.200124E-1	1.805597E-2
-1.650000E+5	0.000000E+0	9.867363E-1	4.507898E-2
-1.500000E+5	0.000000E+0	1.054887E+0	5.254352E-2
-1.350000E+5	0.000000E+0	1.135029E+0	2.705596E-2
-1.200000E+5	0.000000E+0	1.321861E+0	4.404677E-2
-1.050000E+5	0.000000E+0	1.592661E+0	4.964217E-2
-9.000000E+4	0.000000E+0	1.892963E+0	4.010273E-2
-7.500000E+4	0.000000E+0	2.305149E+0	3.825008E-2
-6.000000E+4	0.000000E+0	2.914308E+0	6.627067E-2
-4.500000E+4	0.000000E+0	3.481725E+0	4.747496E-2
-3.000000E+4	0.000000E+0	4.062645E+0	1.685342E-2
-1.500000E+4	0.000000E+0	4.458606E+0	2.219645E-2
0.000000E+0	0.000000E+0	4.644559E+0	2.723575E-2
1.500000E+4	0.000000E+0	4.789561E+0	4.932785E-2
3.000000E+4	0.000000E+0	4.602232E+0	3.490160E-2
4.500000E+4	0.000000E+0	4.335183E+0	3.106209E-2
6.000000E+4	0.000000E+0	3.831897E+0	5.607568E-2
7.500000E+4	0.000000E+0	3.257709E+0	3.141327E-2
9.000000E+4	0.000000E+0	2.640549E+0	3.205985E-2
1.050000E+5	0.000000E+0	2.104913E+0	3.143640E-2
1.200000E+5	0.000000E+0	1.630984E+0	3.652918E-2
1.350000E+5	0.000000E+0	1.270665E+0	6.044475E-2
1.500000E+5	0.000000E+0	1.109215E+0	3.779247E-2
1.650000E+5	0.000000E+0	9.580552E-1	2.718555E-2
1.800000E+5	0.000000E+0	9.165512E-1	4.008445E-2
1.950000E+5	0.000000E+0	7.907860E-1	3.285771E-2
2.100000E+5	0.000000E+0	7.225982E-1	5.340163E-2
2.250000E+5	0.000000E+0	7.132778E-1	3.608028E-2
2.400000E+5	0.000000E+0	6.530449E-1	3.948544E-2
2.550000E+5	0.000000E+0	6.356431E-1	2.456849E-2
2.700000E+5	0.000000E+0	6.340640E-1	5.389485E-2
2.850000E+5	0.000000E+0	6.415375E-1	5.063700E-2
3.000000E+5	0.000000E+0	6.145039E-1	7.031986E-2
-3.000000E+5	1.500000E+4	7.047717E-1	3.921019E-2
-2.850000E+5	1.500000E+4	7.283493E-1	3.362750E-2
-2.700000E+5	1.500000E+4	7.083344E-1	3.869359E-2
-2.550000E+5	1.500000E+4	7.384870E-1	2.843153E-2
-2.400000E+5	1.500000E+4	7.255178E-1	6.769249E-2
-2.250000E+5	1.500000E+4	7.115090E-1	4.323587E-2
-2.100000E+5	1.500000E+4	8.343229E-1	2.428389E-2
-1.950000E+5	1.500000E+4	8.633711E-1	3.277291E-2
-1.800000E+5	1.500000E+4	9.528797E-1	3.282847E-2
-1.650000E+5	1.500000E+4	1.009001E+0	4.213802E-2
-1.500000E+5	1.500000E+4	1.093909E+0	4.160378E-2
-1.350000E+5	1.500000E+4	1.226017E+0	2.259605E-2
-1.200000E+5	1.500000E+4	1.408892E+0	3.077017E-2
-1.050000E+5	1.500000E+4	1.699799E+0	3.137203E-2
-9.000000E+4	1.500000E+4	2.098133E+0	3.024091E-2
-7.500000E+4	1.500000E+4	2.531513E+0	5.208872E-2
-6.000000E+4	1.500000E+4	3.187661E+0	3.547782E-2
-4.500000E+4	1.500000E+4	3.883195E+0	2.369474E-2
-3.000000E+4	1.500000E+4	4.464979E+0	3.415510E-2
-1.500000E+4	1.500000E+4	4.935657E+0	2.658947E-2
0.000000E+0	1.500000E+4	5.235189E+0	2.676568E-2
1.500000E+4	1.500000E+4	5.291023E+0	3.093160E-2
3.000000E+4	1.500000E+4	5.169650E+0	5.114742E-2
4.500000E+4	1.500000E+4	4.735421E+0	2.905619E-2
6.000000E+4	1.500000E+4	4.258206E+0	5.352095E-2
7.500000E+4	1.500000E+4	3.567869E+0	4.737539E-2
9.000000E+4	1.500000E+4	2.901004E+0	1.983014E-2
1.050000E+5	1.500000E+4	2.349560E+0	3.619947E-2
1.200000E+5	1.500000E+4	1.811831E+0	2.750094E-2
1.350000E+5	1.500000E+4	1.423588E+0	3.298599E-2
1.500000E+5	1.500000E+4	1.245340E+0	6.593840E-2
1.650000E+5	1.500000E+4	1.053543E+0	3.742757E-2
1.800000E+5	1.500000E+4	9.539148E-1	3.951292E-2
1.950000E+5	1.500000E+4	7.705263E-1	3.910385E-2
2.100000E+5	1.500000E+4	7.529966E-1	3.416475E-2
2.250000E+5	1.500000E+4	7.320950E-1	3.483585E-2
2.400000E+5	1.500000E+4	6.948323E-1	2.101542E-2
2.550000E+5	1.500000E+4	6.399701E-1	3.210034E-2
2.700000E+5	1.500000E+4	6.426476E-1	3.839372E-2
2.850000E+5	1.500000E+4	6.379122E-1	6.531709E-2
3.000000E+5	1.500000E+4	5.813979E-1	2.824935E-2
-3.000000E+5	3.000000E+4	7.297168E-1	3.282756E-2
-2.850000E+5	3.000000E+4	7.028637E-1	2.974005E-2
-2.700000E+5	3.000000E+4	7.168471E-1	8.632269E-2
-2.550000E+5	3.000000E+4	7.083272E-1	4.651695E-2
-2.400000E+5	3.000000E+4	6.691989E-1	2.604218E-2
-2.250000E+5	3.000000E+4	7.913994E-1	4.117140E-2
-2.100000E+5	3.000000E+4	7.694917E-1	4.392562E-2
-1.950000E+5	3.000000E+4	8.649661E-1	5.712738E-2
-1.800000E+5	3.000000E+4	1.018663E+0	7.695950E-2
-1.650000E+5	3.000000E+4	9.885852E-1	7.525453E-2
-1.500000E+5	3.000000E+4	1.062774E+0	4.869729E-2
-1.350000E+5	3.000000E+4	1.226872E+0	5.029978E-2
-1.200000E+5	3.000000E+4	1.471077E+0	3.635019E-2
-1.050000E+5	3.000000E+4	1.753373E+0	4.648959E-2
-9.000000E+4	3.000000E+4	2.153407E+0	5.647906E-2
-7.500000E+4	3.000000E+4	2.636609E+0	4.900764E-2
-6.000000E+4	3.000000E+4	3.400403E+0	2.479981E-2
-4.500000E+4	3.000000E+4	4.053556E+0	3.383291E-2
-3.000000E+4	3.000000E+4	4.730146E+0	4.334816E-2
-1.500000E+4	3.000000E+4	5.248961E+0	4.052596E-2
0.000000E+0	3.000000E+4	5.533510E+0	4.627940E-2
1.500000E+4	3.000000E+4	5.612507E+0	6.511350E-2
3.000000E+4	3.000000E+4	5.517803E+0	2.944396E-2
4.500000E+4	3.000000E+4	5.088089E+0	4.742771E-2
6.000000E+4	3.000000E+4	4.586792E+0	3.087287E-2
7.500000E+4	3.000000E+4	3.837827E+0	4.857952E-2
9.000000E+4	3.000000E+4	3.062602E+0	3.662734E-2
1.050000E+5	3.000000E+4	2.466047E+0	5.486470E-2
1.200000E+5	3.000000E+4	2.000157E+0	5.077444E-2
1.350000E+5	3.000000E+4	1.560080E+0	5.314593E-2
1.500000E+5	3.000000E+4	1.343461E+0	2.455362E-2
1.650000E+5	3.000000E+4	1.215422E+0	2.717841E-2
1.800000E+5	3.000000E+4	1.004676E+0	2.628659E-2
1.950000E+5	3.000000E+4	9.243052E-1	5.028512E-2
2.100000E+5	3.000000E+4	8.274561E-1	2.323031E-2
2.250000E+5	3.000000E+4	6.623744E-1	3.443230E-2
2.400000E+5	3.000000E+4	6.621863E-1	5.062695E-2
2.550000E+5	3.000000E+4	6.778156E-1	4.536778E-2
2.700000E+5	3.000000E+4	6.453811E-1	5.093072E-2
2.850000E+5	3.000000E+4	6.430468E-1	5.534795E-2
3.000000E+5	3.000000E+4	5.510515E-1	6.929202E-2
-3.000000E+5	4.500000E+4	4.988477E+0	4.400623E+0
-2.850000E+5	4.500000E+4	6.789858E-1	8.464101E-2
-2.700000E+5	4.500000E+4	8.695648E-1	3.853951E-2
-2.550000E+5	4.500000E+4	7.121769E-1	4.180711E-2
-2.400000E+5	4.500000E+4	7.130861E-1	7.014438E-2
-2.250000E+5	4.500000E+4	7.419834E-1	1.142479E-1
-2.100000E+5	4.500000E+4	8.117152E-1	3.422628E-2
-1.950000E+5	4.500000E+4	8.298996E-1	6.935756E-2
-1.800000E+5	4.500000E+4	9.566841E-1	6.586959E-2
-1.650000E+5	4.500000E+4	1.000225E+0	8.534433E-2
-1.500000E+5	4.500000E+4	1.201681E+0	8.093806E-2
-1.350000E+5	4.500000E+4	1.196062E+0	5.332570E-2
-1.200000E+5	4.500000E+4	1.445687E+0	5.240443E-2
-1.050000E+5	4.500000E+4	1.730861E+0	3.715238E-2
-9.000000E+4	4.500000E+4	2.177968E+0	3.635626E-2
-7.500000E+4	4.500000E+4	2.749257E+0	5.765170E-2
-6.000000E+4	4.500000E+4	3.485445E+0	3.431359E-2
-4.500000E+4	4.500000E+4	4.197257E+0	4.532667E-2
-3.000000E+4	4.500000E+4	4.711997E+0	5.377599E-2
-1.500000E+4	4.500000E+4	5.328267E+0	4.894521E-2
0.000000E+0	4.500000E+4	5.632596E+0	3.364534E-2
1.500000E+4	4.500000E+4	5.737931E+0	6.817420E-2
3.000000E+4	4.500000E+4	5.560256E+0	4.565661E-2
4.500000E+4	4.500000E+4	5.133089E+0	7.143923E-2
6.000000E+4	4.500000E+4	4.608540E+0	1.332200E-1
7.500000E+4	4.500000E+4	3.874921E+0	1.112186E-1
9.000000E+4	4.500000E+4	3.146566E+0	6.903288E-2
1.050000E+5	4.500000E+4	2.540865E+0	5.955345E-2
1.200000E+5	4.500000E+4	1.956217E+0	1.160167E-1
1.350000E+5	4.500000E+4	1.617286E+0	1.200731E-1
1.500000E+5	4.500000E+4	1.501646E+0	4.859377E-2
1.650000E+5	4.500000E+4	1.229435E+0	1.037196E-1
1.800000E+5	4.500000E+4	1.076060E+0	4.292011E-2
1.950000E+5	4.500000E+4	9.242471E-1	5.971138E-2
2.100000E+5	4.500000E+4	8.342434E-1	2.810123E-2
2.250000E+5	4.500000E+4	6.789894E-1	6.038431E-2
2.400000E+5	4.500000E+4	7.640139E-1	5.873466E-2
2.550000E+5	4.500000E+4	6.785524E-1	6.933285E-2
2.700000E+5	4.500000E+4	6.369118E-1	5.108851E-2
2.850000E+5	4.500000E+4	5.458760E-1	1.051236E-1
3.000000E+5	4.500000E+4	5.808549E-1	1.194565E-1
-3.000000E+5	6.000000E+4	7.317539E-1	6.867897E-2
-2.850000E+5	6.000000E+4	6.935601E-1	6.299916E-2
-2.700000E+5	6.000000E+4	7.440862E-1	7.504898E-2
-2.550000E+5	6.000000E+4	6.445480E-1	1.188084E-1
-2.400000E+5	6.000000E+4	6.967500E-1	4.644214E-2
-2.250000E+5	6.000000E+4	7.111204E-1	1.014408E-1
-2.100000E+5	6.000000E+4	8.741682E-1	9.878331E-2
-1.950000E+5	6.000000E+4	8.171537E-1	5.402655E-2
-1.800000E+5	6.000000E+4	1.013908E+0	1.060870E-1
-1.650000E+5	6.000000E+4	1.020558E+0	6.586921E-2
-1.500000E+5	6.000000E+4	1.175092E+0	5.601823E-2
-1.350000E+5	6.000000E+4	1.149797E+0	8.755344E-2
-1.200000E+5	6.000000E+4	1.342817E+0	4.475619E-2
-1.050000E+5	6.000000E+4	1.715492E+0	5.186038E-2
-9.000000E+4	6.000000E+4	2.146106E+0	8.676403E-2
-7.500000E+4	6.000000E+4	2.773604E+0	5.602564E-2
-6.000000E+4	6.000000E+4	3.318607E+0	1.080278E-1
-4.500000E+4	6.000000E+4	3.927365E+0	1.253729E-1
-3.000000E+4	6.000000E+4	4.598707E+0	9.590721E-2
-1.500000E+4	6.000000E+4	5.191162E+0	1.135679E-1
0.000000E+0	6.000000E+4	5.476014E+0	7.832586E-2
1.500000E+4	6.000000E+4	5.525523E+0	6.379603E-2
3.000000E+4	6.000000E+4	5.302567E+0	9.198245E-2
4.500000E+4	6.000000E+4	4.958973E+0	7.790927E-2
6.000000E+4	6.000000E+4	4.413572E+0	4.589946E-2
7.500000E+4	6.000000E+4	3.758267E+0	7.746952E-2
9.000000E+4	6.000000E+4	3.125359E+0	6.864919E-2
1.050000E+5	6.000000E+4	2.451158E+0	1.111636E-1
1.200000E+5	6.000000E+4	2.055469E+0	6.573201E-2
1.350000E+5	6.000000E+4	1.816679E+0	9.998898E-2
1.500000E+5	6.000000E+4	1.431765E+0	8.213435E-2
1.650000E+5	6.000000E+4	1.303012E+0	7.479064E-2
1.800000E+5	6.000000E+4	1.076908E+0	6.891959E-2
1.950000E+5	6.000000E+4	1.065330E+0	4.749161E-2
2.100000E+5	6.000000E+4	9.583351E-1	5.610657E-2
2.250000E+5	6.000000E+4	7.469610E-1	8.726191E-2
2.400000E+5	6.000000E+4	7.157411E-1	4.920833E-2
2.550000E+5	6.000000E+4	6.985270E-1	1.159447E-1
2.700000E+5	6.000000E+4	7.249024E-1	6.720698E-2
2.850000E+5	6.000000E+4	5.892019E-1	1.214942E-1
3.000000E+5	6.000000E+4	5.266254E-1	7.704983E-2
-3.000000E+5	7.500000E+4	5.482883E-1	1.366117E-1
-2.850000E+5	7.500000E+4	7.737667E-1	1.034530E-1
-2.700000E+5	7.500000E+4	7.590690E-1	8.126034E-2
-2.550000E+5	7.500000E+4	6.683968E-1	6.864303E-2
-2.400000E+5	7.500000E+4	6.821935E-1	9.217739E-2
-2.250000E+5	7.500000E+4	8.849066E-1	1.092123E-1
-2.100000E+5	7.500000E+4	8.954288E-1	1.173947E-1
-1.950000E+5	7.500000E+4	7.840350E-1	1.911265E-1
-1.800000E+5	7.500000E+4	1.069648E+0	7.334251E-2
-1.650000E+5	7.500000E+4	9.602839E-1	1.590953E-1
-1.500000E+5	7.500000E+4	1.087703E+0	1.231830E-1
-1.350000E+5	7.500000E+4	7.816283E-1	1.837463E-1
-1.200000E+5	7.500000E+4	1.310269E+0	9.936652E-2
-1.050000E+5	7.500000E+4	1.507800E+0	1.256114E-1
-9.000000E+4	7.500000E+4	2.080745E+0	1.062983E-1
-7.500000E+4	7.500000E+4	2.456177E+0	7.418181E-2
-6.000000E+4	7.500000E+4	3.023900E+0	8.736471E-2
-4.500000E+4	7.500000E+4	3.805595E+0	1.075133E-1
-3.000000E+4	7.500000E+4	4.226593E+0	1.554086E-1
-1.500000E+4	7.500000E+4	4.835718E+0	8.852855E-2
0.000000E+0	7.500000E+4	5.169399E+0	5.908757E-2
1.500000E+4	7.500000E+4	5.216241E+0	6.910510E-2
3.000000E+4	7.500000E+4	4.906547E+0	8.854661E-2
4.500000E+4	7.500000E+4	4.590913E+0	1.665794E-1
6.000000E+4	7.500000E+4	4.073514E+0	8.308843E-2
7.500000E+4	7.500000E+4	3.514143E+0	1.474508E-1
9.000000E+4	7.500000E+4	2.839856E+0	8.270741E-2
1.050000E+5	7.500000E+4	2.370695E+0	6.135462E-2
1.200000E+5	7.500000E+4	2.011214E+0	1.782126E-1
1.350000E+5	7.500000E+4	1.698160E+0	1.731552E-1
1.500000E+5	7.500000E+4	1.566093E+0	1.956347E-1
1.650000E+5	7.500000E+4	1.311667E+0	1.640189E-1
1.800000E+5	7.500000E+4	1.175106E+0	1.083888E-1
1.950000E+5	7.500000E+4	1.026068E+0	1.123681E-1
2.100000E+5	7.500000E+4	7.561187E-1	9.333942E-2
2.250000E+5	7.500000E+4	7.538619E-1	6.202726E-2
2.400000E+5	7.500000E+4	7.624434E-1	9.699741E-2
2.550000E+5	7.500000E+4	7.226823E-1	1.680146E-1
2.700000E+5	7.500000E+4	5.207474E-1	1.287336E-1
2.850000E+5	7.500000E+4	5.070388E-1	9.314292E-2
3.000000E+5	7.500000E+4	6.401608E-1	1.940329E-1
-3.000000E+5	9.000000E+4	7.756008E-1	1.310777E-1
-2.850000E+5	9.000000E+4	5.997327E-1	1.832601E-1
-2.700000E+5	9.000000E+4	6.909989E-1	1.703688E-1
-2.550000E+5	9.000000E+4	8.163435E-1	1.298824E-1
-2.400000E+5	9.000000E+4	9.187030E-1	1.177107E-1
-2.250000E+5	9.000000E+4	7.750955E-1	1.605733E-1
-2.100000E+5	9.000000E+4	4.727917E-1	1.629129E-1
-1.950000E+5	9.000000E+4	9.161316E-1	1.138861E-1
-1.800000E+5	9.000000E+4	9.586278E-1	1.314629E-1
-1.650000E+5	9.000000E+4	9.856732E-1	1.433667E-1
-1.500000E+5	9.000000E+4	1.177389E+0	1.291659E-1
-1.350000E+5	9.000000E+4	1.143189E+0	8.274616E-2
-1.200000E+5	9.000000E+4	1.206695E+0	1.914314E-1
-1.050000E+5	9.000000E+4	1.439479E+0	2.269408E-1
-9.000000E+4	9.000000E+4	1.757962E+0	2.107772E-1
-7.500000E+4	9.000000E+4	2.260424E+0	1.318220E-1
-6.000000E+4	9.000000E+4	2.724988E+0	9.774010E-2
-4.500000E+4	9.000000E+4	3.484422E+0	8.952212E-2
-3.000000E+4	9.000000E+4	3.938897E+0	1.059305E-1
-1.500000E+4	9.000000E+4	4.304701E+0	1.573590E-1
0.000000E+0	9.000000E+4	4.356229E+0	2.138539E-1
1.500000E+4	9.000000E+4	4.480350E+0	1.458020E-1
3.000000E+4	9.000000E+4	4.336414E+0	9.898870E-2
4.500000E+4	9.000000E+4	4.008731E+0	1.971581E-1
6.000000E+4	9.000000E+4	3.516854E+0	1.533804E-1
7.500000E+4	9.000000E+4	3.076297E+0	1.299550E-1
9.000000E+4	9.000000E+4	2.500023E+0	1.530294E-1
1.050000E+5	9.000000E+4	2.244646E+0	9.752100E-2
1.200000E+5	9.000000E+4	1.803361E+0	2.010069E-1
1.350000E+5	9.000000E+4	1.560734E+0	9.705544E-2
1.500000E+5	9.000000E+4	1.471529E+0	1.381793E-1
1.650000E+5	9.000000E+4	1.425676E+0	9.732069E-2
1.800000E+5	9.000000E+4	1.055670E+0	2.264342E-1
1.950000E+5	9.000000E+4	9.755502E-1	1.235677E-1
2.100000E+5	9.000000E+4	9.438056E-1	1.258690E-1
2.250000E+5	9.000000E+4	7.225339E-1	1.477861E-1
2.400000E+5	9.000000E+4	4.301211E-1	1.478636E-1
2.550000E+5	9.000000E+4	5.718343E-1	1.035790E-1
2.700000E+5	9.000000E+4	5.798045E-1	1.851587E-1
2.850000E+5	9.000000E+4	5.473792E-1	2.089707E-1
3.000000E+5	9.000000E+4	3.366644E-1	1.500916E-1
-3.000000E+5	1.050000E+5	7.823207E-1	1.342421E-1
-2.850000E+5	1.050000E+5	5.886262E-1	2.902226E-1
-2.700000E+5	1.050000E+5	6.188375E-1	2.258541E-1
-2.550000E+5	1.050000E+5	9.503588E-1	1.867952E-1
-2.400000E+5	1.050000E+5	6.631291E-1	1.815740E-1
-2.250000E+5	1.050000E+5	9.006460E-1	2.038192E-1
-2.100000E+5	1.050000E+5	6.886718E-1	1.511853E-1
-1.950000E+5	1.050000E+5	9.214717E-1	1.865253E-1
-1.800000E+5	1.050000E+5	8.693660E-1	1.518406E-1
-1.650000E+5	1.050000E+5	7.287419E-1	4.558664E-1
-1.500000E+5	1.050000E+5	9.818902E-1	9.373333E-2
-1.350000E+5	1.050000E+5	8.466150E-1	1.324741E-1
-1.200000E+5	1.050000E+5	1.099884E+0	1.328104E-1
-1.050000E+5	1.050000E+5	1.371067E+0	1.745177E-1
-9.000000E+4	1.050000E+5	1.760501E+0	2.326458E-1
-7.500000E+4	1.050000E+5	1.705637E+0	2.244963E-1
-6.000000E+4	1.050000E+5	2.351222E+0	1.542008E-1
-4.500000E+4	1.050000E+5	2.978042E+0	1.504390E-1
-3.000000E+4	1.050000E+5	3.193166E+0	2.359524E-1
-1.500000E+4	1.050000E+5	3.619676E+0	2.285900E-1
0.000000E+0	1.050000E+5	3.547089E+0	1.118993E-1
1.500000E+4	1.050000E+5	3.730340E+0	2.583738E-1
3.000000E+4	1.050000E+5	3.466724E+0	1.492094E-1
4.500000E+4	1.050000E+5	3.440529E+0	1.488243E-1
6.000000E+4	1.050000E+5	2.904258E+0	2.220990E-1
7.500000E+4	1.050000E+5	2.352670E+0	3.456196E-1
9.000000E+4	1.050000E+5	2.206533E+0	2.144292E-1
1.050000E+5	1.050000E+5	1.976107E+0	1.263018E-1
1.200000E+5	1.050000E+5	1.948155E+0	3.162036E-1
1.350000E+5	1.050000E+5	1.710926E+0	2.991054E-1
1.500000E+5	1.050000E+5	9.747293E-1	2.271256E-1
1.650000E+5	1.050000E+5	1.186328E+0	2.884702E-1
1.800000E+5	1.050000E+5	1.044261E+0	2.294603E-1
1.950000E+5	1.050000E+5	1.156800E+0	1.751513E-1
2.100000E+5	1.050000E+5	8.506472E-1	4.315986E-1
2.250000E+5	1.050000E+5	6.606474E-1	3.313133E-1
2.400000E+5	1.050000E+5	8.617543E-1	2.055070E-1
2.550000E+5	1.050000E+5	1.643278E-1	2.997869E-1
2.700000E+5	1.050000E+5	3.587622E-1	1.826374E-1
2.850000E+5	1.050000E+5	7.620539E-1	1.449269E-1
3.000000E+5	1.050000E+5	1.130078E+0	2.866858E-1
-3.000000E+5	1.200000E+5	8.284219E-1	1.206329E-1
-2.850000E+5	1.200000E+5	8.898755E-1	2.871348E-1
-2.700000E+5	1.200000E+5	6.055333E-1	1.832844E-1
-2.550000E+5	1.200000E+5	4.984481E-1	3.385801E-1
-2.400000E+5	1.200000E+5	5.396303E-1	1.846219E-1
-2.250000E+5	1.200000E+5	8.248399E-1	2.587070E-1
-2.100000E+5	1.200000E+5	8.131179E-1	2.475825E-1
-1.950000E+5	1.200000E+5	9.133215E-1	1.878844E-1
-1.800000E+5	1.200000E+5	1.104391E+0	1.546812E-1
-1.650000E+5	1.200000E+5	8.881862E-1	3.301390E-1
-1.500000E+5	1.200000E+5	9.822232E-1	2.732687E-1
-1.350000E+5	1.200000E+5	9.970612E-1	2.679105E-1
-1.200000E+5	1.200000E+5	1.057599E+0	4.230550E-1
-1.050000E+5	1.200000E+5	1.021128E+0	2.339393E-1
-9.000000E+4	1.200000E+5	1.761774E+0	2.704562E-1
-7.500000E+4	1.200000E+5	1.672435E+0	4.134839E-1
-6.000000E+4	1.200000E+5	2.203318E+0	3.021469E-1
-4.500000E+4	1.200000E+5	2.185312E+0	2.631607E-1
-3.000000E+4	1.200000E+5	2.209866E+0	2.036839E-1
-1.500000E+4	1.200000E+5	2.667364E+0	4.770434E-1
0.000000E+0	1.200000E+5	2.845993E+0	2.974638E-1
1.500000E+4	1.200000E+5	2.908304E+0	5.137631E-1
3.000000E+4	1.200000E+5	2.641710E+0	1.767332E-1
4.500000E+4	1.200000E+5	2.655764E+0	2.629977E-1
6.000000E+4	1.200000E+5	2.599394E+0	2.136545E-1
7.500000E+4	1.200000E+5	1.905183E+0	1.800957E-1
9.000000E+4	1.200000E+5	2.141602E+0	1.891601E-1
1.050000E+5	1.200000E+5	1.955230E+0	2.583564E-1
1.200000E+5	1.200000E+5	1.629676E+0	2.727603E-1
1.350000E+5	1.200000E+5	1.812487E+0	3.402499E-1
1.500000E+5	1.200000E+5	1.664519E+0	2.587662E-1
1.650000E+5	1.200000E+5	7.607108E-1	2.025829E-1
1.800000E+5	1.200000E+5	1.036032E+0	2.405276E-1
1.950000E+5	1.200000E+5	9.610824E-1	2.748605E-1
2.100000E+5	1.200000E+5	1.032065E+0	3.245255E-1
2.250000E+5	1.200000E+5	6.051988E-1	1.997333E-1
2.400000E+5	1.200000E+5	5.635638E-1	8.892211E-2
2.550000E+5	1.200000E+5	4.015006E-1	2.567904E-1
2.700000E+5	1.200000E+5	4.867440E-1	1.688540E-1
2.850000E+5	1.200000E+5	7.795805E-1	2.247533E-1
3.000000E+5	1.200000E+5	5.420686E-1	3.181972E-1
-3.000000E+5	1.350000E+5	1.102305E+0	2.007524E-1
-2.850000E+5	1.350000E+5	4.590158E-1	1.516586E-1
-2.700000E+5	1.350000E+5	2.853536E-1	1.780484E-1
-2.550000E+5	1.350000E+5	3.352479E-1	2.755030E-1
-2.400000E+5	1.350000E+5	9.637721E-1	4.358723E-1
-2.250000E+5	1.350000E+5	8.433970E-1	4.871038E-1
-2.100000E+5	1.350000E+5	8.889062E-1	1.579884E-1
-1.950000E+5	1.350000E+5	4.133623E-1	4.229237E-1
-1.800000E+5	1.350000E+5	8.666982E-1	3.976382E-1
-1.650000E+5	1.350000E+5	9.840043E-1	4.894846E-1
-1.500000E+5	1.350000E+5	8.448992E-1	3.579873E-1
-1.350000E+5	1.350000E+5	9.180824E-1	4.087136E-1
-1.200000E+5	1.350000E+5	1.183792E+0	1.396477E-1
-1.050000E+5	1.350000E+5	1.026247E+0	3.897660E-1
-9.000000E+4	1.350000E+5	1.897005E+0	2.753057E-1
-7.500000E+4	1.350000E+5	1.463949E+0	3.027394E-1
-6.000000E+4	1.350000E+5	1.395734E+0	6.216920E-1
-4.500000E+4	1.350000E+5	2.302672E+0	6.853397E-1
-3.000000E+4	1.350000E+5	2.293937E+0	4.459448E-1
-1.500000E+4	1.350000E+5	2.417905E+0	2.828935E-1
0.000000E+0	1.350000E+5	2.450028E+0	4.918751E-1
1.500000E+4	1.350000E+5	2.055990E+0	3.175454E-1
3.000000E+4	1.350000E+5	2.125959E+0	3.093423E-1
4.500000E+4	1.350000E+5	2.142752E+0	5.716886E-1
6.000000E+4	1.350000E+5	1.959202E+0	1.784668E-1
7.500000E+4	1.350000E+5	2.328164E+0	3.157288E-1
9.000000E+4	1.350000E+5	1.696006E+0	2.575655E-1
1.050000E+5	1.350000E+5	1.941960E+0	4.230020E-1
1.200000E+5	1.350000E+5	1.555137E+0	4.423198E-1
1.350000E+5	1.350000E+5	1.215463E+0	4.784141E-1
1.500000E+5	1.350000E+5	1.354404E+0	2.816558E-1
1.650000E+5	1.350000E+5	1.565813E+0	2.491886E-1
1.800000E+5	1.350000E+5	8.637888E-1	4.039729E-1
1.950000E+5	1.350000E+5	6.478918E-1	4.846615E-1
2.100000E+5	1.350000E+5	1.444882E+0	2.687727E-1
2.250000E+5	1.350000E+5	8.383705E-1	3.669588E-1
2.400000E+5	1.350000E+5	6.998895E-1	3.853012E-1
2.550000E+5	1.350000E+5	2.888357E-1	6.483609E-1
2.700000E+5	1.350000E+5	8.458241E-1	4.088506E-1
2.850000E+5	1.350000E+5	3.113537E-1	3.875436E-1
3.000000E+5	1.350000E+5	6.014123E-1	9.963567E-1
-3.000000E+5	1.500000E+5	8.176820E-1	6.061211E-1
-2.850000E+5	1.500000E+5	1.009063E+0	1.957566E-1
-2.700000E+5	1.500000E+5	2.977410E-1	3.957795E-1
-2.550000E+5	1.500000E+5	3.213160E-1	3.162314E-1
-2.400000E+5	1.500000E+5	1.053419E+0	3.249993E-1
-2.250000E+5	1.500000E+5	7.911654E-1	3.930988E-1
-2.100000E+5	1.500000E+5	5.386942E-1	3.187730E-1
-1.950000E+5	1.500000E+5	8.017885E-1	5.290051E-1
-1.800000E+5	1.500000E+5	5.811746E-1	5.599457E-1
-1.650000E+5	1.500000E+5	4.216196E-1	6.052790E-1
-1.500000E+5	1.500000E+5	1.010517E+0	7.314544E-1
-1.350000E+5	1.500000E+5	5.864739E-1	4.236021E-1
-1.200000E+5	1.500000E+5	1.875179E+0	5.755876E-1
-1.050000E+5	1.500000E+5	8.157897E-1	3.784480E-1
-9.000000E+4	1.500000E+5	1.047277E+0	3.559462E-1
-7.500000E+4	1.500000E+5	1.182765E+0	5.723154E-1
-6.000000E+4	1.500000E+5	1.273950E+0	5.431060E-1
-4.500000E+4	1.500000E+5	1.291417E+0	3.333020E-1
-3.000000E+4	1.500000E+5	1.799653E+0	2.584205E-1
-1.500000E+4	1.500000E+5	1.143713E+0	5.889022E-1
0.000000E+0	1.500000E+5	1.376157E+0	5.427709E-1
1.500000E+4	1.500000E+5	1.622046E+0	4.079536E-1
3.000000E+4	1.500000E+5	1.698514E+0	1.810644E-1
4.500000E+4	1.500000E+5	1.485590E+0	1.431761E-1
6.000000E+4	1.500000E+5	1.869335E+0	2.929716E-1
7.500000E+4	1.500000E+5	1.810873E+0	1.948203E-1
9.000000E+4	1.500000E+5	1.817490E+0	3.282674E-1
1.050000E+5	1.500000E+5	1.561640E+0	2.127349E-1
1.200000E+5	1.500000E+5	1.576317E+0	4.385519E-1
1.350000E+5	1.500000E+5	1.384901E+0	4.162654E-1
1.500000E+5	1.500000E+5	1.231512E+0	3.838281E-1
1.650000E+5	1.500000E+5	6.276816E-1	2.393006E-1
1.800000E+5	1.500000E+5	1.092934E+0	4.637693E-1
1.950000E+5	1.500000E+5	1.476000E+0	2.721337E-1
2.100000E+5	1.500000E+5	8.663530E-1	2.921077E-1
2.250000E+5	1.500000E+5	8.823724E-1	2.650374E-1
2.400000E+5	1.500000E+5	5.046566E-1	4.605560E-1
2.550000E+5	1.500000E+5	3.780908E-1	4.249301E-1
2.700000E+5	1.500000E+5	-2.303338E-1	4.717082E-1
2.850000E+5	1.500000E+5	9.145830E-1	4.462902E-1
3.000000E+5	1.500000E+5	1.227438E-1	3.526580E-1
-3.000000E+5	1.650000E+5	2.783298E-1	4.981702E-1
-2.850000E+5	1.650000E+5	9.037590E-1	6.035626E-1
-2.700000E+5	1.650000E+5	5.277696E-1	3.905529E-1
-2.550000E+5	1.650000E+5	7.217212E-1	5.947388E-1
-2.400000E+5	1.650000E+5	9.466804E-1	2.283878E-1
-2.250000E+5	1.650000E+5	1.151387E+0	4.400396E-1
-2.100000E+5	1.650000E+5	8.414482E-1	4.115619E-1
-1.950000E+5	1.650000E+5	1.004678E+0	6.169296E-1
-1.800000E+5	1.650000E+5	1.054175E+0	2.778877E-1
-1.650000E+5	1.650000E+5	6.138997E-1	8.048998E-1
-1.500000E+5	1.650000E+5	5.209472E-1	6.515340E-1
-1.350000E+5	1.650000E+5	1.364709E+0	5.149885E-1
-1.200000E+5	1.650000E+5	1.205881E+0	5.420259E-1
-1.050000E+5	1.650000E+5	6.645369E-1	8.790506E-1
-9.000000E+4	1.650000E+5	1.192142E+0	6.003052E-1
-7.500000E+4	1.650000E+5	1.062214E+0	3.763003E-1
-6.000000E+4	1.650000E+5	6.643900E-1	6.136836E-1
-4.500000E+4	1.650000E+5	1.362267E+0	2.961185E-1
-3.000000E+4	1.650000E+5	1.165740E+0	4.940110E-1
-1.500000E+4	1.650000E+5	1.359490E+0	3.604706E-1
0.000000E+0	1.650000E+5	1.328440E+0	5.600159E-1
1.500000E+4	1.650000E+5	7.226553E-1	4.652119E-1
3.000000E+4	1.650000E+5	1.752585E+0	3.965388E-1
4.500000E+4	1.650000E+5	1.355837E+0	4.719853E-1
6.000000E+4	1.650000E+5	1.897683E+0	5.993796E-1
7.500000E+4	1.650000E+5	1.627465E+0	3.442509E-1
9.000000E+4	1.650000E+5	1.323289E+0	6.506931E-1
1.050000E+5	1.650000E+5	5.331990E-1	4.564004E-1
1.200000E+5	1.650000E+5	8.505325E-1	4.720213E-1
1.350000E+5	1.650000E+5	1.733809E+0	5.570234E-1
1.500000E+5	1.650000E+5	1.048112E+0	9.518583E-1
1.650000E+5	1.650000E+5	1.121299E+0	8.301128E-1
1.800000E+5	1.650000E+5	6.389620E-1	5.653246E-1
1.950000E+5	1.650000E+5	8.502260E-1	4.635182E-1
2.100000E+5	1.650000E+5	1.369448E+0	4.755513E-1
2.250000E+5	1.650000E+5	1.038896E+0	5.667749E-1
2.400000E+5	1.650000E+5	5.792120E-1	8.525434E-1
2.550000E+5	1.650000E+5	6.591967E-1	5.022505E-1
2.700000E+5	1.650000E+5	1.216819E+0	6.421435E-1
2.850000E+5	1.650000E+5	-1.560359E-1	3.641538E-1
3.000000E+5	1.650000E+5	-3.047621E-2	6.063344E-1
-3.000000E+5	1.800000E+5	1.333287E+0	4.492022E-1
-2.850000E+5	1.800000E+5	-1.617024E-1	4.158917E-1
-2.700000E+5	1.800000E+5	9.559932E-1	5.709836E-1
-2.550000E+5	1.800000E+5	8.480473E-1	2.660962E-1
-2.400000E+5	1.800000E+5	1.190585E+0	7.034898E-1
-2.250000E+5	1.800000E+5	6.792300E-1	5.071308E-1
-2.100000E+5	1.800000E+5	3.756148E-1	2.650927E-1
-1.950000E+5	1.800000E+5	1.080477E+0	1.079851E+0
-1.800000E+5	1.800000E+5	1.241432E+0	8.859910E-1
-1.650000E+5	1.800000E+5	5.396028E-1	7.878755E-1
-1.500000E+5	1.800000E+5	1.295366E+0	6.994592E-1
-1.350000E+5	1.800000E+5	1.107334E+0	9.010610E-1
-1.200000E+5	1.800000E+5	6.461072E-1	6.804529E-1
-1.050000E+5	1.800000E+5	3.990639E-1	6.502333E-1
-9.000000E+4	1.800000E+5	1.568094E+0	5.695118E-1
-7.500000E+4	1.800000E+5	4.800383E-1	8.014487E-1
-6.000000E+4	1.800000E+5	1.105069E+0	3.032053E-1
-4.500000E+4	1.800000E+5	7.298683E-1	4.018581E-1
-3.000000E+4	1.800000E+5	7.701964E-1	2.775921E-1
-1.500000E+4	1.800000E+5	2.160290E+0	7.947741E-1
0.000000E+0	1.800000E+5	1.439148E+0	5.273895E-1
1.500000E+4	1.800000E+5	1.275651E+0	2.873323E-1
3.000000E+4	1.800000E+5	1.698310E+0	5.747040E-1
4.500000E+4	1.800000E+5	1.638847E+0	3.829781E-1
6.000000E+4	1.800000E+5	1.724142E+0	7.251533E-1
7.500000E+4	1.800000E+5	1.947861E+0	5.584997E-1
9.000000E+4	1.800000E+5	1.068956E+0	4.389926E-1
1.050000E+5	1.800000E+5	9.617662E-1	5.296365E-1
1.200000E+5	1.800000E+5	9.151684E-1	4.833236E-1
1.350000E+5	1.800000E+5	1.365793E+0	7.078271E-1
1.500000E+5	1.800000E+5	8.652904E-1	5.237286E-1
1.650000E+5	1.800000E+5	7.265912E-1	3.741110E-1
1.800000E+5	1.800000E+5	1.004246E+0	6.757484E-1
1.950000E+5	1.800000E+5	5.848249E-1	5.324237E-1
2.100000E+5	1.800000E+5	4.819907E-1	5.281397E-1
2.250000E+5	1.800000E+5	9.107721E-1	7.406177E-1
2.400000E+5	1.800000E+5	1.064925E+0	3.651584E-1
2.550000E+5	1.800000E+5	3.557798E-1	7.379100E-1
2.700000E+5	1.800000E+5	7.986287E-1	5.589716E-1
2.850000E+5	1.800000E+5	1.015545E+0	7.877970E-1
3.000000E+5	1.800000E+5	4.099221E-1	5.278305E-1
-3.000000E+5	1.950000E+5	8.196909E-1	3.398286E-1
-2.850000E+5	1.950000E+5	5.757008E-1	6.227008E-1
-2.700000E+5	1.950000E+5	5.785195E-1	4.510230E-1
-2.550000E+5	1.950000E+5	9.885643E-1	7.456317E-1
-2.400000E+5	1.950000E+5	4.173462E-1	3.341891E-1
-2.250000E+5	1.950000E+5	-8.455471E-2	6.155793E-1
-2.100000E+5	1.950000E+5	4.620334E-1	3.896491E-1
-1.950000E+5	1.950000E+5	1.278385E+0	6.830601E-1
-1.800000E+5	1.950000E+5	5.936196E-1	6.068690E-1
-1.650000E+5	1.950000E+5	7.961899E-1	4.078036E-1
-1.500000E+5	1.950000E+5	1.234214E+0	8.630326E-1
-1.350000E+5	1.950000E+5	-9.554857E-2	5.421135E-1
-1.200000E+5	1.950000E+5	8.243973E-1	5.802293E-1
-1.050000E+5	1.950000E+5	2.267120E+0	3.288011E-1
-9.000000E+4	1.950000E+5	7.146397E-1	4.379735E-1
-7.500000E+4	1.950000E+5	7.545656E-1	5.205681E-1
-6.000000E+4	1.950000E+5	1.679627E+0	3.307388E-1
-4.500000E+4	1.950000E+5	4.218445E-1	7.636664E-1
-3.000000E+4	1.950000E+5	6.659258E-1	4.982414E-1
-1.500000E+4	1.950000E+5	1.157356E+0	5.725020E-1
0.000000E+0	1.950000E+5	1.863110E-1	3.209421E-1
1.500000E+4	1.950000E+5	8.050809E-1	9.313851E-1
3.000000E+4	1.950000E+5	5.717084E-1	2.871702E-1
4.500000E+4	1.950000E+5	7.939106E-1	8.997784E-1
6.000000E+4	1.950000E+5	7.392337E-2	6.742651E-1
7.500000E+4	1.950000E+5	1.279190E+0	4.929297E-1
9.000000E+4	1.950000E+5	-1.689174E-1	1.041080E+0
1.050000E+5	1.950000E+5	1.114786E+0	7.877648E-1
1.200000E+5	1.950000E+5	1.042192E+0	4.389435E-1
1.350000E+5	1.950000E+5	9.406662E-1	5.612529E-1
1.500000E+5	1.950000E+5	3.997155E-1	9.264012E-1
1.650000E+5	1.950000E+5	1.117049E+0	6.702578E-1
1.800000E+5	1.950000E+5	2.009178E+0	4.749192E-1
1.950000E+5	1.950000E+5	1.505448E+0	4.373503E-1
2.100000E+5	1.950000E+5	3.144217E-1	1.241731E+0
2.250000E+5	1.950000E+5	1.009646E+0	6.579077E-1
2.400000E+5	1.950000E+5	6.161712E-1	3.035087E-1
2.550000E+5	1.950000E+5	1.405113E+0	6.136794E-1
2.700000E+5	1.950000E+5	8.595010E-1	7.121189E-1
2.850000E+5	1.950000E+5	-3.078742E-1	9.939923E-1
3.000000E+5	1.950000E+5	8.208031E-3	6.428982E-1
-3.000000E+5	2.100000E+5	-3.878003E-1	4.425983E-1
-2.850000E+5	2.100000E+5	4.125236E-1	5.878745E-1
-2.700000E+5	2.100000E+5	8.877814E-1	1.175085E+0
-2.550000E+5	2.100000E+5	2.467907E-1	6.197046E-1
-2.400000E+5	2.100000E+5	1.771195E+0	5.857422E-1
-2.250000E+5	2.100000E+5	1.024969E+0	7.473836E-1
-2.100000E+5	2.100000E+5	-2.889994E-1	5.205289E-1
-1.950000E+5	2.100000E+5	8.942219E-1	6.506706E-1
-1.800000E+5	2.100000E+5	1.116800E+0	4.228703E-1
-1.650000E+5	2.100000E+5	9.380113E-2	4.168720E-1
-1.500000E+5	2.100000E+5	2.387374E-1	5.147725E-1
-1.350000E+5	2.100000E+5	6.919167E-1	6.180650E-1
-1.200000E+5	2.100000E+5	-3.185351E-1	8.005848E-1
-1.050000E+5	2.100000E+5	7.487171E-1	2.990377E-1
-9.000000E+4	2.100000E+5	6.231711E-1	5.106147E-1
-7.500000E+4	2.100000E+5	7.325167E-1	8.268011E-1
-6.000000E+4	2.100000E+5	3.815479E-1	5.534587E-1
-4.500000E+4	2.100000E+5	1.113125E-1	8.459210E-1
-3.000000E+4	2.100000E+5	1.286333E+0	5.487838E-1
-1.500000E+4	2.100000E+5	9.984017E-1	1.241993E+0
0.000000E+0	2.100000E+5	1.646761E+0	6.916232E-1
1.500000E+4	2.100000E+5	1.233586E+0	3.606785E-1
3.000000E+4	2.100000E+5	1.370273E+0	7.838592E-1
4.500000E+4	2.100000E+5	-1.496832E-1	8.040097E-1
6.000000E+4	2.100000E+5	1.825861E+0	5.217270E-1
7.500000E+4	2.100000E+5	1.336084E+0	5.888132E-1
9.000000E+4	2.100000E+5	1.616270E+0	5.416024E-1
1.050000E+5	2.100000E+5	2.363503E+0	6.440876E-1
1.200000E+5	2.100000E+5	8.214373E-1	4.691935E-1
1.350000E+5	2.100000E+5	8.015331E-1	6.429903E-1
1.500000E+5	2.100000E+5	-3.681872E-1	6.203536E-1
1.650000E+5	2.100000E+5	5.592343E-1	3.947616E-1
1.800000E+5	2.100000E+5	7.706059E-1	4.957948E-1
1.950000E+5	2.100000E+5	6.151407E-1	7.772478E-1
2.100000E+5	2.100000E+5	1.061252E+0	7.470524E-1
2.250000E+5	2.100000E+5	1.270399E+0	5.077023E-1
2.400000E+5	2.100000E+5	1.418343E+0	5.821274E-1
2.550000E+5	2.100000E+5	2.325906E-1	6.719111E-1
2.700000E+5	2.100000E+5	7.657960E-1	1.178110E+0
2.850000E+5	2.100000E+5	1.733780E-1	1.225547E+0
3.000000E+5	2.100000E+5	3.118682E-1	7.160066E-1
-3.000000E+5	2.250000E+5	1.064685E+0	4.758402E-1
-2.850000E+5	2.250000E+5	2.456664E-1	5.793399E-1
-2.700000E+5	2.250000E+5	-2.538467E-1	1.039431E+0
-2.550000E+5	2.250000E+5	7.833558E-1	6.347281E-1
-2.400000E+5	2.250000E+5	1.471328E+0	5.730097E-1
-2.250000E+5	2.250000E+5	1.692901E-1	5.794872E-1
-2.100000E+5	2.250000E+5	-6.384836E-2	6.549281E-1
-1.950000E+5	2.250000E+5	9.934195E-1	1.660284E+0
-1.800000E+5	2.250000E+5	2.258885E-1	6.960185E-1
-1.650000E+5	2.250000E+5	1.519110E+0	5.554404E-1
-1.500000E+5	2.250000E+5	1.088236E+0	1.290307E+0
-1.350000E+5	2.250000E+5	3.187390E-1	8.384830E-1
-1.200000E+5	2.250000E+5	1.331624E+0	8.598806E-1
-1.050000E+5	2.250000E+5	1.699112E-1	4.454348E-1
-9.000000E+4	2.250000E+5	1.749913E-1	5.633876E-1
-7.500000E+4	2.250000E+5	3.124265E-1	5.533697E-1
-6.000000E+4	2.250000E+5	9.784576E-1	4.481630E-1
-4.500000E+4	2.250000E+5	1.156865E+0	9.273839E-1
-3.000000E+4	2.250000E+5	7.038213E-1	8.323430E-1
-1.500000E+4	2.250000E+5	4.557948E-1	5.665115E-1
0.000000E+0	2.250000E+5	1.335778E+0	7.378205E-1
1.500000E+4	2.250000E+5	3.971599E-1	3.640586E-1
3.000000E+4	2.250000E+5	1.375587E+0	7.633236E-1
4.500000E+4	2.250000E+5	1.722098E+0	6.573953E-1
6.000000E+4	2.250000E+5	1.273725E+0	4.025163E-1
7.500000E+4	2.250000E+5	1.439977E+0	5.277746E-1
9.000000E+4	2.250000E+5	6.260092E-1	5.707007E-1
1.050000E+5	2.250000E+5	9.504027E-1	9.550929E-1
1.200000E+5	2.250000E+5	8.923145E-2	7.790388E-1
1.350000E+5	2.250000E+5	-3.527363E-1	7.404010E-1
1.500000E+5	2.250000E+5	1.496362E-1	8.113195E-1
1.650000E+5	2.250000E+5	7.101741E-1	9.918905E-1
1.800000E+5	2.250000E+5	6.499630E-1	7.719358E-1
1.950000E+5	2.250000E+5	-6.053309E-1	1.155467E+0
2.100000E+5	2.250000E+5	1.116338E+0	9.727100E-1
2.250000E+5	2.250000E+5	7.144704E-1	4.590892E-1
2.400000E+5	2.250000E+5	3.060247E-1	4.954760E-1
2.550000E+5	2.250000E+5	2.053999E-1	3.298891E-1
2.700000E+5	2.250000E+5	8.314599E-3	5.991538E-1
2.850000E+5	2.250000E+5	-6.472367E-1	6.441067E-1
3.000000E+5	2.250000E+5	6.081572E-1	1.195952E+0
-3.000000E+5	2.400000E+5	8.448834E-1	4.277586E-1
-2.850000E+5	2.400000E+5	-5.219215E-2	5.152313E-1
-2.700000E+5	2.400000E+5	-4.547654E-1	1.080555E+0
-2.550000E+5	2.400000E+5	-1.915073E-1	8.473072E-1
-2.400000E+5	2.400000E+5	-5.304227E-1	5.699007E-1
-2.250000E+5	2.400000E+5	6.130099E-1	9.591980E-1
-2.100000E+5	2.400000E+5	-3.390425E-1	1.102022E+0
-1.950000E+5	2.400000E+5	2.774772E-1	7.532050E-1
-1.800000E+5	2.400000E+5	7.048038E-1	5.284408E-1
-1.650000E+5	2.400000E+5	1.097592E+0	1.330610E+0
-1.500000E+5	2.400000E+5	8.087588E-1	9.014942E-1
-1.350000E+5	2.400000E+5	1.741448E+0	6.529486E-1
-1.200000E+5	2.400000E+5	5.567608E-1	1.375082E+0
-1.050000E+5	2.400000E+5	8.687624E-2	6.966416E-1
-9.000000E+4	2.400000E+5	1.008679E+0	1.097973E+0
-7.500000E+4	2.400000E+5	8.048943E-1	3.756042E-1
-6.000000E+4	2.400000E+5	1.005241E+0	1.002325E+0
-4.500000E+4	2.400000E+5	4.434798E-1	6.890350E-1
-3.000000E+4	2.400000E+5	1.129259E+0	7.267743E-1
-1.500000E+4	2.400000E+5	3.153043E-1	6.126029E-1
0.000000E+0	2.400000E+5	1.036746E+0	4.720717E-1
1.500000E+4	2.400000E+5	1.090427E+0	5.336178E-1
3.000000E+4	2.400000E+5	5.814367E-1	6.084212E-1
4.500000E+4	2.400000E+5	2.080182E-1	7.490858E-1
6.000000E+4	2.400000E+5	-6.251505E-1	5.511556E-1
7.500000E+4	2.400000E+5	9.822757E-1	6.488841E-1
9.000000E+4	2.400000E+5	8.205935E-1	6.455264E-1
1.050000E+5	2.400000E+5	5.868053E-1	1.219068E+0
1.200000E+5	2.400000E+5	7.259254E-2	6.025532E-1
1.350000E+5	2.400000E+5	3.242974E-1	1.213975E+0
1.500000E+5	2.400000E+5	1.341946E+0	9.119901E-1
1.650000E+5	2.400000E+5	-4.989218E-1	3.347502E-1
1.800000E+5	2.400000E+5	1.215649E-1	5.571914E-1
1.950000E+5	2.400000E+5	-8.931459E-2	5.930862E-1
2.100000E+5	2.400000E+5	1.059779E+0	1.362414E+0
2.250000E+5	2.400000E+5	1.231498E+0	7.009721E-1
2.400000E+5	2.400000E+5	-5.274734E-1	8.945187E-1
2.550000E+5	2.400000E+5	-3.257465E-1	1.023732E+0
2.700000E+5	2.400000E+5	1.004230E+0	8.198233E-1
2.850000E+5	2.400000E+5	-2.865656E-1	8.261807E-1
3.000000E+5	2.400000E+5	4.491086E-1	7.616597E-1
-3.000000E+5	2.550000E+5	1.131521E+0	9.977394E-1
-2.850000E+5	2.550000E+5	5.069771E-1	4.189703E-1
-2.700000E+5	2.550000E+5	2.926563E-1	4.070420E-1
-2.550000E+5	2.550000E+5	6.583253E-1	4.047052E-1
-2.400000E+5	2.550000E+5	7.188081E-1	4.418789E-1
-2.250000E+5	2.550000E+5	-4.645513E-1	3.932131E-1
-2.100000E+5	2.550000E+5	3.135289E-1	8.361150E-1
-1.950000E+5	2.550000E+5	-2.020540E-1	8.929377E-1
-1.800000E+5	2.550000E+5	-6.454597E-1	6.565979E-1
-1.650000E+5	2.550000E+5	-1.218556E-1	9.232864E-1
-1.500000E+5	2.550000E+5	1.596618E+0	8.182446E-1
-1.350000E+5	2.550000E+5	-7.718847E-1	5.488464E-1
-1.200000E+5	2.550000E+5	1.508278E-1	6.322932E-1
-1.050000E+5	2.550000E+5	-1.547245E-1	4.221497E-1
-9.000000E+4	2.550000E+5	1.784744E-1	8.853025E-1
-7.500000E+4	2.550000E+5	6.681765E-1	9.122609E-1
-6.000000E+4	2.550000E+5	3.244468E-1	4.923799E-1
-4.500000E+4	2.550000E+5	8.620444E-1	8.983918E-1
-3.000000E+4	2.550000E+5	1.104866E+0	5.221507E-1
-1.500000E+4	2.550000E+5	-4.936235E-1	9.502922E-1
0.000000E+0	2.550000E+5	9.590790E-1	4.441532E-1
1.500000E+4	2.550000E+5	-8.246507E-1	6.771492E-1
3.000000E+4	2.550000E+5	1.103702E-1	1.298249E+0
4.500000E+4	2.550000E+5	-1.396107E-1	6.006389E-1
6.000000E+4	2.550000E+5	-3.188099E-1	5.311174E-1
7.500000E+4	2.550000E+5	8.762277E-1	6.683444E-1
9.000000E+4	2.550000E+5	6.037757E-1	7.982401E-1
1.050000E+5	2.550000E+5	8.270365E-1	3.088072E-1
1.200000E+5	2.550000E+5	-5.322114E-1	6.009736E-1
1.350000E+5	2.550000E+5	7.581251E-1	7.866238E-1
1.500000E+5	2.550000E+5	6.521945E-2	9.685149E-1
1.650000E+5	2.550000E+5	7.778800E-1	1.224952E+0
1.800000E+5	2.550000E+5	-1.218475E-1	9.898553E-1
1.950000E+5	2.550000E+5	-5.048145E-2	9.303803E-1
2.100000E+5	2.550000E+5	1.485557E+0	1.223147E+0
2.250000E+5	2.550000E+5	1.285255E+0	1.080605E+0
2.400000E+5	2.550000E+5	6.670384E-1	7.379290E-1
2.550000E+5	2.550000E+5	8.646170E-2	5.457011E-1
2.700000E+5	2.550000E+5	2.258529E-1	6.143242E-1
2.850000E+5	2.550000E+5	6.733540E-1	8.202377E-1
3.000000E+5	2.550000E+5	1.408008E-1	1.326687E+0
-3.000000E+5	2.700000E+5	-4.482938E-1	9.892768E-1
-2.850000E+5	2.700000E+5	3.388508E-1	3.079684E-1
-2.700000E+5	2.700000E+5	1.594186E-1	5.056120E-1
-2.550000E+5	2.700000E+5	-3.151575E-1	6.164875E-1
-2.400000E+5	2.700000E+5	8.310428E-1	1.012078E+0
-2.250000E+5	2.700000E+5	1.151872E-1	7.194934E-1
-2.100000E+5	2.700000E+5	-1.814496E-1	1.191117E+0
-1.950000E+5	2.700000E+5	1.056216E+0	9.007238E-1
-1.800000E+5	2.700000E+5	1.636211E-1	1.030008E+0
-1.650000E+5	2.700000E+5	-3.555596E-1	5.996052E-1
-1.500000E+5	2.700000E+5	1.898675E-1	1.014761E+0
-1.350000E+5	2.700000E+5	3.263833E-1	3.828335E-1
-1.200000E+5	2.700000E+5	1.025066E+0	6.965187E-1
-1.050000E+5	2.700000E+5	8.599044E-1	1.449420E+0
-9.000000E+4	2.700000E+5	-9.219684E-1	6.121638E-1
-7.500000E+4	2.700000E+5	5.919329E-1	1.177612E+0
-6.000000E+4	2.700000E+5	2.494921E-1	9.383774E-1
-4.500000E+4	2.700000E+5	-1.307920E-1	6.626825E-1
-3.000000E+4	2.700000E+5	6.783234E-1	6.306770E-1
-1.500000E+4	2.700000E+5	-2.704086E-1	7.442129E-1
0.000000E+0	2.700000E+5	8.622881E-1	8.272965E-1
1.500000E+4	2.700000E+5	-5.498128E-2	8.198599E-1
3.000000E+4	2.700000E+5	-3.951922E-1	5.581994E-1
4.500000E+4	2.700000E+5	7.364394E-2	9.316585E-1
6.000000E+4	2.700000E+5	3.084280E-2	9.537735E-1
7.500000E+4	2.700000E+5	-1.027466E-2	1.074169E+0
9.000000E+4	2.700000E+5	-2.919868E-1	4.686858E-1
1.050000E+5	2.700000E+5	-9.889195E-2	8.750559E-1
1.200000E+5	2.700000E+5	9.026479E-1	7.674861E-1
1.350000E+5	2.700000E+5	3.418230E-1	5.792051E-1
1.500000E+5	2.700000E+5	4.088855E-1	7.834136E-1
1.650000E+5	2.700000E+5	1.264861E+0	3.790238E-1
1.800000E+5	2.700000E+5	1.338580E-1	7.102193E-1
1.950000E+5	2.700000E+5	1.234377E+0	9.454481E-1
2.100000E+5	2.700000E+5	1.161090E+0	1.291722E+0
2.250000E+5	2.700000E+5	1.094679E+0	5.312536E-1
2.400000E+5	2.700000E+5	-3.354116E-1	6.942911E-1
2.550000E+5	2.700000E+5	7.079387E-1	7.862371E-1
2.700000E+5	2.700000E+5	8.971272E-1	5.499155E-1
2.850000E+5	2.700000E+5	5.852119E-1	1.156020E+0
3.000000E+5	2.700000E+5	-4.466055E-1	6.334437E-1
-3.000000E+5	2.850000E+5	3.411928E-1	5.716525E-1
-2.850000E+5	2.850000E+5	-8.351158E-1	8.198900E-1
-2.700000E+5	2.850000E+5	7.863234E-1	6.461672E-1
-2.550000E+5	2.850000E+5	7.754719E-2	8.038867E-1
-2.400000E+5	2.850000E+5	3.388299E-1	4.882835E-1
-2.250000E+5	2.850000E+5	9.136744E-1	6.495931E-1
-2.100000E+5	2.850000E+5	2.677107E-1	1.076278E+0
-1.950000E+5	2.850000E+5	4.246494E-1	9.198246E-1
-1.800000E+5	2.850000E+5	6.869504E-1	5.130660E-1
-1.650000E+5	2.850000E+5	-9.506315E-2	1.185586E+0
-1.500000E+5	2.850000E+5	3.487224E-1	8.121713E-1
-1.350000E+5	2.850000E+5	-5.042293E-1	1.095954E+0
-1.200000E+5	2.850000E+5	9.449743E-1	6.099783E-1
-1.050000E+5	2.850000E+5	9.252333E-2	1.024886E+0
-9.000000E+4	2.850000E+5	1.661878E+0	5.843076E-1
-7.500000E+4	2.850000E+5	5.668242E-3	7.829044E-1
-6.000000E+4	2.850000E+5	2.119261E-1	7.076079E-1
-4.500000E+4	2.850000E+5	-1.622011E-1	1.036974E+0
-3.000000E+4	2.850000E+5	1.148353E-1	9.666341E-1
-1.500000E+4	2.850000E+5	-6.290930E-1	7.290891E-1
0.000000E+0	2.850000E+5	-1.391110E-1	5.818060E-1
1.500000E+4	2.850000E+5	4.214758E-1	6.801807E-1
3.000000E+4	2.850000E+5	-2.476244E-1	6.483755E-1
4.500000E+4	2.850000E+5	8.572499E-1	5.555873E-1
6.000000E+4	2.850000E+5	-1.359445E-1	6.518350E-1
7.500000E+4	2.850000E+5	1.964421E-1	1.229814E+0
9.000000E+4	2.850000E+5	-1.000851E-1	1.318996E+0
1.050000E+5	2.850000E+5	1.236752E+0	1.122444E+0
1.200000E+5	2.850000E+5	5.178527E-1	4.638416E-1
1.350000E+5	2.850000E+5	-5.225708E-1	7.609247E-1
1.500000E+5	2.850000E+5	2.803139E-3	7.914213E-1
1.650000E+5	2.850000E+5	1.105407E+0	1.396191E+0
1.800000E+5	2.850000E+5	3.416578E-1	9.933247E-1
1.950000E+5	2.850000E+5	-7.963269E-2	8.176694E-1
2.100000E+5	2.850000E+5	-2.124962E-1	7.825445E-1
2.250000E+5	2.850000E+5	7.409845E-1	4.876225E-1
2.400000E+5	2.850000E+5	1.080750E+0	7.904688E-1
2.550000E+5	2.850000E+5	7.933462E-1	8.664946E-1
2.700000E+5	2.850000E+5	2.886975E-1	1.101453E+0
2.850000E+5	2.850000E+5	-7.074161E-1	6.879392E-1
3.000000E+5	2.850000E+5	-8.699779E-1	7.941939E-1
-3.000000E+5	3.000000E+5	-1.078003E+0	1.145316E+0
-2.850000E+5	3.000000E+5	4.575805E-1	4.537087E-1
-2.700000E+5	3.000000E+5	1.169779E+0	4.986695E-1
-2.550000E+5	3.000000E+5	5.968402E-2	8.351851E-1
-2.400000E+5	3.000000E+5	4.411002E-1	4.723296E-1
-2.250000E+5	3.000000E+5	6.357096E-2	1.253087E+0
-2.100000E+5	3.000000E+5	4.034836E-1	7.793046E-1
-1.950000E+5	3.000000E+5	2.911914E-1	9.817485E-1
-1.800000E+5	3.000000E+5	1.090756E+0	7.359420E-1
-1.650000E+5	3.000000E+5	-4.068714E-1	5.996867E-1
-1.500000E+5	3.000000E+5	2.099176E-1	1.344949E+0
-1.350000E+5	3.000000E+5	-1.842056E-1	7.462977E-1
-1.200000E+5	3.000000E+5	5.919971E-1	7.287370E-1
-1.050000E+5	3.000000E+5	-5.576587E-1	6.813542E-1
-9.000000E+4	3.000000E+5	2.979373E-1	7.781437E-1
-7.500000E+4	3.000000E+5	3.657097E-2	9.103318E-1
-6.000000E+4	3.000000E+5	-4.140890E-1	1.801949E+0
-4.500000E+4	3.000000E+5	8.039260E-1	5.402058E-1
-3.000000E+4	3.000000E+5	6.585415E-1	8.527445E-1
-1.500000E+4	3.000000E+5	-1.091067E-1	8.203041E-1
0.000000E+0	3.000000E+5	-3.974959E-1	7.046629E-1
1.500000E+4	3.000000E+5	6.827631E-1	7.765773E-1
3.000000E+4	3.000000E+5	-5.929639E-1	9.568982E-1
4.500000E+4	3.000000E+5	2.244782E-1	8.166098E-1
6.000000E+4	3.000000E+5	8.794192E-2	8.208382E-1
7.500000E+4	3.000000E+5	1.608789E-1	1.603017E+0
9.000000E+4	3.000000E+5	6.419505E-1	1.990139E+0
1.050000E+5	3.000000E+5	9.801236E-2	9.737088E-1
1.200000E+5	3.000000E+5	-4.146723E-1	7.571317E-1
1.350000E+5	3.000000E+5	4.711039E-1	5.041892E-1
1.500000E+5	3.000000E+5	7.811561E-1	4.282379E-1
1.650000E+5	3.000000E+5	1.632719E+0	4.801798E-1
1.800000E+5	3.000000E+5	6.998573E-1	3.506798E-1
1.950000E+5	3.000000E+5	5.116044E-1	7.038345E-1
2.100000E+5	3.000000E+5	-4.752387E-1	6.962812E-1
2.250000E+5	3.000000E+5	5.261268E-1	5.917490E-1
2.400000E+5	3.000000E+5	4.643091E-1	8.296367E-1
2.550000E+5	3.000000E+5	1.225001E-1	4.295505E-1
2.700000E+5	3.000000E+5	4.291696E-1	7.481102E-1
2.850000E+5	3.000000E+5	1.376500E+0	8.296334E-1
3.000000E+5	3.000000E+5	5.560342E-1	7.161580E-1
