0.000000E+0	4.209195E+0	3.536852E-2
2.000000E+2	4.253985E+0	1.646720E-1
4.000000E+2	4.320592E+0	2.284034E-2
6.000000E+2	4.319931E+0	4.586776E-2
8.000000E+2	4.334582E+0	7.905461E-2
1.000000E+3	4.444054E+0	6.885538E-2
1.200000E+3	4.476509E+0	9.844394E-2
1.400000E+3	4.497268E+0	5.965376E-2
1.600000E+3	4.506811E+0	9.090360E-2
1.800000E+3	4.525304E+0	9.155796E-2
2.000000E+3	4.604148E+0	4.345119E-2
2.200000E+3	4.601192E+0	1.224608E-1
2.400000E+3	4.644096E+0	1.201826E-1
2.600000E+3	4.578646E+0	1.722583E-1
2.800000E+3	4.817470E+0	2.643306E-2
3.000000E+3	4.783288E+0	3.231628E-2
3.200000E+3	4.790466E+0	1.058488E-1
3.400000E+3	4.852466E+0	1.298740E-1
3.600000E+3	4.940336E+0	3.187325E-2
3.800000E+3	4.933489E+0	5.230224E-2
4.000000E+3	4.969506E+0	3.287020E-2
4.200000E+3	5.069317E+0	7.774938E-2
4.400000E+3	4.955267E+0	1.472551E-1
4.600000E+3	5.091502E+0	3.414112E-2
4.800000E+3	5.075452E+0	2.311812E-1
5.000000E+3	5.235300E+0	1.289983E-1
5.200000E+3	5.036976E+0	6.600208E-2
5.400000E+3	5.111629E+0	8.906341E-2
5.600000E+3	5.151627E+0	5.283635E-2
5.800000E+3	5.185057E+0	3.707974E-2
6.000000E+3	5.148367E+0	7.215431E-2
6.200000E+3	5.238151E+0	4.418828E-2
6.400000E+3	5.255476E+0	4.297023E-2
6.600000E+3	5.408844E+0	1.653150E-1
6.800000E+3	5.294682E+0	3.209258E-2
7.000000E+3	5.279410E+0	3.399464E-2
7.200000E+3	5.362861E+0	1.615243E-2
7.400000E+3	5.359153E+0	3.085794E-2
7.600000E+3	5.421735E+0	7.686005E-2
7.800000E+3	5.338124E+0	6.222283E-2
8.000000E+3	5.468465E+0	4.260607E-2
8.200000E+3	5.308157E+0	9.825861E-2
8.400000E+3	5.462104E+0	4.665164E-2
8.600000E+3	5.419302E+0	5.299559E-2
8.800000E+3	5.634015E+0	1.626660E-1
9.000000E+3	5.417770E+0	2.933924E-2
9.200000E+3	5.628388E+0	1.638932E-1
9.400000E+3	5.501708E+0	3.178894E-2
9.600000E+3	5.489034E+0	3.633339E-2
9.800000E+3	5.512697E+0	2.296158E-2
1.000000E+4	5.446449E+0	5.456642E-2
1.020000E+4	5.516376E+0	1.309485E-1
1.040000E+4	5.391374E+0	1.021283E-1
1.060000E+4	5.409623E+0	8.927767E-2
1.080000E+4	5.290157E+0	1.172578E-1
1.100000E+4	5.494850E+0	2.526639E-2
1.120000E+4	5.516021E+0	1.370398E-1
1.140000E+4	5.442204E+0	1.068549E-1
1.160000E+4	5.465955E+0	2.707061E-2
1.180000E+4	5.423709E+0	1.416742E-1
1.200000E+4	5.453094E+0	1.003277E-1
1.220000E+4	5.456145E+0	8.676459E-2
1.240000E+4	5.481326E+0	2.030297E-2
1.260000E+4	5.383251E+0	1.578168E-1
1.280000E+4	5.358564E+0	1.042619E-1
1.300000E+4	5.516048E+0	9.055705E-2
1.320000E+4	5.434812E+0	7.666211E-2
1.340000E+4	5.402059E+0	1.677086E-2
1.360000E+4	5.286067E+0	7.698359E-2
1.380000E+4	5.291408E+0	1.066148E-1
1.400000E+4	5.342973E+0	6.211661E-2
1.420000E+4	5.295829E+0	6.183031E-2
1.440000E+4	5.283476E+0	1.182663E-1
1.460000E+4	5.339109E+0	3.004899E-2
1.480000E+4	5.166738E+0	1.279152E-1
1.500000E+4	5.242186E+0	2.381299E-2
1.520000E+4	5.160532E+0	1.307153E-1
1.540000E+4	5.197335E+0	3.379662E-2
1.560000E+4	5.237591E+0	8.261161E-2
1.580000E+4	5.205327E+0	2.427323E-2
1.600000E+4	5.191273E+0	1.041657E-1
1.620000E+4	5.136588E+0	8.602825E-2
1.640000E+4	5.066324E+0	7.238149E-2
1.660000E+4	4.973799E+0	9.860183E-2
1.680000E+4	4.976617E+0	3.018330E-2
1.700000E+4	5.011873E+0	2.192726E-2
1.720000E+4	4.871590E+0	1.412836E-1
1.740000E+4	4.806354E+0	1.270993E-1
1.760000E+4	4.892002E+0	5.841547E-2
1.780000E+4	4.873544E+0	6.272460E-2
1.800000E+4	4.687485E+0	8.866747E-2
1.820000E+4	4.791367E+0	3.839512E-2
1.840000E+4	4.756570E+0	5.710012E-2
1.860000E+4	4.664736E+0	1.175833E-1
1.880000E+4	4.574580E+0	1.023592E-1
1.900000E+4	4.591485E+0	1.677210E-1
1.920000E+4	4.459641E+0	9.643632E-2
1.940000E+4	4.466816E+0	4.359959E-2
1.960000E+4	4.374873E+0	9.010390E-2
1.980000E+4	4.459744E+0	1.805753E-1
2.000000E+4	4.257480E+0	1.647886E-1
2.020000E+4	4.315738E+0	9.935830E-2
2.040000E+4	4.308209E+0	3.044530E-2
2.060000E+4	4.572687E+0	1.724546E-1
2.080000E+4	4.242612E+0	8.992981E-2
2.100000E+4	4.158389E+0	1.306665E-1
2.120000E+4	4.087435E+0	1.373583E-1
2.140000E+4	4.121686E+0	1.624217E-1
2.160000E+4	4.001867E+0	3.946361E-2
2.180000E+4	3.953479E+0	7.563513E-2
2.200000E+4	3.883212E+0	8.513179E-2
2.220000E+4	3.975243E+0	6.966448E-2
2.240000E+4	3.949770E+0	6.925946E-2
2.260000E+4	3.793924E+0	2.421016E-2
2.280000E+4	3.741612E+0	7.971868E-2
2.300000E+4	3.664969E+0	9.701252E-2
2.320000E+4	3.646015E+0	4.844460E-2
2.340000E+4	3.606961E+0	3.985629E-2
2.360000E+4	3.558220E+0	6.044828E-2
2.380000E+4	3.444538E+0	9.610616E-2
2.400000E+4	3.350574E+0	1.329879E-1
2.420000E+4	3.440743E+0	6.233657E-2
2.440000E+4	3.323874E+0	6.227023E-2
2.460000E+4	3.262390E+0	8.143191E-2
2.480000E+4	3.204228E+0	1.045069E-1
2.500000E+4	3.288813E+0	1.159593E-1
2.520000E+4	3.158185E+0	4.330177E-2
2.540000E+4	3.123066E+0	2.720795E-2
2.560000E+4	2.900680E+0	1.015317E-1
2.580000E+4	3.037270E+0	2.556470E-2
2.600000E+4	3.025769E+0	1.503788E-2
2.620000E+4	2.903353E+0	6.624585E-2
2.640000E+4	2.872677E+0	3.830796E-2
2.660000E+4	2.815673E+0	4.575775E-2
2.680000E+4	2.779278E+0	4.331393E-2
2.700000E+4	2.697459E+0	3.346987E-2
2.720000E+4	2.622302E+0	1.864241E-1
2.740000E+4	2.604053E+0	3.392296E-2
2.760000E+4	2.570970E+0	2.180333E-2
2.780000E+4	2.415159E+0	1.080379E-1
2.800000E+4	2.453244E+0	4.417851E-2
2.820000E+4	2.373675E+0	7.093675E-2
2.840000E+4	2.136844E+0	1.948110E-1
2.860000E+4	2.301782E+0	2.922882E-2
2.880000E+4	2.218718E+0	1.308256E-1
2.900000E+4	2.171558E+0	5.929116E-2
2.920000E+4	2.123109E+0	2.005920E-2
2.940000E+4	2.095826E+0	1.205997E-1
2.960000E+4	2.077935E+0	3.937117E-2
2.980000E+4	2.020260E+0	3.652229E-2
3.000000E+4	1.959441E+0	4.751772E-2
3.020000E+4	1.966670E+0	5.285543E-2
3.040000E+4	1.810981E+0	9.745498E-2
3.060000E+4	1.911159E+0	6.013978E-2
3.080000E+4	1.826130E+0	3.394444E-2
3.100000E+4	1.797944E+0	2.856766E-2
3.120000E+4	1.802186E+0	6.665939E-2
3.140000E+4	1.728350E+0	5.715538E-2
3.160000E+4	1.594270E+0	2.917347E-2
3.180000E+4	1.554178E+0	1.292276E-1
3.200000E+4	1.498914E+0	1.230636E-1
3.220000E+4	1.574625E+0	9.898157E-2
3.240000E+4	1.620838E+0	1.070968E-1
3.260000E+4	1.361391E+0	4.625136E-2
3.280000E+4	1.425909E+0	5.933002E-2
3.300000E+4	1.474584E+0	1.018727E-1
3.320000E+4	1.308445E+0	3.765608E-2
3.340000E+4	1.320457E+0	1.440179E-1
3.360000E+4	1.234987E+0	5.935754E-2
3.380000E+4	1.203103E+0	3.208231E-2
3.400000E+4	1.223457E+0	2.868920E-2
3.420000E+4	1.125908E+0	1.215705E-1
3.440000E+4	1.184053E+0	1.187930E-1
3.460000E+4	1.144911E+0	4.936567E-2
3.480000E+4	9.936500E-1	7.565323E-2
3.500000E+4	1.105136E+0	1.299882E-1
3.520000E+4	1.005552E+0	6.530078E-2
3.540000E+4	9.890951E-1	3.050668E-2
3.560000E+4	9.648597E-1	3.446263E-2
3.580000E+4	8.831796E-1	6.984201E-2
3.600000E+4	8.589850E-1	1.134075E-1
3.620000E+4	8.834962E-1	3.904093E-2
3.640000E+4	8.415216E-1	6.958486E-2
3.660000E+4	9.084219E-1	5.015590E-2
3.680000E+4	8.535822E-1	1.775150E-2
3.700000E+4	7.712692E-1	5.455715E-2
3.720000E+4	8.070246E-1	5.153057E-2
3.740000E+4	6.478373E-1	1.403257E-1
3.760000E+4	7.027704E-1	1.281049E-1
3.780000E+4	7.180305E-1	7.204548E-2
3.800000E+4	7.199992E-1	5.803724E-2
3.820000E+4	7.065349E-1	3.983427E-2
3.840000E+4	7.352415E-1	3.561650E-2
3.860000E+4	6.412137E-1	1.074209E-1
3.880000E+4	7.799043E-1	1.010692E-1
3.900000E+4	6.209153E-1	8.005468E-2
3.920000E+4	6.371891E-1	2.972377E-2
3.940000E+4	6.816398E-1	2.350139E-2
3.960000E+4	6.997059E-1	5.506178E-2
3.980000E+4	6.306370E-1	3.018344E-2
4.000000E+4	6.221931E-1	5.516177E-2
4.020000E+4	6.688975E-1	1.820484E-2
4.040000E+4	6.454209E-1	2.905342E-2
4.060000E+4	7.077296E-1	9.775084E-2
4.080000E+4	6.163038E-1	1.734984E-1
4.100000E+4	6.305105E-1	5.645896E-2
4.120000E+4	6.605051E-1	3.128137E-2
4.140000E+4	6.338014E-1	8.486067E-2
4.160000E+4	5.394906E-1	1.535450E-1
4.180000E+4	7.045825E-1	4.803839E-2
4.200000E+4	7.280122E-1	3.028074E-2
4.220000E+4	7.051475E-1	2.360209E-2
4.240000E+4	6.592870E-1	1.623831E-1
4.260000E+4	7.183701E-1	8.060672E-2
4.280000E+4	7.386961E-1	6.243976E-2
4.300000E+4	8.790831E-1	1.806449E-1
4.320000E+4	7.679722E-1	1.851965E-2
4.340000E+4	7.611243E-1	2.299696E-2
4.360000E+4	7.948601E-1	3.002610E-2
4.380000E+4	8.307414E-1	2.667123E-2
4.400000E+4	8.180317E-1	2.772637E-2
4.420000E+4	8.992948E-1	6.043606E-2
4.440000E+4	8.022622E-1	7.831674E-2
4.460000E+4	9.562445E-1	8.408195E-2
4.480000E+4	9.154243E-1	5.312466E-2
4.500000E+4	9.749276E-1	2.061307E-2
4.520000E+4	1.016607E+0	3.401805E-2
4.540000E+4	9.636212E-1	3.965468E-2
4.560000E+4	8.871619E-1	1.479907E-1
4.580000E+4	1.071562E+0	3.225654E-2
4.600000E+4	1.052046E+0	2.692685E-2
4.620000E+4	1.076904E+0	3.063872E-2
4.640000E+4	1.121876E+0	2.534842E-2
4.660000E+4	1.175380E+0	4.465291E-2
4.680000E+4	1.176923E+0	4.927472E-2
4.700000E+4	6.105149E+0	3.720992E+0
4.720000E+4	-1.267130E+0	1.490680E+0
4.740000E+4	-1.662068E+0	1.522726E+0
4.760000E+4	4.766563E+0	5.205658E+0
4.780000E+4	8.822470E-1	6.330677E-1
4.800000E+4	1.465961E+0	4.693424E-2
