1.480652E+0	7.305900E-5
1.481633E+0	2.680100E-5
1.481641E+0	9.158500E-5
1.481862E+0	5.183400E-5
1.481985E+0	1.051660E-4
1.482144E+0	6.429000E-6
1.482320E+0	5.967100E-5
1.482459E+0	1.291920E-4
1.482652E+0	1.101490E-4
1.482804E+0	6.526100E-5
1.482895E+0	7.451700E-5
1.483124E+0	1.299150E-4
1.483210E+0	7.910000E-5
1.483224E+0	6.594500E-5
1.483150E+0	6.069100E-5
1.483009E+0	1.092330E-4
1.482721E+0	1.222460E-4
1.482251E+0	1.327200E-5
1.481759E+0	8.311600E-5
1.481150E+0	8.412300E-5
1.480518E+0	9.328900E-5
1.479898E+0	4.682500E-5
1.479235E+0	6.686200E-5
1.478683E+0	4.909700E-5
1.478068E+0	5.492000E-5
1.477518E+0	6.464100E-5
1.476973E+0	1.086520E-4
1.476446E+0	1.744030E-4
1.476004E+0	4.424300E-5
1.475416E+0	-2.544600E-5
1.474980E+0	7.566600E-5
1.474453E+0	-1.710600E-5
1.473936E+0	3.225000E-5
1.473518E+0	1.113240E-4
1.472967E+0	1.193160E-4
1.472570E+0	4.974300E-5
1.472043E+0	2.778300E-5
1.471608E+0	-1.536000E-6
1.471107E+0	5.184700E-5
1.470633E+0	2.957700E-5
1.470206E+0	9.659400E-5
1.469722E+0	5.117600E-5
1.469312E+0	7.369100E-5
1.468817E+0	1.116860E-4
1.468361E+0	1.047140E-4
1.467988E+0	1.098140E-4
1.467466E+0	3.559300E-5
1.467092E+0	1.365900E-5
1.466591E+0	8.043000E-5
1.466146E+0	5.250600E-5
1.465728E+0	6.256300E-5
1.465207E+0	7.500800E-5
1.464848E+0	1.409010E-4
1.464352E+0	1.409660E-4
1.463949E+0	7.036000E-5
1.463502E+0	1.037980E-4
1.463028E+0	1.484150E-4
1.462614E+0	4.778000E-5
1.462141E+0	-2.279900E-5
1.461775E+0	5.215700E-5
1.461293E+0	7.810600E-5
1.460885E+0	4.812900E-5
1.460391E+0	9.030600E-5
1.459982E+0	1.142550E-4
1.459461E+0	9.207500E-5
1.458937E+0	6.005800E-5
1.458179E+0	4.051200E-5
1.457879E+0	3.960800E-5
1.457407E+0	8.054600E-5
1.456813E+0	2.836400E-5
1.456313E+0	1.234210E-4
1.455779E+0	1.061600E-4
1.455203E+0	6.737800E-5
1.454716E+0	8.023700E-5
1.454122E+0	1.223880E-4
1.453544E+0	6.233000E-5
1.453071E+0	8.527200E-5
1.452498E+0	1.523140E-4
1.451980E+0	1.356860E-4
1.451426E+0	1.812330E-4
1.450884E+0	3.156500E-5
1.450442E+0	9.682600E-5
1.449905E+0	1.237570E-4
1.449309E+0	4.469500E-5
1.448835E+0	3.234000E-5
1.448260E+0	2.411600E-5
1.447731E+0	8.305100E-5
1.447270E+0	1.281850E-4
1.446689E+0	1.122280E-4
1.446233E+0	7.623400E-5
1.445756E+0	7.014100E-5
1.445188E+0	4.293900E-5
1.444740E+0	3.577400E-5
1.444227E+0	5.919300E-5
1.443708E+0	5.733400E-5
1.443187E+0	2.236000E-5
1.442692E+0	7.410000E-6
1.442149E+0	9.627100E-5
1.441679E+0	1.449030E-4
1.441189E+0	3.191400E-5
1.440709E+0	9.656800E-5
1.440281E+0	1.444390E-4
1.439722E+0	1.466460E-4
1.439213E+0	-2.190000E-7
1.438772E+0	2.862200E-5
1.438267E+0	3.489600E-5
1.437769E+0	9.384400E-5
1.437023E+0	3.487000E-5
1.436788E+0	4.705700E-5
1.436263E+0	6.267900E-5
1.435870E+0	7.469800E-5
1.435359E+0	8.519400E-5
1.434873E+0	1.422570E-4
1.434391E+0	6.075500E-5
1.433887E+0	9.115000E-6
1.433407E+0	1.877100E-5
1.432972E+0	1.309990E-4
1.432529E+0	8.454900E-5
1.432053E+0	1.260000E-5
1.431577E+0	9.699400E-5
1.431072E+0	1.080580E-4
1.430376E+0	8.614900E-5
1.430152E+0	5.685600E-5
1.429656E+0	4.393300E-5
1.429232E+0	8.483300E-5
1.428711E+0	1.063540E-4
1.428289E+0	4.269400E-5
1.427802E+0	2.801500E-5
1.427342E+0	5.479100E-5
1.426911E+0	6.961200E-5
1.426443E+0	3.338600E-5
1.425990E+0	9.677400E-5
1.425315E+0	7.433700E-5
1.425070E+0	4.656700E-5
1.424673E+0	4.128700E-5
1.424184E+0	3.833000E-5
1.423688E+0	7.338100E-5
1.423308E+0	5.559100E-5
1.422764E+0	1.119180E-4
1.422406E+0	9.286300E-5
1.421941E+0	5.903800E-5
1.421460E+0	6.949500E-5
1.421055E+0	5.947700E-5
1.420551E+0	9.325000E-5
1.420145E+0	7.037300E-5
1.419703E+0	3.503800E-5
1.419347E+0	5.800500E-5
1.418818E+0	4.209000E-6
1.418456E+0	5.752800E-5
1.417966E+0	9.091300E-5
1.417505E+0	5.896100E-5
1.417065E+0	6.681000E-5
1.416618E+0	-2.804100E-5
1.416241E+0	4.370100E-5
1.415761E+0	9.527700E-5
1.415402E+0	5.183400E-5
1.414735E+0	2.656900E-5
1.414554E+0	4.111900E-5
1.414104E+0	9.934400E-5
1.413716E+0	1.531010E-4
1.413239E+0	4.035700E-5
1.412879E+0	7.904900E-5
1.412344E+0	5.672700E-5
1.411962E+0	7.892000E-5
1.411498E+0	2.934500E-5
1.411157E+0	4.454000E-6
1.410688E+0	7.011500E-5
1.410303E+0	5.071100E-5
1.409778E+0	-2.171500E-5
1.409348E+0	1.083420E-4
1.408798E+0	1.539660E-4
1.408337E+0	6.824300E-5
1.407743E+0	3.991800E-5
1.407159E+0	9.505700E-5
1.406559E+0	8.014600E-5
1.405999E+0	8.955800E-5
1.405461E+0	2.388000E-6
1.404845E+0	4.188100E-5
1.404315E+0	1.866800E-5
1.403714E+0	6.737800E-5
1.403129E+0	5.676600E-5
1.402220E+0	6.710700E-5
1.401653E+0	6.217500E-5
1.401329E+0	3.219800E-5
1.400678E+0	1.000150E-4
1.400017E+0	6.817800E-5
1.399401E+0	3.394100E-5
1.398731E+0	8.044300E-5
1.398085E+0	5.024600E-5
1.397493E+0	5.905100E-5
1.396819E+0	1.478600E-4
1.396203E+0	1.419340E-4
1.395549E+0	1.074770E-4
1.394610E+0	-2.086300E-5
1.394230E+0	7.225800E-5
1.393616E+0	-1.306500E-5
1.392996E+0	4.269400E-5
1.392305E+0	6.102600E-5
1.391367E+0	1.744200E-5
1.391088E+0	5.832800E-5
1.390419E+0	3.004200E-5
1.389886E+0	4.568900E-5
1.389234E+0	9.505700E-5
1.388573E+0	4.852900E-5
1.388013E+0	4.190600E-5
1.387307E+0	3.179800E-5
1.386729E+0	3.394100E-5
1.386144E+0	3.896300E-5
1.385540E+0	5.582300E-5
1.384933E+0	1.168370E-4
1.384378E+0	1.672380E-4
1.383427E+0	1.658570E-4
1.383126E+0	3.985400E-5
1.382520E+0	1.127830E-4
1.381939E+0	6.431800E-5
1.381360E+0	1.210200E-4
1.380711E+0	1.156360E-4
1.380195E+0	1.359440E-4
1.379536E+0	5.897400E-5
1.378987E+0	1.010860E-4
1.378371E+0	1.071540E-4
1.377761E+0	1.398430E-4
1.377179E+0	9.119700E-5
1.376598E+0	1.972700E-5
1.376060E+0	6.021300E-5
1.375464E+0	7.600200E-5
1.374880E+0	1.046370E-4
1.374304E+0	1.168110E-4
1.373459E+0	1.130030E-4
1.373177E+0	5.925800E-5
1.372565E+0	6.641000E-5
1.372049E+0	1.086130E-4
1.371433E+0	2.057880E-4
1.370857E+0	1.678450E-4
1.370314E+0	1.291270E-4
1.369742E+0	1.223750E-4
1.369233E+0	1.807160E-4
1.368649E+0	1.710720E-4
1.368125E+0	7.567900E-5
1.367507E+0	1.567030E-4
1.366979E+0	1.322900E-4
1.366406E+0	1.581230E-4
1.365882E+0	1.536180E-4
1.365360E+0	3.786500E-5
1.364756E+0	4.766400E-5
1.364242E+0	4.522400E-5
1.363681E+0	2.445200E-5
1.363161E+0	6.806200E-5
1.362583E+0	5.601700E-5
1.362094E+0	3.957000E-5
1.361526E+0	8.812500E-5
1.360691E+0	9.447600E-5
1.360442E+0	1.478600E-4
1.359947E+0	6.082000E-5
1.359374E+0	1.009570E-4
1.358877E+0	5.007800E-5
1.358346E+0	8.494900E-5
1.357841E+0	2.902200E-5
1.357286E+0	1.566000E-5
1.356744E+0	1.671900E-5
1.356237E+0	1.109110E-4
1.355712E+0	1.660630E-4
1.355191E+0	6.446000E-5
1.354683E+0	9.008700E-5
1.354182E+0	9.942100E-5
1.353588E+0	1.087550E-4
1.353136E+0	1.215750E-4
1.352607E+0	1.683610E-4
1.352102E+0	1.186830E-4
1.351511E+0	4.619200E-5
1.351065E+0	2.308300E-5
1.350489E+0	1.655100E-5
1.350056E+0	1.118660E-4
1.349556E+0	9.652900E-5
1.349027E+0	6.913400E-5
1.348555E+0	4.026700E-5
1.347987E+0	6.036800E-5
1.347552E+0	2.507200E-5
1.346984E+0	7.185800E-5
1.346565E+0	7.397500E-5
1.346008E+0	6.252400E-5
1.345530E+0	6.634500E-5
1.345039E+0	7.233600E-5
1.344514E+0	7.469800E-5
1.344041E+0	7.003800E-5
1.343533E+0	9.491500E-5
1.343119E+0	1.057340E-4
1.342582E+0	1.065860E-4
1.342095E+0	8.262500E-5
1.341595E+0	1.053980E-4
1.341095E+0	7.143200E-5
1.340675E+0	4.375200E-5
1.340128E+0	5.929600E-5
1.339685E+0	1.171600E-4
1.339168E+0	9.735500E-5
1.338483E+0	1.500420E-4
1.338248E+0	1.155720E-4
1.337755E+0	4.514700E-5
1.337368E+0	7.176700E-5
1.336826E+0	7.740900E-5
1.336391E+0	1.997200E-5
1.335891E+0	8.461300E-5
1.335385E+0	6.570000E-5
1.334995E+0	9.752300E-5
1.334480E+0	1.412370E-4
1.333630E+0	7.092800E-5
1.333363E+0	-2.338000E-5
1.332826E+0	1.380220E-4
1.332235E+0	8.170800E-5
1.331651E+0	5.285400E-5
1.331041E+0	1.113110E-4
1.330436E+0	1.071540E-4
1.329860E+0	1.056310E-4
1.329249E+0	1.242860E-4
1.328718E+0	9.935600E-5
1.328075E+0	7.819700E-5
1.327489E+0	1.321350E-4
1.326900E+0	2.624600E-5
1.326264E+0	4.855500E-5
1.325709E+0	7.254200E-5
1.325122E+0	9.304300E-5
1.324505E+0	4.540500E-5
1.323995E+0	1.009700E-4
1.323371E+0	1.314770E-4
1.322743E+0	1.470470E-4
1.322231E+0	6.335000E-5
1.321622E+0	6.688700E-5
1.321042E+0	1.080320E-4
1.320504E+0	5.090500E-5
1.319897E+0	3.097100E-5
1.319311E+0	4.501800E-5
1.318789E+0	-8.082000E-6
1.318256E+0	-8.237000E-6
1.317650E+0	3.897600E-5
1.317106E+0	6.945700E-5
1.316575E+0	1.210460E-4
1.315970E+0	1.401530E-4
1.315402E+0	1.558770E-4
1.314860E+0	1.387200E-4
1.314323E+0	1.792060E-4
1.313760E+0	1.138800E-4
1.313204E+0	1.309350E-4
1.312652E+0	1.065990E-4
1.312056E+0	8.634300E-5
1.311297E+0	3.679400E-5
1.311031E+0	5.298300E-5
1.310502E+0	5.414500E-5
1.309941E+0	1.236150E-4
1.309450E+0	1.046110E-4
1.308556E+0	9.665800E-5
1.308338E+0	9.143000E-5
1.307789E+0	1.191480E-4
1.307288E+0	1.141130E-4
1.306781E+0	1.139450E-4
1.306246E+0	1.004280E-4
1.305684E+0	7.396200E-5
1.305150E+0	1.136350E-4
1.304660E+0	1.128730E-4
1.303844E+0	1.053980E-4
1.303586E+0	6.180100E-5
1.303028E+0	-1.040600E-5
1.302531E+0	4.885200E-5
1.302057E+0	7.788700E-5
1.301513E+0	5.960600E-5
1.300992E+0	1.874810E-4
1.300543E+0	1.210070E-4
1.299980E+0	9.375300E-5
1.299440E+0	8.395500E-5
1.298931E+0	1.034620E-4
1.298450E+0	1.065470E-4
1.297900E+0	1.099820E-4
1.297370E+0	1.664760E-4
1.296895E+0	1.039140E-4
1.296387E+0	7.345900E-5
1.295873E+0	7.406600E-5
1.295429E+0	1.139970E-4
1.294887E+0	1.329620E-4
1.294376E+0	6.404700E-5
1.293892E+0	1.754500E-5
1.293405E+0	9.509600E-5
1.292894E+0	1.146030E-4
1.292475E+0	6.267900E-5
1.291714E+0	2.409000E-5
1.291461E+0	1.032170E-4
1.290974E+0	3.104900E-5
1.290454E+0	5.427400E-5
1.290023E+0	1.213550E-4
1.289515E+0	1.524040E-4
1.289005E+0	7.908800E-5
1.288555E+0	4.970000E-6
1.288032E+0	4.769000E-5
1.287541E+0	1.137380E-4
1.287128E+0	1.229300E-4
1.286596E+0	4.229400E-5
1.286134E+0	6.735200E-5
1.285618E+0	7.033400E-5
1.285074E+0	9.855600E-5
1.284668E+0	9.705800E-5
1.284191E+0	6.834600E-5
1.283740E+0	5.787600E-5
1.283295E+0	6.650000E-5
1.282798E+0	1.386500E-5
1.282322E+0	-5.379700E-5
1.281864E+0	5.712700E-5
1.281345E+0	1.236530E-4
1.280941E+0	7.414300E-5
1.280450E+0	1.180630E-4
1.280001E+0	5.028500E-5
1.279499E+0	3.706500E-5
1.279001E+0	9.539300E-5
1.278627E+0	1.210460E-4
1.278146E+0	8.522000E-5
1.277664E+0	8.183700E-5
1.277224E+0	6.823000E-5
1.276755E+0	6.916000E-5
1.276309E+0	7.170300E-5
1.275825E+0	1.401530E-4
1.275327E+0	8.156600E-5
1.274956E+0	4.621800E-5
1.274521E+0	9.361100E-5
1.274012E+0	1.450580E-4
1.273615E+0	1.032940E-4
1.273141E+0	4.860700E-5
1.272685E+0	3.048100E-5
1.272302E+0	1.097620E-4
1.271773E+0	7.525300E-5
1.271352E+0	5.156300E-5
1.270944E+0	1.431860E-4
1.270127E+0	1.761720E-4
1.269844E+0	1.239890E-4
1.269504E+0	6.218800E-5
1.269094E+0	7.229700E-5
1.268731E+0	9.303100E-5
1.268237E+0	6.655200E-5
1.267775E+0	1.564580E-4
1.267413E+0	1.393390E-4
1.266926E+0	6.736500E-5
1.266542E+0	1.027910E-4
1.266087E+0	1.091290E-4
1.265667E+0	4.416600E-5
1.265265E+0	1.077870E-4
1.264807E+0	1.323420E-4
1.264413E+0	5.090500E-5
1.263959E+0	4.762600E-5
1.263548E+0	2.263100E-5
1.263123E+0	6.372400E-5
1.262678E+0	7.697000E-5
1.262242E+0	7.271000E-5
1.261901E+0	9.527700E-5
1.261441E+0	1.382030E-4
1.261066E+0	1.056180E-4
1.260653E+0	1.063540E-4
1.260185E+0	1.061080E-4
1.259815E+0	1.090650E-4
1.259384E+0	1.491250E-4
1.258889E+0	3.207530E-4
1.258540E+0	3.263680E-4
1.258093E+0	3.611480E-4
1.257709E+0	4.604530E-4
1.257307E+0	5.627530E-4
1.256837E+0	5.923300E-4
1.256527E+0	6.824950E-4
1.256087E+0	6.291760E-4
1.255632E+0	7.852080E-4
1.255324E+0	9.306790E-4
1.254854E+0	9.210360E-4
1.254455E+0	9.614190E-4
1.254083E+0	1.082232E-3
1.253588E+0	1.156246E-3
1.253220E+0	1.235720E-3
1.252868E+0	1.343004E-3
1.252428E+0	1.478521E-3
1.252086E+0	1.609585E-3
1.251642E+0	1.814547E-3
1.251211E+0	1.865723E-3
1.250854E+0	1.933656E-3
1.250453E+0	1.996915E-3
1.250031E+0	2.103955E-3
1.249684E+0	2.237253E-3
1.249246E+0	2.288248E-3
1.248857E+0	2.368872E-3
1.248477E+0	2.542410E-3
1.248068E+0	2.607813E-3
1.247738E+0	2.817228E-3
1.247356E+0	2.924524E-3
1.246874E+0	3.036417E-3
1.246575E+0	3.194140E-3
1.246140E+0	3.316683E-3
1.245797E+0	3.447721E-3
1.245418E+0	3.623596E-3
1.244832E+0	3.651456E-3
1.244698E+0	3.721829E-3
1.244246E+0	3.854726E-3
1.243886E+0	4.007582E-3
1.243467E+0	4.329293E-3
1.243135E+0	4.479167E-3
1.242717E+0	4.622909E-3
1.242422E+0	4.814805E-3
1.241984E+0	4.934366E-3
1.241608E+0	5.253104E-3
1.241232E+0	5.401119E-3
1.240844E+0	5.498268E-3
1.240500E+0	5.620592E-3
1.240120E+0	5.803645E-3
1.239777E+0	6.062906E-3
1.239402E+0	6.240240E-3
1.239076E+0	6.386036E-3
1.238671E+0	6.578565E-3
1.238306E+0	6.706311E-3
1.237968E+0	6.936163E-3
1.237569E+0	7.160813E-3
1.237206E+0	7.435335E-3
1.236811E+0	7.624533E-3
1.236420E+0	7.790622E-3
1.236122E+0	8.065286E-3
1.235722E+0	8.273216E-3
1.235414E+0	8.473856E-3
1.235019E+0	8.696543E-3
1.234651E+0	8.846262E-3
1.234309E+0	9.082259E-3
1.233947E+0	9.348402E-3
1.233541E+0	9.575879E-3
1.233225E+0	9.823366E-3
1.232870E+0	1.011728E-2
1.232470E+0	1.030105E-2
1.232154E+0	1.040457E-2
1.231840E+0	1.056206E-2
1.231429E+0	1.085925E-2
1.231096E+0	1.122688E-2
1.230734E+0	1.133982E-2
1.230420E+0	1.153065E-2
1.230073E+0	1.176503E-2
1.229712E+0	1.205426E-2
1.229391E+0	1.233985E-2
1.229015E+0	1.257556E-2
1.228624E+0	1.281326E-2
1.228284E+0	1.302785E-2
1.227941E+0	1.325986E-2
1.227630E+0	1.360917E-2
1.227238E+0	1.385448E-2
1.226902E+0	1.406668E-2
1.226626E+0	1.424461E-2
1.226264E+0	1.449423E-2
1.225910E+0	1.466868E-2
1.225573E+0	1.506941E-2
1.225211E+0	1.532578E-2
1.224860E+0	1.552886E-2
1.224500E+0	1.588397E-2
1.224202E+0	1.613151E-2
1.223913E+0	1.636192E-2
1.223541E+0	1.672237E-2
1.223196E+0	1.695384E-2
1.222899E+0	1.729025E-2
1.222530E+0	1.745811E-2
1.222212E+0	1.767556E-2
1.221928E+0	1.791855E-2
1.221513E+0	1.816148E-2
1.221254E+0	1.837513E-2
1.220744E+0	1.860057E-2
1.220572E+0	1.878575E-2
1.220252E+0	1.905582E-2
1.219909E+0	1.914310E-2
1.219638E+0	1.938358E-2
1.219233E+0	1.951377E-2
1.218934E+0	1.985803E-2
1.218586E+0	2.016260E-2
1.218290E+0	2.038251E-2
1.217974E+0	2.055302E-2
1.217609E+0	2.076695E-2
1.217336E+0	2.107556E-2
1.216862E+0	2.121530E-2
1.216692E+0	2.170860E-2
1.216366E+0	2.191076E-2
1.216014E+0	2.208884E-2
1.215739E+0	2.238831E-2
1.215376E+0	2.261079E-2
1.215082E+0	2.282806E-2
1.214763E+0	2.318242E-2
1.214422E+0	2.334428E-2
1.214157E+0	2.350205E-2
1.213801E+0	2.384509E-2
1.213471E+0	2.421931E-2
1.213189E+0	2.454275E-2
1.212837E+0	2.490767E-2
1.212584E+0	2.524193E-2
1.212250E+0	2.551498E-2
1.211935E+0	2.566733E-2
1.211613E+0	2.596158E-2
1.211280E+0	2.627025E-2
1.211005E+0	2.653546E-2
1.210670E+0	2.671745E-2
1.210385E+0	2.700340E-2
1.210086E+0	2.725192E-2
1.209717E+0	2.752689E-2
1.209433E+0	2.771947E-2
1.209153E+0	2.805030E-2
1.208875E+0	2.832176E-2
1.208548E+0	2.857069E-2
1.208265E+0	2.890192E-2
1.207925E+0	2.912372E-2
1.207503E+0	2.930441E-2
1.207323E+0	2.963891E-2
1.207050E+0	2.990736E-2
1.206743E+0	3.016172E-2
1.206404E+0	3.041378E-2
1.206139E+0	3.068608E-2
1.205820E+0	3.103828E-2
1.205352E+0	3.119260E-2
1.205215E+0	3.150929E-2
1.204929E+0	3.177142E-2
1.204623E+0	3.205738E-2
1.204337E+0	3.240377E-2
1.204036E+0	3.276150E-2
1.203808E+0	3.307720E-2
1.203484E+0	3.333080E-2
1.203170E+0	3.357687E-2
1.202763E+0	3.368894E-2
1.202569E+0	3.423824E-2
1.202289E+0	3.452866E-2
1.202003E+0	3.487346E-2
1.201680E+0	3.521136E-2
1.201414E+0	3.558974E-2
1.201140E+0	3.588030E-2
1.200832E+0	3.626543E-2
1.200524E+0	3.659448E-2
1.200252E+0	3.688051E-2
1.199995E+0	3.727245E-2
1.199683E+0	3.762360E-2
1.199406E+0	3.792479E-2
1.199114E+0	3.823624E-2
1.198843E+0	3.869439E-2
1.198395E+0	3.874759E-2
1.198266E+0	3.931723E-2
1.197957E+0	3.979365E-2
1.197720E+0	4.020909E-2
1.197417E+0	4.067822E-2
1.197127E+0	4.117083E-2
1.196858E+0	4.150661E-2
1.196619E+0	4.183660E-2
1.196320E+0	4.226246E-2
1.196001E+0	4.266209E-2
1.195729E+0	4.315046E-2
1.195454E+0	4.360657E-2
1.195146E+0	4.416725E-2
1.194946E+0	4.459650E-2
1.194651E+0	4.504673E-2
1.194325E+0	4.548834E-2
1.194067E+0	4.598777E-2
1.193829E+0	4.642618E-2
1.193535E+0	4.682403E-2
1.193270E+0	4.745615E-2
1.192983E+0	4.809462E-2
1.192689E+0	4.868575E-2
1.192464E+0	4.919715E-2
1.192170E+0	4.963321E-2
1.191735E+0	4.996500E-2
1.191662E+0	5.088799E-2
1.191376E+0	5.157507E-2
1.191040E+0	5.223597E-2
1.190856E+0	5.284264E-2
1.190538E+0	5.349270E-2
1.190319E+0	5.425846E-2
1.190065E+0	5.475705E-2
1.189634E+0	5.511002E-2
1.189509E+0	5.649729E-2
1.189243E+0	5.729129E-2
1.188965E+0	5.809228E-2
1.188745E+0	5.902002E-2
1.188449E+0	5.977536E-2
1.188180E+0	6.058401E-2
1.187792E+0	6.110181E-2
1.187635E+0	6.262559E-2
1.187362E+0	6.374877E-2
1.187145E+0	6.489148E-2
1.186883E+0	6.596860E-2
1.186624E+0	6.754545E-2
1.186351E+0	6.880806E-2
1.186091E+0	7.044407E-2
1.185830E+0	7.198224E-2
1.185550E+0	7.395383E-2
1.185254E+0	7.588847E-2
1.185076E+0	7.752114E-2
1.184806E+0	8.004938E-2
1.184499E+0	8.297571E-2
1.184337E+0	8.443989E-2
1.183890E+0	8.548602E-2
1.183766E+0	9.189826E-2
1.183551E+0	9.592904E-2
1.183239E+0	1.004989E-1
1.182997E+0	1.048241E-1
1.182791E+0	1.091609E-1
1.182403E+0	1.115376E-1
1.182303E+0	1.189070E-1
1.181994E+0	1.247657E-1
1.181725E+0	1.295148E-1
1.181509E+0	1.358680E-1
1.181232E+0	1.426940E-1
1.181002E+0	1.515646E-1
1.180748E+0	1.616041E-1
1.180481E+0	1.723035E-1
1.180249E+0	1.794690E-1
1.179980E+0	1.903155E-1
1.179744E+0	2.015185E-1
1.179542E+0	2.139607E-1
1.179232E+0	2.250869E-1
1.179038E+0	2.341093E-1
1.178769E+0	2.563128E-1
1.178538E+0	2.728667E-1
1.178291E+0	2.862659E-1
1.177975E+0	2.992832E-1
1.177784E+0	3.111855E-1
1.177503E+0	3.262002E-1
1.177272E+0	3.389087E-1
1.176921E+0	3.431796E-1
1.176800E+0	3.627985E-1
1.176550E+0	3.747844E-1
1.176324E+0	3.854156E-1
1.176064E+0	3.973713E-1
1.175853E+0	4.069962E-1
1.175577E+0	4.146534E-1
1.175352E+0	4.247397E-1
1.175140E+0	4.347849E-1
1.174874E+0	4.433939E-1
1.174618E+0	4.510859E-1
1.174423E+0	4.578007E-1
1.174150E+0	4.619912E-1
1.173992E+0	4.674456E-1
1.173709E+0	4.739121E-1
1.173493E+0	4.791607E-1
1.173266E+0	4.849124E-1
1.172938E+0	4.890949E-1
1.172747E+0	4.927927E-1
1.172551E+0	4.964325E-1
1.172289E+0	5.001881E-1
1.172042E+0	5.022950E-1
1.171663E+0	5.038139E-1
1.171573E+0	5.075681E-1
1.171340E+0	5.090701E-1
1.171163E+0	5.112235E-1
1.170913E+0	5.136513E-1
1.170647E+0	5.148279E-1
1.170400E+0	5.160090E-1
1.170186E+0	5.172579E-1
1.169947E+0	5.182808E-1
1.169705E+0	5.189371E-1
1.169505E+0	5.199527E-1
1.169326E+0	5.207727E-1
1.169021E+0	5.216017E-1
1.168805E+0	5.224060E-1
1.168569E+0	5.230029E-1
1.168326E+0	5.235960E-1
1.168119E+0	5.239955E-1
1.167907E+0	5.243936E-1
1.167635E+0	5.245672E-1
1.167431E+0	5.249146E-1
1.167225E+0	5.253098E-1
1.166986E+0	5.256771E-1
1.166726E+0	5.259036E-1
1.166532E+0	5.261730E-1
1.166342E+0	5.263018E-1
1.165987E+0	5.264207E-1
1.165881E+0	5.266960E-1
1.165634E+0	5.269272E-1
1.165417E+0	5.270769E-1
1.165179E+0	5.272567E-1
1.164904E+0	5.272905E-1
1.164757E+0	5.273885E-1
1.164582E+0	5.274751E-1
1.164319E+0	5.276640E-1
1.164087E+0	5.276989E-1
1.163859E+0	5.277871E-1
1.163621E+0	5.278881E-1
1.163406E+0	5.279990E-1
1.163176E+0	5.280812E-1
1.162974E+0	5.281150E-1
1.162811E+0	5.282018E-1
1.162546E+0	5.282469E-1
1.162325E+0	5.282628E-1
1.162152E+0	5.283306E-1
1.161890E+0	5.283661E-1
1.161696E+0	5.284878E-1
1.161484E+0	5.284775E-1
1.161254E+0	5.285419E-1
1.161034E+0	5.286056E-1
1.160879E+0	5.286515E-1
1.160634E+0	5.286941E-1
1.160370E+0	5.287503E-1
1.160205E+0	5.287254E-1
1.159923E+0	5.287167E-1
1.159782E+0	5.287929E-1
1.159580E+0	5.287711E-1
1.159355E+0	5.288116E-1
1.159104E+0	5.289100E-1
1.158955E+0	5.289702E-1
1.158710E+0	5.289784E-1
1.158469E+0	5.289525E-1
1.158292E+0	5.290096E-1
1.158070E+0	5.290311E-1
1.157855E+0	5.290357E-1
1.157645E+0	5.290423E-1
1.157418E+0	5.290899E-1
1.157102E+0	5.291140E-1
1.157052E+0	5.292229E-1
1.156818E+0	5.292626E-1
1.156605E+0	5.291427E-1
1.156440E+0	5.291318E-1
1.156157E+0	5.292263E-1
1.155971E+0	5.292480E-1
1.155798E+0	5.292956E-1
1.155527E+0	5.292728E-1
1.155370E+0	5.292938E-1
1.155150E+0	5.292805E-1
1.154921E+0	5.292829E-1
1.154743E+0	5.294097E-1
1.154521E+0	5.293712E-1
1.154332E+0	5.294345E-1
1.154147E+0	5.293657E-1
1.153879E+0	5.294062E-1
1.153711E+0	5.294557E-1
1.153475E+0	5.294031E-1
1.153271E+0	5.294206E-1
1.153105E+0	5.294669E-1
1.152892E+0	5.295688E-1
1.152559E+0	5.295577E-1
1.152486E+0	5.295709E-1
1.152295E+0	5.294981E-1
1.152106E+0	5.295598E-1
1.151902E+0	5.296105E-1
1.151692E+0	5.295929E-1
1.151517E+0	5.296488E-1
1.151232E+0	5.295818E-1
1.151091E+0	5.296104E-1
1.150878E+0	5.295751E-1
1.150716E+0	5.296463E-1
1.150517E+0	5.296532E-1
1.150284E+0	5.296658E-1
1.150131E+0	5.296914E-1
1.149902E+0	5.296470E-1
1.149655E+0	5.297552E-1
1.149536E+0	5.297645E-1
1.149286E+0	5.296886E-1
1.149124E+0	5.297507E-1
1.148925E+0	5.296955E-1
1.148697E+0	5.297472E-1
1.148528E+0	5.297987E-1
1.148340E+0	5.298006E-1
1.148157E+0	5.297422E-1
1.147952E+0	5.297689E-1
1.147777E+0	5.298154E-1
1.147516E+0	5.297970E-1
1.147352E+0	5.298897E-1
1.147164E+0	5.298570E-1
1.146962E+0	5.298651E-1
1.146761E+0	5.298286E-1
1.146574E+0	5.297991E-1
1.146310E+0	5.298123E-1
1.146157E+0	5.298099E-1
1.145882E+0	5.298113E-1
1.145805E+0	5.299661E-1
1.145601E+0	5.298629E-1
1.145384E+0	5.298813E-1
1.145243E+0	5.299242E-1
1.145051E+0	5.299797E-1
1.144847E+0	5.300048E-1
1.144662E+0	5.299982E-1
1.144483E+0	5.300248E-1
1.144268E+0	5.300384E-1
1.144040E+0	5.300032E-1
1.143888E+0	5.300699E-1
1.143724E+0	5.300129E-1
1.143534E+0	5.299906E-1
1.143339E+0	5.300322E-1
1.143179E+0	5.300402E-1
1.142972E+0	5.300082E-1
1.142747E+0	5.300413E-1
1.142611E+0	5.300659E-1
1.142448E+0	5.300846E-1
1.142237E+0	5.300453E-1
1.142032E+0	5.300417E-1
1.141775E+0	5.301151E-1
1.141673E+0	5.300696E-1
1.141460E+0	5.300520E-1
1.141322E+0	5.300748E-1
1.141082E+0	5.300511E-1
1.140923E+0	5.301483E-1
1.140738E+0	5.301323E-1
1.140568E+0	5.301122E-1
1.140375E+0	5.301191E-1
1.140238E+0	5.301149E-1
1.140005E+0	5.301632E-1
1.139803E+0	5.301347E-1
1.139628E+0	5.301443E-1
1.139432E+0	5.300828E-1
1.139261E+0	5.301981E-1
1.139112E+0	5.301844E-1
1.138920E+0	5.301926E-1
1.138723E+0	5.301526E-1
1.138527E+0	5.301352E-1
1.138363E+0	5.301143E-1
1.138161E+0	5.302149E-1
1.137987E+0	5.301826E-1
1.137836E+0	5.302289E-1
1.137615E+0	5.301776E-1
1.137457E+0	5.302197E-1
1.137321E+0	5.302816E-1
1.137106E+0	5.302067E-1
1.136917E+0	5.302197E-1
1.136759E+0	5.302209E-1
1.136571E+0	5.302560E-1
1.136352E+0	5.301969E-1
1.136253E+0	5.302429E-1
1.136058E+0	5.302226E-1
1.135880E+0	5.302132E-1
1.135680E+0	5.303121E-1
1.135482E+0	5.303324E-1
1.135309E+0	5.302774E-1
1.135184E+0	5.302787E-1
1.134971E+0	5.302449E-1
1.134783E+0	5.303080E-1
1.134648E+0	5.302711E-1
1.134404E+0	5.302645E-1
1.134259E+0	5.302227E-1
1.134108E+0	5.303346E-1
1.133857E+0	5.302866E-1
1.133756E+0	5.303332E-1
1.133605E+0	5.303339E-1
1.133368E+0	5.302794E-1
1.133191E+0	5.302974E-1
1.133085E+0	5.303366E-1
1.132884E+0	5.303115E-1
1.132726E+0	5.303694E-1
1.132544E+0	5.304492E-1
1.132348E+0	5.304100E-1
1.132177E+0	5.303835E-1
1.132026E+0	5.303605E-1
1.131838E+0	5.304132E-1
1.131685E+0	5.304592E-1
1.131486E+0	5.303689E-1
1.131271E+0	5.303792E-1
1.131152E+0	5.303818E-1
1.130978E+0	5.304410E-1
1.130793E+0	5.303359E-1
1.130691E+0	5.303655E-1
1.130478E+0	5.303887E-1
1.130257E+0	5.303708E-1
1.129993E+0	5.304103E-1
1.129953E+0	5.304608E-1
1.129786E+0	5.303867E-1
1.129647E+0	5.304059E-1
1.129475E+0	5.304525E-1
1.129283E+0	5.304108E-1
1.129113E+0	5.304684E-1
1.128844E+0	5.304033E-1
1.128781E+0	5.304636E-1
1.128589E+0	5.304294E-1
1.128414E+0	5.304455E-1
1.128187E+0	5.304334E-1
1.128064E+0	5.303929E-1
1.127914E+0	5.304528E-1
1.127783E+0	5.304753E-1
1.127526E+0	5.304803E-1
1.127428E+0	5.304770E-1
1.127290E+0	5.304771E-1
1.127065E+0	5.304535E-1
1.126905E+0	5.304816E-1
1.126788E+0	5.304323E-1
1.126599E+0	5.304054E-1
1.126418E+0	5.303899E-1
1.126301E+0	5.303299E-1
1.126092E+0	5.303718E-1
1.125932E+0	5.303756E-1
1.125772E+0	5.304859E-1
1.125633E+0	5.304968E-1
1.125401E+0	5.304209E-1
1.125241E+0	5.304678E-1
1.125015E+0	5.304932E-1
1.124950E+0	5.304486E-1
1.124793E+0	5.304709E-1
1.124638E+0	5.304901E-1
1.124425E+0	5.304451E-1
1.124187E+0	5.304581E-1
1.124135E+0	5.304642E-1
1.123924E+0	5.305081E-1
1.123789E+0	5.305351E-1
1.123660E+0	5.305418E-1
1.123445E+0	5.304709E-1
1.123310E+0	5.304976E-1
1.123125E+0	5.305427E-1
1.122977E+0	5.304557E-1
1.122817E+0	5.304850E-1
1.122656E+0	5.305818E-1
1.122471E+0	5.304984E-1
1.122346E+0	5.305391E-1
1.122182E+0	5.305178E-1
1.121983E+0	5.304807E-1
1.121877E+0	5.305863E-1
1.121689E+0	5.305645E-1
1.121519E+0	5.305651E-1
1.121355E+0	5.305772E-1
1.121201E+0	5.305687E-1
1.121015E+0	5.305642E-1
1.120859E+0	5.306197E-1
1.120739E+0	5.306007E-1
1.120558E+0	5.306213E-1
1.120393E+0	5.305698E-1
1.120283E+0	5.305891E-1
1.120103E+0	5.305800E-1
1.119932E+0	5.306203E-1
1.119765E+0	5.305773E-1
1.119614E+0	5.305569E-1
1.119451E+0	5.305631E-1
1.119266E+0	5.304865E-1
1.119140E+0	5.305397E-1
1.118986E+0	5.305901E-1
1.118716E+0	5.306333E-1
1.118628E+0	5.305742E-1
1.118516E+0	5.305367E-1
1.118227E+0	5.305576E-1
1.117967E+0	5.306366E-1
1.117944E+0	5.306814E-1
1.117735E+0	5.306414E-1
1.117574E+0	5.306969E-1
1.117365E+0	5.306983E-1
1.117305E+0	5.305440E-1
1.117154E+0	5.305849E-1
1.117001E+0	5.306288E-1
1.116844E+0	5.305994E-1
1.116638E+0	5.306316E-1
1.116525E+0	5.305863E-1
1.116369E+0	5.305649E-1
1.116184E+0	5.306294E-1
1.116062E+0	5.306938E-1
1.115809E+0	5.306688E-1
1.115684E+0	5.306377E-1
1.115624E+0	5.306461E-1
1.115431E+0	5.306059E-1
1.115271E+0	5.306205E-1
1.115146E+0	5.306463E-1
1.114970E+0	5.306181E-1
1.114842E+0	5.306459E-1
1.114673E+0	5.305948E-1
1.114506E+0	5.306005E-1
1.114403E+0	5.306072E-1
1.114217E+0	5.305945E-1
1.114100E+0	5.306147E-1
1.113946E+0	5.306858E-1
1.113765E+0	5.306734E-1
1.113673E+0	5.306728E-1
1.113478E+0	5.306659E-1
1.113278E+0	5.306094E-1
1.113162E+0	5.306572E-1
1.112982E+0	5.306228E-1
1.112843E+0	5.306128E-1
1.112709E+0	5.306484E-1
1.112557E+0	5.306566E-1
1.112395E+0	5.306907E-1
1.112289E+0	5.306551E-1
1.112100E+0	5.307099E-1
1.111938E+0	5.306813E-1
1.111801E+0	5.307333E-1
1.111681E+0	5.307250E-1
1.111478E+0	5.306995E-1
1.111376E+0	5.307298E-1
1.111098E+0	5.306801E-1
1.111054E+0	5.307216E-1
1.110930E+0	5.306737E-1
1.110777E+0	5.307193E-1
1.110633E+0	5.306789E-1
1.110451E+0	5.306550E-1
1.110288E+0	5.306876E-1
1.110148E+0	5.306615E-1
1.110062E+0	5.306980E-1
1.109900E+0	5.307143E-1
1.109723E+0	5.306993E-1
1.109559E+0	5.307167E-1
1.109409E+0	5.307054E-1
1.109303E+0	5.307639E-1
1.109185E+0	5.307253E-1
1.109024E+0	5.307065E-1
1.108836E+0	5.307718E-1
1.108684E+0	5.307326E-1
1.108542E+0	5.307373E-1
1.108439E+0	5.306835E-1
1.108294E+0	5.307240E-1
1.108163E+0	5.307147E-1
1.107975E+0	5.307344E-1
1.107808E+0	5.307627E-1
1.107665E+0	5.307811E-1
1.107538E+0	5.307267E-1
1.107421E+0	5.307360E-1
1.107275E+0	5.306404E-1
1.107129E+0	5.306448E-1
1.106941E+0	5.307375E-1
1.106823E+0	5.307668E-1
1.106666E+0	5.307833E-1
1.106568E+0	5.307757E-1
1.106435E+0	5.307741E-1
1.106252E+0	5.307532E-1
1.106082E+0	5.307561E-1
1.105969E+0	5.306613E-1
1.105843E+0	5.306552E-1
1.105717E+0	5.307198E-1
1.105563E+0	5.306506E-1
1.105380E+0	5.307087E-1
1.105257E+0	5.307311E-1
1.105152E+0	5.307112E-1
1.104973E+0	5.307180E-1
1.104825E+0	5.306755E-1
1.104661E+0	5.306604E-1
1.104557E+0	5.306842E-1
1.104425E+0	5.307071E-1
1.104269E+0	5.307366E-1
1.104140E+0	5.307846E-1
1.103996E+0	5.307289E-1
1.103855E+0	5.307625E-1
1.103704E+0	5.307602E-1
1.103509E+0	5.307200E-1
1.103452E+0	5.307094E-1
1.103313E+0	5.306955E-1
1.103145E+0	5.307772E-1
1.102989E+0	5.307371E-1
1.102893E+0	5.307716E-1
1.102729E+0	5.308050E-1
1.102544E+0	5.307392E-1
1.102442E+0	5.307597E-1
1.102349E+0	5.307321E-1
1.102183E+0	5.307023E-1
1.101993E+0	5.307905E-1
1.101849E+0	5.307755E-1
1.101750E+0	5.308015E-1
1.101536E+0	5.307120E-1
1.101445E+0	5.307127E-1
1.101315E+0	5.307511E-1
1.101189E+0	5.307789E-1
1.101043E+0	5.307620E-1
1.100916E+0	5.307303E-1
1.100785E+0	5.307937E-1
1.100658E+0	5.307459E-1
1.100501E+0	5.307263E-1
1.100335E+0	5.307614E-1
1.100233E+0	5.307342E-1
1.100110E+0	5.307882E-1
1.099986E+0	5.307611E-1
1.099836E+0	5.307570E-1
1.099665E+0	5.307895E-1
1.099547E+0	5.307508E-1
1.099403E+0	5.307068E-1
1.099261E+0	5.307698E-1
1.099047E+0	5.307473E-1
1.099058E+0	5.307390E-1
1.098883E+0	5.307705E-1
1.098744E+0	5.307835E-1
1.098625E+0	5.307790E-1
1.098477E+0	5.307778E-1
1.098275E+0	5.308068E-1
1.098240E+0	5.308571E-1
1.098056E+0	5.307912E-1
1.097934E+0	5.307423E-1
1.097810E+0	5.307174E-1
1.097627E+0	5.307736E-1
1.097512E+0	5.307913E-1
1.097403E+0	5.307839E-1
1.097259E+0	5.307407E-1
1.097123E+0	5.307425E-1
1.096973E+0	5.308575E-1
1.096849E+0	5.308422E-1
1.096754E+0	5.307755E-1
1.096593E+0	5.307701E-1
1.096417E+0	5.307752E-1
1.096300E+0	5.307630E-1
1.096193E+0	5.307891E-1
1.096074E+0	5.307875E-1
1.095945E+0	5.308112E-1
1.095794E+0	5.308192E-1
1.095656E+0	5.307561E-1
1.095517E+0	5.307544E-1
1.095386E+0	5.308240E-1
1.095266E+0	5.307945E-1
1.095105E+0	5.308211E-1
1.094966E+0	5.307605E-1
1.094866E+0	5.308548E-1
1.094734E+0	5.307908E-1
1.094598E+0	5.307625E-1
1.094365E+0	5.307673E-1
1.094341E+0	5.307620E-1
1.094137E+0	5.307740E-1
1.094075E+0	5.307722E-1
1.093936E+0	5.308284E-1
1.093807E+0	5.308319E-1
1.093668E+0	5.307799E-1
1.093534E+0	5.307554E-1
1.093423E+0	5.307148E-1
1.093260E+0	5.307739E-1
1.093134E+0	5.308029E-1
1.092954E+0	5.307979E-1
1.092891E+0	5.308620E-1
1.092719E+0	5.307981E-1
1.092582E+0	5.308185E-1
1.092520E+0	5.307909E-1
1.092412E+0	5.308215E-1
1.092275E+0	5.307884E-1
1.092110E+0	5.307905E-1
1.091998E+0	5.307700E-1
1.091837E+0	5.308106E-1
1.091684E+0	5.308322E-1
1.091576E+0	5.307398E-1
1.091469E+0	5.307574E-1
1.091321E+0	5.307797E-1
1.091196E+0	5.307726E-1
1.091055E+0	5.308001E-1
1.090876E+0	5.308429E-1
1.090835E+0	5.307859E-1
1.090677E+0	5.308431E-1
1.090487E+0	5.308122E-1
1.090440E+0	5.307973E-1
1.090285E+0	5.308194E-1
1.090157E+0	5.307696E-1
1.090086E+0	5.307828E-1
1.089897E+0	5.308152E-1
1.089746E+0	5.308239E-1
1.089604E+0	5.307957E-1
1.089528E+0	5.307454E-1
1.089389E+0	5.308422E-1
1.089237E+0	5.308452E-1
1.089152E+0	5.307997E-1
1.089016E+0	5.308131E-1
1.088852E+0	5.308229E-1
1.088676E+0	5.308100E-1
1.088632E+0	5.307993E-1
1.088475E+0	5.308246E-1
1.088377E+0	5.308785E-1
1.088248E+0	5.308128E-1
1.088083E+0	5.308093E-1
1.087980E+0	5.308081E-1
1.087870E+0	5.308226E-1
1.087742E+0	5.308407E-1
1.087613E+0	5.308380E-1
1.087467E+0	5.308331E-1
1.087300E+0	5.308407E-1
1.087232E+0	5.308083E-1
1.087089E+0	5.308306E-1
1.086956E+0	5.308782E-1
1.086898E+0	5.308194E-1
1.086705E+0	5.307398E-1
1.086555E+0	5.307664E-1
1.086484E+0	5.307571E-1
1.086312E+0	5.307587E-1
1.086223E+0	5.307234E-1
1.086103E+0	5.308084E-1
1.085912E+0	5.308479E-1
1.085816E+0	5.308519E-1
1.085703E+0	5.308366E-1
1.085577E+0	5.308875E-1
1.085477E+0	5.308688E-1
1.085321E+0	5.308171E-1
1.085224E+0	5.307236E-1
1.085058E+0	5.308477E-1
1.084938E+0	5.308913E-1
1.084820E+0	5.308320E-1
1.084704E+0	5.308766E-1
1.084591E+0	5.307712E-1
1.084442E+0	5.308252E-1
1.084334E+0	5.308224E-1
1.084216E+0	5.308207E-1
1.084081E+0	5.308087E-1
1.083981E+0	5.308576E-1
1.083817E+0	5.308430E-1
1.083708E+0	5.308269E-1
1.083578E+0	5.308284E-1
1.083415E+0	5.308154E-1
1.083343E+0	5.308422E-1
1.083210E+0	5.308593E-1
1.083109E+0	5.308963E-1
1.082973E+0	5.308590E-1
1.082791E+0	5.308518E-1
1.082753E+0	5.308213E-1
1.082580E+0	5.308016E-1
1.082370E+0	5.308160E-1
1.082342E+0	5.308408E-1
1.082145E+0	5.308942E-1
1.082104E+0	5.308567E-1
1.081936E+0	5.309069E-1
1.081876E+0	5.308044E-1
1.081740E+0	5.308474E-1
1.081622E+0	5.308319E-1
1.081497E+0	5.309048E-1
1.081347E+0	5.308814E-1
1.081266E+0	5.308215E-1
1.081098E+0	5.308919E-1
1.080996E+0	5.309168E-1
1.080881E+0	5.308608E-1
1.080697E+0	5.308520E-1
1.080639E+0	5.307639E-1
1.080498E+0	5.308808E-1
1.080375E+0	5.308462E-1
1.080153E+0	5.308286E-1
1.080071E+0	5.308694E-1
1.079997E+0	5.308068E-1
1.079858E+0	5.309020E-1
1.079765E+0	5.309487E-1
1.079648E+0	5.308674E-1
1.079504E+0	5.307660E-1
1.079310E+0	5.308269E-1
1.079320E+0	5.309156E-1
1.079142E+0	5.308642E-1
1.079035E+0	5.309125E-1
1.078935E+0	5.308341E-1
1.078833E+0	5.307909E-1
1.078692E+0	5.307857E-1
1.078561E+0	5.308123E-1
1.078474E+0	5.308805E-1
1.078342E+0	5.308694E-1
1.078212E+0	5.308622E-1
1.078090E+0	5.308437E-1
1.077986E+0	5.307919E-1
1.077819E+0	5.308183E-1
1.077700E+0	5.309023E-1
1.077597E+0	5.308269E-1
1.077480E+0	5.307652E-1
1.077361E+0	5.308081E-1
1.077222E+0	5.309403E-1
1.077100E+0	5.309628E-1
1.076973E+0	5.309257E-1
1.076828E+0	5.308657E-1
1.076738E+0	5.308259E-1
1.076662E+0	5.308565E-1
1.076542E+0	5.308642E-1
1.076386E+0	5.308278E-1
1.076245E+0	5.308397E-1
1.076175E+0	5.308751E-1
1.076029E+0	5.309059E-1
1.075899E+0	5.308956E-1
1.075799E+0	5.308813E-1
1.075685E+0	5.308955E-1
1.075546E+0	5.308172E-1
1.075443E+0	5.308511E-1
1.075319E+0	5.308664E-1
1.075238E+0	5.308502E-1
1.075089E+0	5.308456E-1
1.074923E+0	5.308361E-1
1.074805E+0	5.308582E-1
1.074696E+0	5.308336E-1
1.074615E+0	5.308996E-1
1.074486E+0	5.309217E-1
1.074361E+0	5.309119E-1
1.074270E+0	5.308527E-1
1.074108E+0	5.308588E-1
1.073999E+0	5.308489E-1
1.073892E+0	5.308845E-1
1.073751E+0	5.310344E-1
1.073655E+0	5.309355E-1
1.073534E+0	5.308197E-1
1.073420E+0	5.308261E-1
1.073355E+0	5.308296E-1
1.073214E+0	5.309056E-1
1.073037E+0	5.309210E-1
1.072914E+0	5.308259E-1
1.072828E+0	5.308328E-1
1.072739E+0	5.307904E-1
1.072628E+0	5.307977E-1
1.072511E+0	5.308471E-1
1.072385E+0	5.308519E-1
1.072278E+0	5.308317E-1
1.072140E+0	5.308318E-1
1.072033E+0	5.308264E-1
1.071894E+0	5.308123E-1
1.071812E+0	5.309236E-1
1.071658E+0	5.309436E-1
1.071546E+0	5.308612E-1
1.071406E+0	5.308519E-1
1.071283E+0	5.308179E-1
1.071210E+0	5.308986E-1
1.071113E+0	5.308051E-1
1.070980E+0	5.309205E-1
1.070874E+0	5.309597E-1
1.070736E+0	5.309783E-1
1.070616E+0	5.308474E-1
1.070522E+0	5.308409E-1
1.070413E+0	5.309208E-1
1.070269E+0	5.308749E-1
1.070166E+0	5.308962E-1
1.070051E+0	5.308426E-1
1.069926E+0	5.308643E-1
1.069828E+0	5.309089E-1
1.069714E+0	5.308879E-1
1.069607E+0	5.307954E-1
1.069488E+0	5.308439E-1
1.069355E+0	5.307932E-1
1.069244E+0	5.308097E-1
1.069117E+0	5.308361E-1
1.069031E+0	5.308149E-1
1.068906E+0	5.308922E-1
1.068817E+0	5.308345E-1
1.068711E+0	5.308482E-1
1.068583E+0	5.308327E-1
1.068442E+0	5.308635E-1
1.068338E+0	5.309431E-1
1.068227E+0	5.308860E-1
1.068114E+0	5.309524E-1
1.067978E+0	5.309419E-1
1.067908E+0	5.308805E-1
1.067756E+0	5.308666E-1
1.067652E+0	5.308376E-1
1.067507E+0	5.308833E-1
1.067403E+0	5.308720E-1
1.067312E+0	5.309314E-1
1.067192E+0	5.308938E-1
1.067072E+0	5.309784E-1
1.066947E+0	5.309761E-1
1.066815E+0	5.308688E-1
1.066692E+0	5.308653E-1
1.066619E+0	5.308747E-1
1.066520E+0	5.308065E-1
1.066420E+0	5.309154E-1
1.066316E+0	5.308359E-1
1.066167E+0	5.308059E-1
1.066051E+0	5.308505E-1
1.065933E+0	5.308995E-1
1.065827E+0	5.308097E-1
1.065732E+0	5.308774E-1
1.065623E+0	5.308068E-1
1.065493E+0	5.309114E-1
1.065363E+0	5.309050E-1
1.065271E+0	5.309499E-1
1.065181E+0	5.308397E-1
1.064972E+0	5.308461E-1
1.064929E+0	5.308853E-1
1.064817E+0	5.308594E-1
1.064720E+0	5.308470E-1
1.064607E+0	5.309288E-1
1.064484E+0	5.308602E-1
1.064367E+0	5.308920E-1
1.064258E+0	5.308965E-1
1.064168E+0	5.309766E-1
1.064022E+0	5.309125E-1
1.063912E+0	5.308577E-1
1.063794E+0	5.308391E-1
1.063707E+0	5.308580E-1
1.063579E+0	5.308682E-1
1.063464E+0	5.309227E-1
1.063343E+0	5.308938E-1
1.063197E+0	5.308381E-1
1.063083E+0	5.308532E-1
1.062969E+0	5.309504E-1
1.062905E+0	5.308666E-1
1.062701E+0	5.308740E-1
1.062683E+0	5.309552E-1
1.062571E+0	5.309428E-1
1.062460E+0	5.308825E-1
1.062286E+0	5.308359E-1
1.062226E+0	5.308308E-1
1.062103E+0	5.308223E-1
1.062009E+0	5.308585E-1
1.061886E+0	5.308404E-1
1.061769E+0	5.308719E-1
1.061678E+0	5.309101E-1
1.061568E+0	5.308706E-1
1.061455E+0	5.309288E-1
1.061331E+0	5.308671E-1
1.061207E+0	5.308766E-1
1.061120E+0	5.309405E-1
1.061002E+0	5.309332E-1
1.060913E+0	5.308333E-1
1.060802E+0	5.308407E-1
1.060687E+0	5.308252E-1
1.060606E+0	5.309079E-1
1.060481E+0	5.308856E-1
1.060349E+0	5.309057E-1
1.060254E+0	5.309230E-1
1.060111E+0	5.309084E-1
1.059991E+0	5.309448E-1
1.059893E+0	5.309791E-1
1.059783E+0	5.308549E-1
1.059702E+0	5.308915E-1
1.059592E+0	5.308812E-1
1.059470E+0	5.309098E-1
1.059319E+0	5.309744E-1
1.059218E+0	5.309293E-1
1.059144E+0	5.308477E-1
1.059051E+0	5.309284E-1
1.058928E+0	5.308421E-1
1.058787E+0	5.308947E-1
1.058655E+0	5.309098E-1
1.058569E+0	5.308937E-1
1.058469E+0	5.308928E-1
1.058409E+0	5.309984E-1
1.058272E+0	5.308888E-1
1.058159E+0	5.309306E-1
1.058025E+0	5.309196E-1
1.057916E+0	5.309474E-1
1.057819E+0	5.308760E-1
1.057732E+0	5.308118E-1
1.057630E+0	5.308488E-1
1.057494E+0	5.308769E-1
1.057389E+0	5.308385E-1
1.057270E+0	5.308956E-1
1.057154E+0	5.309154E-1
1.057065E+0	5.308950E-1
1.056939E+0	5.308727E-1
1.056817E+0	5.308381E-1
1.056707E+0	5.308630E-1
1.056646E+0	5.308911E-1
1.056519E+0	5.309457E-1
1.056366E+0	5.309744E-1
1.056241E+0	5.309069E-1
1.056205E+0	5.309031E-1
1.056078E+0	5.308492E-1
1.055955E+0	5.308398E-1
1.055830E+0	5.309110E-1
1.055746E+0	5.308794E-1
1.055660E+0	5.308838E-1
1.055528E+0	5.308509E-1
1.055413E+0	5.309307E-1
1.055343E+0	5.309432E-1
1.055216E+0	5.309641E-1
1.055103E+0	5.308723E-1
1.054999E+0	5.309121E-1
1.054817E+0	5.309209E-1
1.054764E+0	5.308295E-1
1.054627E+0	5.308346E-1
1.054504E+0	5.308729E-1
1.054436E+0	5.308597E-1
1.054373E+0	5.309578E-1
1.054237E+0	5.309493E-1
1.054081E+0	5.308994E-1
1.053974E+0	5.309725E-1
1.053907E+0	5.309334E-1
1.053825E+0	5.308443E-1
1.053703E+0	5.308691E-1
1.053576E+0	5.309613E-1
1.053507E+0	5.309107E-1
1.053391E+0	5.308826E-1
1.053257E+0	5.309387E-1
1.053174E+0	5.309744E-1
1.053062E+0	5.308625E-1
1.052929E+0	5.309213E-1
1.052806E+0	5.309902E-1
1.052707E+0	5.308964E-1
1.052658E+0	5.308924E-1
1.052523E+0	5.309039E-1
1.052398E+0	5.309301E-1
1.052303E+0	5.309123E-1
1.052210E+0	5.308998E-1
1.052061E+0	5.309441E-1
1.051973E+0	5.308856E-1
1.051918E+0	5.310130E-1
1.051783E+0	5.308346E-1
1.051642E+0	5.308900E-1
1.051545E+0	5.307949E-1
1.051436E+0	5.308363E-1
1.051313E+0	5.308816E-1
1.051258E+0	5.308847E-1
1.051135E+0	5.309449E-1
1.050964E+0	5.309207E-1
1.050938E+0	5.308811E-1
1.050790E+0	5.308856E-1
1.050681E+0	5.308393E-1
1.050605E+0	5.309075E-1
1.050482E+0	5.308444E-1
1.050333E+0	5.308164E-1
1.050247E+0	5.308919E-1
1.050141E+0	5.308674E-1
1.050075E+0	5.308835E-1
1.050154E+0	5.309619E-1
1.050486E+0	5.309820E-1
1.051007E+0	5.309800E-1
1.051615E+0	5.309198E-1
1.052209E+0	5.308517E-1
1.052887E+0	5.309018E-1
1.053536E+0	5.309348E-1
1.054180E+0	5.309056E-1
1.054978E+0	5.309161E-1
1.055763E+0	5.308870E-1
1.056604E+0	5.308999E-1
1.057456E+0	5.309381E-1
1.058292E+0	5.309244E-1
1.059162E+0	5.308888E-1
1.059947E+0	5.308308E-1
1.060766E+0	5.308577E-1
1.061620E+0	5.307736E-1
1.062384E+0	5.308251E-1
1.063278E+0	5.308399E-1
1.064046E+0	5.309228E-1
1.064895E+0	5.309258E-1
1.065652E+0	5.308602E-1
1.066452E+0	5.309155E-1
1.067277E+0	5.309523E-1
1.067991E+0	5.308823E-1
1.068821E+0	5.309183E-1
1.069571E+0	5.309319E-1
1.070379E+0	5.308538E-1
1.071102E+0	5.309352E-1
1.071911E+0	5.309165E-1
1.072623E+0	5.308829E-1
1.073427E+0	5.309315E-1
1.074124E+0	5.309504E-1
1.074920E+0	5.309654E-1
1.075635E+0	5.309624E-1
1.076470E+0	5.308389E-1
1.077136E+0	5.308333E-1
1.077972E+0	5.308891E-1
1.078650E+0	5.308724E-1
1.079422E+0	5.308389E-1
1.080106E+0	5.308074E-1
1.080873E+0	5.308402E-1
1.081534E+0	5.307496E-1
1.082348E+0	5.307596E-1
1.083049E+0	5.308122E-1
1.083775E+0	5.308553E-1
1.084460E+0	5.310053E-1
1.085191E+0	5.308916E-1
1.085942E+0	5.308487E-1
1.086614E+0	5.307661E-1
1.087388E+0	5.307884E-1
1.088030E+0	5.308435E-1
1.088769E+0	5.307854E-1
1.089449E+0	5.307980E-1
1.090118E+0	5.308269E-1
1.091196E+0	5.308139E-1
1.091495E+0	5.309014E-1
1.092251E+0	5.308017E-1
1.092915E+0	5.307855E-1
1.093632E+0	5.307995E-1
1.094363E+0	5.307565E-1
1.094979E+0	5.308248E-1
1.095707E+0	5.307958E-1
1.096340E+0	5.307931E-1
1.097053E+0	5.308075E-1
1.097656E+0	5.307709E-1
1.098409E+0	5.308074E-1
1.099049E+0	5.307718E-1
1.099785E+0	5.307882E-1
1.100368E+0	5.307445E-1
1.101107E+0	5.307485E-1
1.101711E+0	5.306688E-1
1.102464E+0	5.307467E-1
1.103064E+0	5.307133E-1
1.103795E+0	5.307504E-1
1.104380E+0	5.307607E-1
1.105086E+0	5.307388E-1
1.105736E+0	5.307303E-1
1.106443E+0	5.307803E-1
1.107089E+0	5.308017E-1
1.107715E+0	5.307456E-1
1.108383E+0	5.307059E-1
1.108968E+0	5.307142E-1
1.109665E+0	5.306633E-1
1.110264E+0	5.306639E-1
1.110986E+0	5.307112E-1
1.111541E+0	5.307571E-1
1.112244E+0	5.307201E-1
1.112833E+0	5.306943E-1
1.113477E+0	5.307046E-1
1.114122E+0	5.307044E-1
1.114772E+0	5.306682E-1
1.115438E+0	5.307063E-1
1.116041E+0	5.306376E-1
1.116711E+0	5.306031E-1
1.117259E+0	5.305839E-1
1.117946E+0	5.306501E-1
1.118512E+0	5.306130E-1
1.119187E+0	5.305816E-1
1.119733E+0	5.305566E-1
1.120401E+0	5.305810E-1
1.121013E+0	5.306452E-1
1.121634E+0	5.306356E-1
1.122253E+0	5.305217E-1
1.122850E+0	5.305041E-1
1.123498E+0	5.304537E-1
1.124046E+0	5.304598E-1
1.124731E+0	5.305128E-1
1.125264E+0	5.304979E-1
1.125939E+0	5.304957E-1
1.126468E+0	5.304870E-1
1.127172E+0	5.304775E-1
1.127672E+0	5.304518E-1
1.128338E+0	5.304338E-1
1.128914E+0	5.304855E-1
1.129527E+0	5.304374E-1
1.130104E+0	5.303473E-1
1.130682E+0	5.303815E-1
1.131541E+0	5.303586E-1
1.131804E+0	5.302558E-1
1.132482E+0	5.302787E-1
1.133012E+0	5.303090E-1
1.133644E+0	5.303230E-1
1.134197E+0	5.303588E-1
1.134794E+0	5.303492E-1
1.135419E+0	5.302007E-1
1.135896E+0	5.302671E-1
1.136571E+0	5.302402E-1
1.137078E+0	5.302559E-1
1.137695E+0	5.302599E-1
1.138265E+0	5.301696E-1
1.138783E+0	5.302186E-1
1.139436E+0	5.301318E-1
1.139931E+0	5.301237E-1
1.140560E+0	5.301037E-1
1.141134E+0	5.300552E-1
1.141660E+0	5.301092E-1
1.142288E+0	5.301211E-1
1.142744E+0	5.300654E-1
1.143339E+0	5.299972E-1
1.143913E+0	5.300111E-1
1.144410E+0	5.299532E-1
1.145046E+0	5.299322E-1
1.145533E+0	5.299323E-1
1.146098E+0	5.298495E-1
1.146682E+0	5.299083E-1
1.147177E+0	5.298152E-1
1.147787E+0	5.298588E-1
1.148288E+0	5.298413E-1
1.148834E+0	5.297907E-1
1.149395E+0	5.297355E-1
1.149868E+0	5.296650E-1
1.150500E+0	5.297264E-1
1.151032E+0	5.296079E-1
1.151543E+0	5.295786E-1
1.152132E+0	5.295762E-1
1.152580E+0	5.295048E-1
1.153139E+0	5.294857E-1
1.153681E+0	5.293908E-1
1.154172E+0	5.294442E-1
1.154783E+0	5.293410E-1
1.155231E+0	5.293639E-1
1.155809E+0	5.292723E-1
1.156291E+0	5.292636E-1
1.156804E+0	5.290931E-1
1.157384E+0	5.290579E-1
1.158138E+0	5.290635E-1
1.158438E+0	5.290069E-1
1.158883E+0	5.289874E-1
1.159407E+0	5.288706E-1
1.159884E+0	5.288014E-1
1.160431E+0	5.286714E-1
1.160971E+0	5.286607E-1
1.161421E+0	5.285847E-1
1.162012E+0	5.285043E-1
1.162469E+0	5.283589E-1
1.163034E+0	5.282376E-1
1.163446E+0	5.280336E-1
1.164025E+0	5.278326E-1
1.164423E+0	5.275581E-1
1.165177E+0	5.274622E-1
1.165425E+0	5.270378E-1
1.166024E+0	5.267350E-1
1.166423E+0	5.263624E-1
1.167001E+0	5.258748E-1
1.167428E+0	5.252275E-1
1.167967E+0	5.245120E-1
1.168395E+0	5.236189E-1
1.168958E+0	5.223405E-1
1.169381E+0	5.209183E-1
1.169942E+0	5.191962E-1
1.170375E+0	5.168408E-1
1.171100E+0	5.155637E-1
1.171303E+0	5.106203E-1
1.171851E+0	5.060512E-1
1.172273E+0	5.012576E-1
1.172810E+0	4.953418E-1
1.173224E+0	4.862955E-1
1.173996E+0	4.814360E-1
1.174213E+0	4.605490E-1
1.174648E+0	4.465215E-1
1.175185E+0	4.259464E-1
1.175588E+0	4.050011E-1
1.176115E+0	3.933689E-1
1.176503E+0	3.787210E-1
1.177054E+0	3.558168E-1
1.177435E+0	3.331532E-1
1.177937E+0	3.055109E-1
1.178357E+0	2.790452E-1
1.178913E+0	2.554666E-1
1.179295E+0	2.314204E-1
1.179811E+0	2.118026E-1
1.180221E+0	1.909675E-1
1.180758E+0	1.675468E-1
1.181136E+0	1.502764E-1
1.181627E+0	1.376067E-1
1.182025E+0	1.262900E-1
1.182524E+0	1.165618E-1
1.182918E+0	1.079149E-1
1.183406E+0	9.893033E-2
1.183903E+0	9.232564E-2
1.184330E+0	8.626378E-2
1.184845E+0	8.139745E-2
1.185217E+0	7.722994E-2
1.185702E+0	7.406391E-2
1.186092E+0	7.111067E-2
1.186585E+0	6.844781E-2
1.186981E+0	6.586693E-2
1.187373E+0	6.390538E-2
1.187886E+0	6.241822E-2
1.188269E+0	6.073775E-2
1.188745E+0	5.941102E-2
1.189175E+0	5.803315E-2
1.189577E+0	5.677227E-2
1.190038E+0	5.556038E-2
1.190412E+0	5.438737E-2
1.190830E+0	5.311460E-2
1.191298E+0	5.221071E-2
1.191687E+0	5.095952E-2
1.192160E+0	4.994594E-2
1.192569E+0	4.928010E-2
1.192940E+0	4.847427E-2
1.193423E+0	4.766273E-2
1.193788E+0	4.687241E-2
1.194166E+0	4.620912E-2
1.194643E+0	4.532823E-2
1.194994E+0	4.462424E-2
1.195429E+0	4.387131E-2
1.195829E+0	4.328676E-2
1.196191E+0	4.259192E-2
1.196701E+0	4.193058E-2
1.197041E+0	4.126264E-2
1.197460E+0	4.074507E-2
1.197874E+0	4.017091E-2
1.198461E+0	3.981650E-2
1.198716E+0	3.912782E-2
1.199050E+0	3.860457E-2
1.199409E+0	3.803566E-2
1.199865E+0	3.753802E-2
1.200220E+0	3.708844E-2
1.200652E+0	3.665056E-2
1.201025E+0	3.616555E-2
1.201414E+0	3.563781E-2
1.201833E+0	3.534656E-2
1.202199E+0	3.476479E-2
1.202524E+0	3.429807E-2
1.202968E+0	3.379936E-2
1.203389E+0	3.344229E-2
1.203746E+0	3.304036E-2
1.204298E+0	3.283057E-2
1.204562E+0	3.231433E-2
1.204884E+0	3.193845E-2
1.205252E+0	3.153962E-2
1.205685E+0	3.111824E-2
1.206029E+0	3.074791E-2
1.206398E+0	3.044627E-2
1.206988E+0	3.026140E-2
1.207183E+0	2.975189E-2
1.207490E+0	2.937916E-2
1.207931E+0	2.910664E-2
1.208307E+0	2.882216E-2
1.208640E+0	2.850209E-2
1.209011E+0	2.825135E-2
1.209407E+0	2.793860E-2
1.209719E+0	2.767481E-2
1.210088E+0	2.727644E-2
1.210492E+0	2.696459E-2
1.210839E+0	2.658627E-2
1.211227E+0	2.628591E-2
1.211560E+0	2.590008E-2
1.211893E+0	2.573256E-2
1.212319E+0	2.543418E-2
1.212594E+0	2.514492E-2
1.212972E+0	2.485499E-2
1.213332E+0	2.458319E-2
1.213646E+0	2.433935E-2
1.214068E+0	2.406362E-2
1.214386E+0	2.385163E-2
1.214746E+0	2.360879E-2
1.215134E+0	2.321359E-2
1.215420E+0	2.287040E-2
1.215825E+0	2.261472E-2
1.216114E+0	2.237896E-2
1.216502E+0	2.206007E-2
1.216879E+0	2.187372E-2
1.217127E+0	2.156943E-2
1.217531E+0	2.128649E-2
1.217818E+0	2.093933E-2
1.218192E+0	2.079439E-2
1.218543E+0	2.039386E-2
1.218845E+0	2.009786E-2
1.219243E+0	1.972085E-2
1.219522E+0	1.949691E-2
1.219817E+0	1.913177E-2
1.220379E+0	1.902573E-2
1.220503E+0	1.879616E-2
1.220884E+0	1.857578E-2
1.221187E+0	1.839639E-2
1.221485E+0	1.816175E-2
1.221837E+0	1.792265E-2
1.222130E+0	1.766176E-2
1.222525E+0	1.733638E-2
1.222824E+0	1.716786E-2
1.223127E+0	1.695573E-2
1.223491E+0	1.670197E-2
1.223731E+0	1.635662E-2
1.224113E+0	1.609266E-2
1.224382E+0	1.590261E-2
1.224751E+0	1.565613E-2
1.225036E+0	1.539940E-2
1.225333E+0	1.518177E-2
1.225708E+0	1.498355E-2
1.225953E+0	1.478511E-2
1.226417E+0	1.462094E-2
1.226621E+0	1.438426E-2
1.226951E+0	1.410082E-2
1.227252E+0	1.384256E-2
1.227491E+0	1.357585E-2
1.227867E+0	1.342822E-2
1.228119E+0	1.324709E-2
1.228482E+0	1.301689E-2
1.228752E+0	1.282073E-2
1.229027E+0	1.266324E-2
1.229416E+0	1.238494E-2
1.229671E+0	1.201180E-2
1.230103E+0	1.199257E-2
1.230342E+0	1.177627E-2
1.230572E+0	1.163931E-2
1.230887E+0	1.144052E-2
1.231166E+0	1.118636E-2
1.231429E+0	1.095581E-2
1.231784E+0	1.077618E-2
1.232026E+0	1.048216E-2
1.232372E+0	1.036477E-2
1.232630E+0	1.011927E-2
1.232930E+0	9.966488E-3
1.233264E+0	9.805770E-3
1.233482E+0	9.550123E-3
1.233810E+0	9.430149E-3
1.234114E+0	9.159604E-3
1.234326E+0	9.041270E-3
1.234642E+0	8.961278E-3
1.234912E+0	8.785132E-3
1.235149E+0	8.628352E-3
1.235497E+0	8.439412E-3
1.235763E+0	8.287121E-3
1.236011E+0	8.170206E-3
1.236361E+0	7.950437E-3
1.236587E+0	7.709882E-3
1.236813E+0	7.569458E-3
1.237154E+0	7.413000E-3
1.237420E+0	7.257807E-3
1.237651E+0	7.115343E-3
1.237979E+0	6.831062E-3
1.238230E+0	6.784198E-3
1.238532E+0	6.595723E-3
1.238809E+0	6.475284E-3
1.239044E+0	6.317096E-3
1.239365E+0	6.203278E-3
1.239569E+0	6.026448E-3
1.239848E+0	5.886321E-3
1.240144E+0	5.772260E-3
1.240390E+0	5.699576E-3
1.240704E+0	5.517969E-3
1.240857E+0	5.373078E-3
1.241173E+0	5.307740E-3
1.241396E+0	5.240155E-3
1.241677E+0	5.040900E-3
1.241915E+0	4.974348E-3
1.242169E+0	4.829923E-3
1.242439E+0	4.656901E-3
1.242663E+0	4.631068E-3
1.243003E+0	4.514618E-3
1.243179E+0	4.385517E-3
1.243513E+0	4.294642E-3
1.243677E+0	4.220383E-3
1.243990E+0	4.115872E-3
1.244208E+0	3.960744E-3
1.244479E+0	3.817609E-3
1.244753E+0	3.715064E-3
1.244980E+0	3.656530E-3
1.245246E+0	3.554849E-3
1.245457E+0	3.521038E-3
1.245730E+0	3.389754E-3
1.245969E+0	3.277152E-3
1.246189E+0	3.203164E-3
1.246571E+0	3.164705E-3
1.246634E+0	3.012081E-3
1.246908E+0	3.000333E-3
1.247138E+0	2.852524E-3
1.247375E+0	2.772262E-3
1.247675E+0	2.747849E-3
1.247868E+0	2.689727E-3
1.248113E+0	2.510134E-3
1.248352E+0	2.485502E-3
1.248559E+0	2.297453E-3
1.248847E+0	2.374810E-3
1.249045E+0	2.276293E-3
1.249273E+0	2.273491E-3
1.249621E+0	2.251441E-3
1.249739E+0	2.138064E-3
1.249978E+0	2.171217E-3
1.250223E+0	2.028907E-3
1.250422E+0	1.953524E-3
1.250713E+0	1.936535E-3
1.250914E+0	1.926658E-3
1.251081E+0	1.767915E-3
1.251352E+0	1.766715E-3
1.251505E+0	1.629428E-3
1.251771E+0	1.628796E-3
1.252008E+0	1.481349E-3
1.252190E+0	1.483363E-3
1.252480E+0	1.494156E-3
1.252644E+0	1.383929E-3
1.252881E+0	1.340473E-3
1.253128E+0	1.352493E-3
1.253255E+0	1.244499E-3
1.253599E+0	1.193866E-3
1.253677E+0	1.128334E-3
1.253964E+0	1.120381E-3
1.254083E+0	1.040713E-3
1.254390E+0	9.921580E-4
1.254563E+0	1.041164E-3
1.254807E+0	1.005610E-3
1.254987E+0	9.008830E-4
1.255175E+0	9.887360E-4
1.255400E+0	9.247280E-4
1.255623E+0	8.837900E-4
1.255840E+0	8.246480E-4
1.256021E+0	8.098920E-4
1.256267E+0	7.342900E-4
1.256408E+0	7.038870E-4
1.256684E+0	6.489030E-4
1.256825E+0	5.729520E-4
1.257087E+0	5.371390E-4
1.257211E+0	4.395900E-4
1.257460E+0	3.677200E-4
1.257624E+0	4.171400E-4
1.257838E+0	3.786160E-4
1.258050E+0	4.398740E-4
1.258234E+0	3.738130E-4
1.258485E+0	3.077910E-4
1.258609E+0	2.664270E-4
1.258871E+0	2.603070E-4
1.258992E+0	3.034660E-4
1.259268E+0	2.436400E-4
1.259367E+0	2.085890E-4
1.259629E+0	1.856870E-4
1.259764E+0	2.006240E-4
1.260012E+0	1.996170E-4
1.260110E+0	1.536440E-4
1.260413E+0	2.559950E-4
1.260525E+0	2.122820E-4
1.260783E+0	1.015900E-4
1.260993E+0	8.028800E-5
1.261124E+0	8.500000E-5
1.261259E+0	7.589900E-5
1.261518E+0	6.407300E-5
1.261654E+0	1.088330E-4
1.261851E+0	1.404600E-5
1.261973E+0	3.825300E-5
1.262200E+0	-2.739500E-5
1.262359E+0	8.622700E-5
1.262571E+0	8.766000E-5
1.262707E+0	-4.273000E-6
1.262963E+0	7.043800E-5
1.263080E+0	1.037980E-4
1.263268E+0	1.218850E-4
1.263405E+0	1.262740E-4
1.263629E+0	6.683600E-5
1.263762E+0	1.230340E-4
1.264027E+0	6.948200E-5
1.264134E+0	6.146500E-5
1.264351E+0	2.474900E-5
1.264449E+0	1.375580E-4
1.264697E+0	9.934400E-5
1.264797E+0	1.114530E-4
1.265015E+0	8.472900E-5
1.265297E+0	7.707400E-5
1.265305E+0	7.863600E-5
1.265528E+0	3.830400E-5
1.265643E+0	3.350200E-5
1.265870E+0	9.766500E-5
1.266004E+0	8.740200E-5
1.266185E+0	1.437930E-4
1.266318E+0	8.032700E-5
1.266445E+0	9.499300E-5
1.266670E+0	1.230210E-4
1.266772E+0	7.871300E-5
1.266974E+0	9.388300E-5
1.267128E+0	9.682600E-5
1.267229E+0	1.295790E-4
1.267460E+0	1.709170E-4
1.267567E+0	8.928700E-5
1.267768E+0	8.634300E-5
1.267945E+0	1.221170E-4
1.268173E+0	5.529400E-5
1.268227E+0	7.881600E-5
1.268393E+0	9.013900E-5
1.268617E+0	3.403100E-5
1.268700E+0	4.525000E-5
1.268898E+0	7.058000E-5
1.269094E+0	4.757400E-5
1.269167E+0	9.543200E-5
1.269304E+0	1.313350E-4
1.269445E+0	7.218100E-5
1.269626E+0	2.101800E-5
1.269751E+0	1.159590E-4
1.269859E+0	9.340500E-5
1.270040E+0	6.925000E-5
1.270136E+0	4.344300E-5
1.270334E+0	6.393100E-5
1.270467E+0	1.090390E-4
1.270616E+0	9.694200E-5
1.270809E+0	1.443100E-4
1.270891E+0	1.039270E-4
1.271082E+0	9.414100E-5
1.271158E+0	9.621900E-5
1.271375E+0	1.063280E-4
1.271533E+0	1.218460E-4
1.271632E+0	7.303300E-5
1.271713E+0	-2.423200E-5
1.271910E+0	8.880900E-5
1.271991E+0	1.552700E-4
1.272197E+0	1.229300E-4
1.272298E+0	1.097490E-4
1.272463E+0	6.746800E-5
1.272593E+0	9.397300E-5
1.272687E+0	1.173920E-4
1.272857E+0	1.483120E-4
1.272943E+0	9.504400E-5
1.273159E+0	1.073090E-4
1.273232E+0	3.636800E-5
1.273387E+0	4.570200E-5
1.273623E+0	7.950100E-5
1.273596E+0	4.819400E-5
1.273792E+0	1.238340E-4
1.273890E+0	1.811680E-4
1.274073E+0	3.620000E-5
1.274162E+0	6.349200E-5
1.274290E+0	1.722200E-5
1.274428E+0	2.407700E-5
1.274501E+0	5.990300E-5
1.274707E+0	5.010400E-5
1.274748E+0	7.170300E-5
1.274944E+0	5.645600E-5
1.274976E+0	6.874700E-5
1.275157E+0	1.429930E-4
1.275254E+0	1.709560E-4
1.275408E+0	1.563810E-4
1.275541E+0	9.780700E-5
1.275612E+0	7.384600E-5
1.275806E+0	8.980300E-5
1.275961E+0	7.409100E-5
1.276049E+0	9.157200E-5
1.276128E+0	8.017200E-5
1.276241E+0	1.887080E-4
1.276384E+0	1.684520E-4
1.276411E+0	1.175600E-4
1.276584E+0	8.718200E-5
1.276682E+0	5.356400E-5
1.276849E+0	2.504600E-5
1.276959E+0	8.773700E-5
1.277052E+0	4.798700E-5
1.277183E+0	1.215100E-4
1.277237E+0	1.157270E-4
1.277409E+0	5.382200E-5
1.277490E+0	6.151700E-5
1.277673E+0	9.616800E-5
1.277673E+0	3.576100E-5
1.277839E+0	6.687000E-6
1.277943E+0	-1.464000E-5
1.278071E+0	6.172300E-5
1.278215E+0	7.020500E-5
1.278292E+0	1.244280E-4
1.278410E+0	5.940000E-5
1.278522E+0	1.106010E-4
1.278582E+0	9.627100E-5
1.278732E+0	1.723250E-4
1.278819E+0	7.695700E-5
1.278936E+0	8.551700E-5
1.279069E+0	1.350270E-4
1.279145E+0	1.210070E-4
1.279234E+0	7.184500E-5
1.279384E+0	5.650800E-5
1.279424E+0	3.141000E-5
1.279594E+0	7.398800E-5
1.279745E+0	1.338390E-4
1.279745E+0	8.378700E-5
1.279884E+0	8.159200E-5
1.279763E+0	4.602500E-5
1.280089E+0	7.646700E-5
1.280198E+0	7.325200E-5
1.280306E+0	1.327810E-4
