1.299406E+0	5.651454E-1
1.316794E+0	5.648058E-1
1.318683E+0	5.651941E-1
1.320399E+0	5.654988E-1
1.322198E+0	5.655313E-1
1.323973E+0	5.654773E-1
1.325638E+0	5.654706E-1
1.327465E+0	5.654542E-1
1.329103E+0	5.654351E-1
1.330897E+0	5.654900E-1
1.332455E+0	5.656523E-1
1.334246E+0	5.656978E-1
1.335872E+0	5.655228E-1
1.337572E+0	5.655455E-1
1.339235E+0	5.656302E-1
1.340836E+0	5.656280E-1
1.342595E+0	5.655439E-1
1.344143E+0	5.655777E-1
1.345848E+0	5.655786E-1
1.347369E+0	5.655518E-1
1.349137E+0	5.656074E-1
1.350687E+0	5.655672E-1
1.352360E+0	5.655799E-1
1.354800E+0	5.656170E-1
1.356329E+0	5.657067E-1
1.357192E+0	5.656117E-1
1.358674E+0	5.656710E-1
1.360384E+0	5.657156E-1
1.362760E+0	5.656979E-1
1.363519E+0	5.656271E-1
1.365075E+0	5.655670E-1
1.366591E+0	5.656088E-1
1.368275E+0	5.656077E-1
1.369701E+0	5.656429E-1
1.371271E+0	5.657030E-1
1.372856E+0	5.657457E-1
1.374303E+0	5.657049E-1
1.375946E+0	5.655865E-1
1.377459E+0	5.655659E-1
1.378936E+0	5.655930E-1
1.380510E+0	5.656528E-1
1.381999E+0	5.656105E-1
1.383488E+0	5.656527E-1
1.384984E+0	5.656340E-1
1.386553E+0	5.656128E-1
1.388031E+0	5.656020E-1
1.389514E+0	5.656244E-1
1.391059E+0	5.656247E-1
1.392537E+0	5.655424E-1
1.393983E+0	5.655537E-1
1.395497E+0	5.654921E-1
1.397029E+0	5.655798E-1
1.398400E+0	5.655152E-1
1.399844E+0	5.655566E-1
1.401379E+0	5.654615E-1
1.402809E+0	5.655708E-1
1.404240E+0	5.655567E-1
1.406375E+0	5.655187E-1
1.407177E+0	5.654378E-1
1.408556E+0	5.653973E-1
1.410078E+0	5.653204E-1
1.411404E+0	5.652842E-1
1.412854E+0	5.652745E-1
1.414347E+0	5.652099E-1
1.415701E+0	5.652325E-1
1.417184E+0	5.651938E-1
1.419323E+0	5.651747E-1
1.419944E+0	5.651242E-1
1.421473E+0	5.651499E-1
1.422800E+0	5.651540E-1
1.424291E+0	5.650463E-1
1.425555E+0	5.648925E-1
1.427037E+0	5.648677E-1
1.428308E+0	5.648525E-1
1.429766E+0	5.647723E-1
1.431087E+0	5.646756E-1
1.432508E+0	5.646051E-1
1.433785E+0	5.645066E-1
1.435276E+0	5.644350E-1
1.436513E+0	5.642134E-1
1.437981E+0	5.641477E-1
1.439309E+0	5.639166E-1
1.440596E+0	5.636375E-1
1.441991E+0	5.633669E-1
1.443246E+0	5.629521E-1
1.444701E+0	5.623835E-1
1.445961E+0	5.615657E-1
1.447401E+0	5.597709E-1
1.448574E+0	5.530348E-1
1.450049E+0	5.226200E-1
1.451255E+0	4.197609E-1
1.452696E+0	2.456785E-1
1.453859E+0	1.255969E-1
1.455943E+0	8.666858E-2
1.456562E+0	2.994740E-2
1.458500E+0	2.043869E-2
1.459159E+0	6.376199E-3
1.460454E+0	3.105679E-3
1.461778E+0	1.639201E-3
1.463016E+0	9.268450E-4
1.464384E+0	5.825440E-4
1.465542E+0	3.959800E-4
1.466890E+0	3.198230E-4
1.468787E+0	3.575340E-4
1.469297E+0	1.922580E-4
1.471251E+0	1.961700E-4
1.471827E+0	1.471240E-4
1.473134E+0	9.860800E-5
1.474351E+0	7.032200E-5
1.475558E+0	6.420200E-5
1.476898E+0	1.663210E-4
1.478057E+0	8.667900E-5
1.479251E+0	1.051010E-4
1.480526E+0	7.966900E-5
1.481688E+0	5.985100E-5
1.482873E+0	1.531010E-4
1.484161E+0	9.106800E-5
1.485338E+0	1.547670E-4
1.486517E+0	1.542380E-4
1.487699E+0	1.014480E-4
1.488940E+0	7.747400E-5
1.490125E+0	1.042370E-4
1.491259E+0	1.835820E-4
1.492455E+0	1.484670E-4
1.493699E+0	4.584400E-5
1.494809E+0	7.688000E-5
1.495929E+0	8.822800E-5
1.497162E+0	6.138800E-5
1.498373E+0	6.857900E-5
1.499467E+0	1.030100E-4
1.500625E+0	1.102660E-4
1.501819E+0	9.022900E-5
1.502992E+0	4.199700E-5
1.504096E+0	7.126000E-6
1.505310E+0	1.136610E-4
1.506430E+0	1.438450E-4
1.507467E+0	8.910600E-5
1.508636E+0	8.431600E-5
1.509835E+0	1.073610E-4
1.510864E+0	1.419340E-4
1.512035E+0	7.708600E-5
1.513186E+0	1.053860E-4
1.514221E+0	7.667300E-5
1.515316E+0	1.578010E-4
1.516481E+0	7.795100E-5
1.517496E+0	5.112400E-5
1.518628E+0	-9.812000E-6
1.519783E+0	9.677400E-5
1.520790E+0	3.117800E-5
1.521908E+0	6.292400E-5
1.523047E+0	4.145400E-5
1.524087E+0	5.321600E-5
1.525160E+0	3.716800E-5
1.526279E+0	1.748000E-5
1.527236E+0	2.730500E-5
1.528350E+0	7.327800E-5
1.529392E+0	6.238200E-5
1.530487E+0	9.794900E-5
1.531528E+0	1.002860E-4
1.532634E+0	1.069090E-4
1.533598E+0	1.183210E-4
1.534750E+0	7.171600E-5
1.535641E+0	6.469300E-5
1.536816E+0	7.446600E-5
1.537717E+0	5.657200E-5
1.538855E+0	1.311670E-4
1.539846E+0	1.710340E-4
1.540820E+0	1.542760E-4
1.541937E+0	7.592500E-5
1.542814E+0	8.869300E-5
1.543937E+0	8.101100E-5
1.545312E+0	7.191000E-5
1.545888E+0	4.792200E-5
1.546887E+0	7.132900E-5
1.547815E+0	5.912800E-5
1.549365E+0	7.087700E-5
1.550376E+0	1.403720E-4
1.550933E+0	8.465200E-5
1.552334E+0	2.285000E-6
1.552896E+0	4.765100E-5
1.553746E+0	3.978900E-5
1.554815E+0	3.938900E-5
1.555726E+0	-5.900000E-6
1.556748E+0	1.070250E-4
1.557675E+0	1.574650E-4
1.558599E+0	1.635720E-4
1.559591E+0	1.330780E-4
1.560490E+0	4.669600E-5
1.561551E+0	7.339400E-5
1.562397E+0	1.374900E-5
1.563434E+0	-6.132000E-6
1.564342E+0	3.812400E-5
1.565252E+0	4.659300E-5
1.566279E+0	1.540200E-5
1.567664E+0	5.769500E-5
1.568108E+0	7.522700E-5
1.569087E+0	7.982300E-5
1.569893E+0	1.363960E-4
1.570866E+0	7.397500E-5
1.571753E+0	3.438000E-5
1.572628E+0	4.060200E-5
1.573597E+0	2.959000E-5
1.574560E+0	1.972700E-5
1.575360E+0	6.075500E-5
1.576362E+0	1.333230E-4
1.577203E+0	1.305860E-4
1.578060E+0	8.164400E-5
1.579028E+0	4.235800E-5
1.579864E+0	1.286500E-4
1.580728E+0	1.539530E-4
1.581631E+0	1.402820E-4
1.582515E+0	1.547150E-4
1.583331E+0	6.261400E-5
1.584280E+0	3.891100E-5
1.585138E+0	7.001200E-5
1.585939E+0	1.123960E-4
1.586866E+0	3.336000E-5
1.587644E+0	1.862900E-5
1.588478E+0	5.064600E-5
1.589409E+0	1.064700E-4
1.590249E+0	1.288690E-4
1.591059E+0	1.256670E-4
1.591960E+0	1.429930E-4
1.592765E+0	1.936260E-4
1.593560E+0	1.426050E-4
1.594475E+0	1.895850E-4
1.595671E+0	1.515390E-4
1.596022E+0	9.504400E-5
1.596888E+0	8.602000E-5
1.597762E+0	6.376300E-5
1.598515E+0	9.956300E-5
1.599311E+0	1.379190E-4
1.600198E+0	1.290890E-4
1.600992E+0	1.153520E-4
1.601690E+0	8.409700E-5
1.602543E+0	9.079700E-5
1.603432E+0	1.129600E-5
1.604142E+0	-9.579000E-6
1.604951E+0	9.967000E-6
1.605774E+0	1.206710E-4
1.606512E+0	1.027650E-4
1.607253E+0	1.088580E-4
1.608141E+0	3.447000E-6
1.608836E+0	5.169200E-5
1.609574E+0	9.704600E-5
1.610432E+0	9.465700E-5
1.611163E+0	6.318200E-5
1.611875E+0	8.582700E-5
1.612722E+0	6.895300E-5
1.613478E+0	9.310800E-5
1.614148E+0	7.586000E-5
1.615021E+0	-5.461000E-6
1.615674E+0	-1.868100E-5
1.616461E+0	1.463240E-4
1.617262E+0	1.815420E-4
1.617909E+0	1.502480E-4
1.619003E+0	8.804700E-5
1.619344E+0	1.264810E-4
1.620470E+0	8.070100E-5
1.620875E+0	9.942100E-5
1.621584E+0	8.399300E-5
1.622367E+0	8.546500E-5
1.622995E+0	3.351500E-5
1.623782E+0	8.299900E-5
1.624394E+0	9.853000E-5
1.625141E+0	8.724700E-5
1.625910E+0	5.892200E-5
1.626552E+0	6.070400E-5
1.627369E+0	1.036680E-4
1.627922E+0	6.678400E-5
1.628738E+0	7.740900E-5
1.629395E+0	8.766000E-5
1.630127E+0	3.231400E-5
1.630885E+0	4.119600E-5
1.631435E+0	3.275300E-5
1.632265E+0	1.006090E-4
1.632806E+0	1.530240E-4
1.633570E+0	1.043660E-4
1.634287E+0	4.482400E-5
1.635272E+0	7.607900E-5
1.635652E+0	1.181540E-4
1.636246E+0	1.246990E-4
1.636883E+0	9.849100E-5
1.637627E+0	4.780000E-7
1.638245E+0	3.572200E-5
1.639019E+0	9.889200E-5
1.639582E+0	5.550100E-5
1.640221E+0	1.040040E-4
1.641245E+0	6.727500E-5
1.641932E+0	4.238400E-5
1.642196E+0	6.936600E-5
1.642853E+0	9.898200E-5
1.643464E+0	1.055790E-4
1.644180E+0	6.133600E-5
1.644705E+0	7.638900E-5
1.645421E+0	2.971900E-5
1.646027E+0	4.504300E-5
1.646621E+0	4.008600E-5
1.647308E+0	3.627800E-5
1.647835E+0	1.519910E-4
1.648583E+0	1.018480E-4
1.649069E+0	5.980000E-5
1.650022E+0	1.427220E-4
1.650367E+0	1.438710E-4
1.651091E+0	1.132610E-4
1.651518E+0	9.947300E-5
1.652283E+0	2.239900E-5
1.652795E+0	-5.242000E-6
1.653516E+0	1.897800E-5
1.654022E+0	1.210970E-4
1.654738E+0	1.654180E-4
1.655215E+0	1.056050E-4
1.655891E+0	9.535400E-5
1.656384E+0	6.123300E-5
1.657042E+0	8.345100E-5
1.657568E+0	1.086390E-4
1.658228E+0	7.410400E-5
1.658731E+0	9.246200E-5
1.659296E+0	9.863400E-5
1.659953E+0	1.468140E-4
1.660456E+0	1.326390E-4
1.661139E+0	1.450840E-4
1.661650E+0	4.355900E-5
1.662304E+0	7.318800E-5
1.662771E+0	5.127900E-5
1.663385E+0	3.222400E-5
1.663895E+0	8.209600E-5
1.664428E+0	9.709700E-5
1.665064E+0	7.588600E-5
1.665515E+0	1.242990E-4
1.666167E+0	6.124600E-5
1.666713E+0	7.963000E-5
1.667231E+0	1.164500E-4
1.667835E+0	5.251800E-5
1.668268E+0	1.221170E-4
1.668842E+0	1.537080E-4
1.669401E+0	8.502600E-5
1.669883E+0	6.833300E-5
1.670552E+0	3.755600E-5
1.670970E+0	-6.507000E-6
1.671577E+0	6.005800E-5
1.672045E+0	8.958300E-5
1.672602E+0	1.632230E-4
1.673467E+0	1.789990E-4
1.673596E+0	7.669900E-5
1.674166E+0	6.473100E-5
1.674592E+0	8.340000E-5
1.675195E+0	7.260700E-5
1.675685E+0	5.915400E-5
1.676297E+0	4.896800E-5
1.676666E+0	5.773400E-5
1.677297E+0	8.771200E-5
1.677661E+0	1.981320E-4
1.678297E+0	1.030490E-4
1.678706E+0	8.602000E-5
1.679344E+0	1.462460E-4
1.679725E+0	4.809000E-5
1.680334E+0	1.196510E-4
1.680714E+0	1.377250E-4
1.681273E+0	2.895700E-5
1.681690E+0	5.596500E-5
1.682185E+0	1.073610E-4
1.682672E+0	-4.493000E-6
1.683128E+0	5.063400E-5
1.683726E+0	4.377800E-5
1.684160E+0	1.124600E-4
1.684690E+0	8.231500E-5
1.685057E+0	1.856500E-5
1.685643E+0	7.096700E-5
1.686005E+0	7.387200E-5
1.686600E+0	1.039910E-4
1.686977E+0	3.036500E-5
1.687554E+0	5.457100E-5
1.687866E+0	8.198000E-6
1.688411E+0	1.027390E-4
1.688749E+0	1.606000E-5
1.689315E+0	2.048800E-5
1.689729E+0	6.598400E-5
1.690182E+0	5.245400E-5
1.690677E+0	9.358600E-5
1.691052E+0	8.745300E-5
1.691609E+0	1.028420E-4
1.691940E+0	1.512420E-4
1.692550E+0	7.910000E-5
1.692885E+0	1.141520E-4
1.693414E+0	1.085490E-4
1.693730E+0	4.852900E-5
1.694285E+0	9.962800E-5
1.694621E+0	1.318510E-4
1.695184E+0	1.125250E-4
1.695497E+0	1.154300E-4
1.696020E+0	1.113240E-4
1.696291E+0	6.372400E-5
1.696810E+0	9.975700E-5
1.697216E+0	9.864600E-5
1.697688E+0	7.973300E-5
1.698078E+0	7.659600E-5
1.698420E+0	5.858600E-5
1.698965E+0	1.526240E-4
1.699306E+0	9.020300E-5
1.699853E+0	4.043500E-5
1.700171E+0	5.182100E-5
1.700610E+0	7.336800E-5
1.701010E+0	9.952400E-5
1.701320E+0	1.138030E-4
1.701807E+0	6.941800E-5
1.702190E+0	4.195800E-5
1.702639E+0	-4.583000E-6
1.703051E+0	4.139000E-5
1.703393E+0	1.517070E-4
1.703867E+0	7.943600E-5
1.704190E+0	1.151070E-4
1.704575E+0	1.025580E-4
1.705232E+0	1.763010E-4
1.705347E+0	1.332330E-4
1.705860E+0	1.624350E-4
1.706125E+0	1.103950E-4
1.706570E+0	1.514490E-4
1.706985E+0	1.615320E-4
1.707296E+0	1.450070E-4
1.707774E+0	8.243100E-5
1.708112E+0	1.110790E-4
1.708547E+0	7.498200E-5
1.708895E+0	1.079290E-4
1.709224E+0	1.948100E-5
1.709673E+0	5.941200E-5
1.709985E+0	8.901500E-5
1.710402E+0	8.932500E-5
1.710770E+0	1.067540E-4
1.711096E+0	6.993400E-5
1.711554E+0	1.369800E-5
1.711823E+0	1.625400E-5
1.712326E+0	-2.481300E-5
1.712591E+0	1.220530E-4
1.712983E+0	7.125100E-5
1.713282E+0	5.226000E-5
1.713588E+0	4.355900E-5
1.714012E+0	6.038100E-5
1.714383E+0	1.544050E-4
1.714729E+0	1.838400E-4
1.715019E+0	8.989300E-5
1.715405E+0	1.046240E-4
1.715817E+0	9.833700E-5
1.716133E+0	9.303100E-5
1.716523E+0	8.358000E-5
1.716746E+0	6.469300E-5
1.717226E+0	8.448400E-5
1.717613E+0	7.540800E-5
1.717907E+0	1.362000E-5
1.718106E+0	3.707800E-5
1.718540E+0	1.420890E-4
1.718828E+0	8.860200E-5
1.719143E+0	7.672500E-5
1.719541E+0	8.578800E-5
1.719761E+0	5.915400E-5
1.720240E+0	4.185500E-5
1.720461E+0	2.619500E-5
1.720894E+0	2.934500E-5
1.721165E+0	7.101900E-5
1.721750E+0	6.087100E-5
1.721835E+0	8.795700E-5
1.722083E+0	1.272900E-5
1.722514E+0	1.064180E-4
1.722719E+0	6.701700E-5
1.723136E+0	9.011300E-5
1.723359E+0	1.288300E-4
1.723694E+0	7.862000E-6
1.724011E+0	4.988500E-5
1.724310E+0	-9.295000E-6
1.724694E+0	-4.015000E-6
1.725163E+0	3.736200E-5
1.725292E+0	2.629800E-5
1.725503E+0	8.361900E-5
1.725931E+0	8.256000E-5
1.726119E+0	4.505600E-5
1.726537E+0	5.557800E-5
1.726748E+0	7.543400E-5
1.727246E+0	6.733900E-5
1.727411E+0	1.583040E-4
1.727715E+0	1.072700E-4
1.727996E+0	7.836500E-5
1.728299E+0	3.321800E-5
1.728555E+0	1.108850E-4
1.728871E+0	1.846280E-4
1.729142E+0	1.741320E-4
1.729433E+0	1.032940E-4
1.729703E+0	6.171000E-5
1.729965E+0	7.465900E-5
1.730329E+0	9.757500E-5
1.730626E+0	1.297340E-4
1.730889E+0	1.123200E-5
1.731076E+0	6.810100E-5
1.731511E+0	7.432400E-5
1.731697E+0	6.041900E-5
1.732068E+0	1.542120E-4
1.732280E+0	8.520700E-5
1.732603E+0	1.107170E-4
1.732756E+0	8.484500E-5
1.733199E+0	1.061990E-4
1.733388E+0	4.575400E-5
1.733739E+0	2.650500E-5
1.733926E+0	1.049340E-4
1.734208E+0	1.005180E-4
1.734425E+0	1.223490E-4
1.734795E+0	3.747800E-5
1.735057E+0	1.647300E-5
1.735336E+0	-1.328500E-5
1.735547E+0	7.706100E-5
1.735869E+0	4.122200E-5
1.736082E+0	8.482000E-5
1.736348E+0	9.019000E-5
1.736629E+0	7.506000E-5
1.736848E+0	7.056700E-5
1.737305E+0	9.915000E-5
1.737409E+0	5.905100E-5
1.737669E+0	6.681000E-5
1.737870E+0	5.249300E-5
1.738191E+0	1.084500E-5
1.738362E+0	4.383000E-5
1.738732E+0	7.970700E-5
1.738886E+0	8.555600E-5
1.739229E+0	6.702900E-5
1.739378E+0	1.199350E-4
1.739696E+0	1.536690E-4
1.739886E+0	1.238730E-4
1.740208E+0	1.346920E-4
1.740427E+0	8.511700E-5
1.740653E+0	1.839310E-4
1.740931E+0	8.173400E-5
1.741180E+0	4.198400E-5
1.741402E+0	5.085300E-5
1.741727E+0	9.920200E-5
1.741918E+0	1.588980E-4
1.742160E+0	1.292430E-4
1.742346E+0	9.448900E-5
1.742625E+0	3.364400E-5
1.742819E+0	4.543100E-5
1.743121E+0	6.163300E-5
1.743282E+0	5.450700E-5
1.743592E+0	1.167590E-4
1.743712E+0	5.818600E-5
1.744071E+0	5.701100E-5
1.744186E+0	3.914400E-5
1.744555E+0	-1.226000E-6
1.744690E+0	3.436700E-5
1.745022E+0	5.473900E-5
1.745144E+0	1.165920E-4
1.745472E+0	8.577500E-5
1.745542E+0	5.184700E-5
1.745930E+0	-2.608000E-6
1.746011E+0	1.056180E-4
1.746362E+0	3.351500E-5
1.746520E+0	4.428200E-5
1.746725E+0	4.092500E-5
1.746944E+0	9.789800E-5
1.747129E+0	1.284300E-4
1.747452E+0	8.676900E-5
1.747585E+0	1.260680E-4
1.747900E+0	1.524430E-4
1.747995E+0	1.217040E-4
1.748349E+0	9.039700E-5
1.748403E+0	7.228400E-5
1.748776E+0	1.247640E-4
1.748852E+0	6.610000E-5
1.749181E+0	8.249600E-5
1.749286E+0	7.446600E-5
1.749576E+0	2.761500E-5
1.749787E+0	2.362600E-5
1.749961E+0	5.183400E-5
1.750269E+0	7.935900E-5
1.750311E+0	1.235110E-4
1.750631E+0	1.016670E-4
1.750849E+0	3.197800E-5
1.750934E+0	3.838200E-5
1.751253E+0	3.772300E-5
1.751380E+0	8.970000E-5
1.751684E+0	6.919800E-5
1.751822E+0	9.587100E-5
1.751954E+0	2.672000E-6
1.752150E+0	3.640700E-5
1.752474E+0	8.173400E-5
1.752505E+0	1.227630E-4
1.752807E+0	5.847000E-5
1.752972E+0	1.086260E-4
1.753168E+0	1.611200E-5
1.753467E+0	7.331700E-5
1.753528E+0	2.004900E-5
1.753836E+0	8.103700E-5
1.753962E+0	1.117370E-4
1.754160E+0	1.172370E-4
1.754384E+0	1.057340E-4
1.754465E+0	8.746600E-5
1.754789E+0	-1.384000E-5
1.754862E+0	2.809200E-5
1.755140E+0	1.526370E-4
1.755275E+0	1.350660E-4
1.755439E+0	1.156880E-4
1.755696E+0	9.802700E-5
1.755745E+0	6.200700E-5
1.756080E+0	3.665200E-5
1.756188E+0	1.014220E-4
1.756361E+0	6.652600E-5
1.756612E+0	9.139100E-5
1.756664E+0	3.173300E-5
1.756920E+0	1.080450E-4
1.757102E+0	1.152750E-4
1.757242E+0	8.239300E-5
1.757559E+0	1.479760E-4
1.757276E+0	1.262610E-4
1.757084E+0	1.853380E-4
1.756774E+0	-2.248900E-5
1.755911E+0	3.620000E-5
1.754938E+0	4.880000E-5
1.753584E+0	8.817600E-5
1.751106E+0	7.804200E-5
1.750282E+0	7.121200E-5
1.747460E+0	9.353400E-5
1.746483E+0	1.108590E-4
1.744374E+0	5.546200E-5
1.742048E+0	5.427400E-5
1.739368E+0	5.445500E-5
1.736285E+0	1.091810E-4
1.732915E+0	6.909500E-5
1.729304E+0	6.604800E-5
1.725661E+0	9.579000E-6
1.721976E+0	1.288170E-4
1.718320E+0	5.597800E-5
1.714515E+0	4.314600E-5
1.710825E+0	2.819600E-5
1.706960E+0	7.184500E-5
1.703200E+0	9.371500E-5
1.699377E+0	8.227600E-5
1.695632E+0	4.195800E-5
1.691896E+0	8.926100E-5
1.688152E+0	1.207230E-4
1.684476E+0	9.070700E-5
1.680665E+0	1.215880E-4
1.676986E+0	1.144740E-4
1.673181E+0	1.176630E-4
1.669530E+0	9.133900E-5
1.665937E+0	9.013900E-5
1.660580E+0	9.671000E-5
1.658914E+0	6.289800E-5
1.655803E+0	1.374280E-4
1.651562E+0	1.171980E-4
1.648737E+0	1.609250E-4
1.647245E+0	9.942100E-5
1.644437E+0	1.567550E-4
1.641739E+0	3.520600E-5
1.639079E+0	4.262900E-5
1.634953E+0	5.603000E-5
1.633578E+0	6.168500E-5
1.629500E+0	2.342930E-4
1.628052E+0	-1.075030E-4
1.625422E+0	1.259380E-4
1.622694E+0	1.284690E-4
1.619997E+0	5.641700E-5
1.617341E+0	1.564190E-4
1.614554E+0	9.177800E-5
1.611854E+0	9.691600E-5
1.609246E+0	1.387070E-4
1.606489E+0	9.252700E-5
1.603891E+0	7.334300E-5
1.601139E+0	7.260700E-5
1.598486E+0	1.182700E-4
1.595835E+0	1.543150E-4
1.593104E+0	1.244670E-4
1.590459E+0	9.822000E-5
1.587832E+0	8.879600E-5
1.585174E+0	5.321600E-5
1.582540E+0	8.298600E-5
1.579879E+0	9.443800E-5
1.577340E+0	1.998500E-5
1.574935E+0	1.351950E-4
1.572455E+0	1.228530E-4
1.570246E+0	1.275260E-4
1.567977E+0	6.589300E-5
1.565608E+0	4.179000E-5
1.563422E+0	3.360500E-5
1.559945E+0	4.447500E-5
1.557699E+0	-5.590000E-6
1.556588E+0	5.320300E-5
1.554231E+0	1.018870E-4
1.550963E+0	9.427000E-5
1.549894E+0	1.317480E-4
1.547739E+0	1.675740E-4
1.545807E+0	6.660300E-5
1.543911E+0	7.307100E-5
1.541981E+0	1.200130E-4
1.540124E+0	1.102910E-4
1.538161E+0	1.021060E-4
1.536356E+0	1.306640E-4
1.534502E+0	1.113110E-4
1.532556E+0	8.399300E-5
1.530691E+0	8.998400E-5
1.528863E+0	1.242470E-4
1.526881E+0	8.058500E-5
1.525003E+0	1.196800E-5
1.523128E+0	7.542100E-5
1.521226E+0	1.420120E-4
1.519446E+0	4.887800E-5
1.517458E+0	1.059150E-4
1.515651E+0	3.321800E-5
1.513780E+0	3.560600E-5
1.511828E+0	2.203800E-5
1.510055E+0	-1.032800E-5
1.508157E+0	3.715500E-5
1.506316E+0	1.030100E-4
1.504480E+0	7.061800E-5
1.502565E+0	1.472010E-4
1.500786E+0	9.043600E-5
1.498900E+0	3.323100E-5
1.497125E+0	3.355300E-5
1.495238E+0	7.387200E-5
1.493458E+0	1.203230E-4
1.491583E+0	8.988000E-5
1.488833E+0	7.595000E-5
1.487979E+0	-3.835600E-5
1.486102E+0	1.975300E-5
1.484372E+0	3.489600E-5
1.482501E+0	1.120730E-4
1.480746E+0	1.414820E-4
1.478905E+0	1.426180E-4
1.477137E+0	1.039270E-4
1.475347E+0	9.157200E-5
1.473535E+0	8.434200E-5
1.471803E+0	1.004930E-4
1.469925E+0	8.564600E-5
1.468218E+0	7.220600E-5
1.466427E+0	1.425670E-4
1.464735E+0	1.347040E-4
1.462994E+0	2.035800E-4
1.461262E+0	2.271280E-4
1.459539E+0	3.639370E-4
1.457741E+0	6.006450E-4
1.456061E+0	9.495150E-4
1.454226E+0	2.059981E-3
1.452576E+0	5.897824E-3
1.450818E+0	1.814317E-2
1.449138E+0	4.935478E-2
1.447343E+0	1.560651E-1
1.445618E+0	3.603837E-1
1.443033E+0	4.371825E-1
1.442201E+0	5.378476E-1
1.440512E+0	5.544093E-1
1.438811E+0	5.600546E-1
1.437143E+0	5.621179E-1
1.435379E+0	5.630368E-1
1.433779E+0	5.635628E-1
1.432085E+0	5.638412E-1
1.430436E+0	5.640958E-1
1.428807E+0	5.642741E-1
1.427079E+0	5.644155E-1
1.425488E+0	5.645509E-1
1.423775E+0	5.646233E-1
1.422230E+0	5.647787E-1
1.420602E+0	5.648756E-1
1.418854E+0	5.649508E-1
1.417236E+0	5.649825E-1
1.415585E+0	5.650467E-1
1.414010E+0	5.651400E-1
1.412484E+0	5.651409E-1
1.409992E+0	5.651876E-1
1.409223E+0	5.652386E-1
1.407683E+0	5.653554E-1
1.405210E+0	5.653596E-1
1.404425E+0	5.653542E-1
1.402905E+0	5.653213E-1
1.401227E+0	5.652882E-1
1.399729E+0	5.654337E-1
1.398176E+0	5.654454E-1
1.396469E+0	5.654899E-1
1.395005E+0	5.653908E-1
1.393376E+0	5.654324E-1
1.391867E+0	5.654737E-1
1.390343E+0	5.655267E-1
1.388764E+0	5.655780E-1
1.387290E+0	5.655753E-1
1.385684E+0	5.655641E-1
1.384231E+0	5.656253E-1
1.382702E+0	5.656409E-1
1.381154E+0	5.655848E-1
1.379696E+0	5.655637E-1
1.378056E+0	5.655967E-1
1.376558E+0	5.656061E-1
1.375088E+0	5.656454E-1
1.373578E+0	5.656386E-1
1.372183E+0	5.656034E-1
1.370642E+0	5.657355E-1
1.369086E+0	5.657256E-1
1.367678E+0	5.657007E-1
1.366214E+0	5.656487E-1
1.364768E+0	5.655767E-1
1.363331E+0	5.655428E-1
1.361812E+0	5.656758E-1
1.360396E+0	5.657436E-1
1.358992E+0	5.656217E-1
1.357470E+0	5.657178E-1
1.356079E+0	5.656238E-1
1.354697E+0	5.656474E-1
1.353173E+0	5.657141E-1
1.351789E+0	5.656840E-1
1.350408E+0	5.656070E-1
1.348928E+0	5.656328E-1
1.347542E+0	5.656073E-1
1.346191E+0	5.656322E-1
1.344701E+0	5.656200E-1
1.343341E+0	5.655682E-1
1.341920E+0	5.655540E-1
1.340511E+0	5.655443E-1
1.339173E+0	5.655742E-1
1.337770E+0	5.655380E-1
1.336452E+0	5.655425E-1
1.335098E+0	5.656180E-1
1.333660E+0	5.656140E-1
1.332342E+0	5.655742E-1
1.330863E+0	5.655501E-1
1.329581E+0	5.655348E-1
1.328239E+0	5.655507E-1
1.326222E+0	5.654900E-1
1.325589E+0	5.655220E-1
1.323583E+0	5.655580E-1
1.322915E+0	5.655291E-1
1.321500E+0	5.654525E-1
1.320273E+0	5.655470E-1
1.318895E+0	5.655933E-1
1.317587E+0	5.655557E-1
1.316254E+0	5.655091E-1
1.314985E+0	5.655465E-1
1.313676E+0	5.654833E-1
1.312364E+0	5.654470E-1
1.311067E+0	5.655056E-1
1.309748E+0	5.655505E-1
1.308460E+0	5.655077E-1
1.306867E+0	5.655103E-1
1.305094E+0	5.653954E-1
1.302287E+0	5.654324E-1
1.301423E+0	5.653741E-1
1.299661E+0	5.653884E-1
1.298064E+0	5.653414E-1
1.296427E+0	5.653657E-1
1.294976E+0	5.653803E-1
1.293466E+0	5.653097E-1
1.292045E+0	5.653465E-1
1.290566E+0	5.653794E-1
1.289193E+0	5.653671E-1
1.287740E+0	5.653578E-1
1.286334E+0	5.653703E-1
1.284912E+0	5.654373E-1
1.282764E+0	5.654747E-1
1.282127E+0	5.653585E-1
1.280648E+0	5.653128E-1
1.279268E+0	5.653817E-1
1.277751E+0	5.653746E-1
1.275601E+0	5.653844E-1
1.274788E+0	5.653079E-1
1.273278E+0	5.653316E-1
1.271859E+0	5.653279E-1
1.270296E+0	5.652820E-1
1.268190E+0	5.652642E-1
1.267363E+0	5.653409E-1
1.265247E+0	5.653375E-1
1.264505E+0	5.652479E-1
1.263008E+0	5.652256E-1
1.261576E+0	5.652166E-1
1.260080E+0	5.652757E-1
1.258621E+0	5.652468E-1
1.257192E+0	5.651530E-1
1.255741E+0	5.651841E-1
1.254403E+0	5.652083E-1
1.252931E+0	5.651785E-1
1.251592E+0	5.652424E-1
1.250231E+0	5.652510E-1
1.248790E+0	5.651802E-1
1.246772E+0	5.651828E-1
1.246017E+0	5.651708E-1
1.244707E+0	5.651562E-1
1.243298E+0	5.651677E-1
1.241883E+0	5.650670E-1
1.240594E+0	5.651401E-1
1.239224E+0	5.651439E-1
1.237229E+0	5.651288E-1
1.236548E+0	5.652156E-1
1.235091E+0	5.651832E-1
1.233699E+0	5.651206E-1
1.232195E+0	5.650884E-1
1.230879E+0	5.649994E-1
1.229531E+0	5.650966E-1
1.228263E+0	5.650648E-1
1.226472E+0	5.650797E-1
1.225900E+0	5.650810E-1
1.224818E+0	5.650879E-1
1.223573E+0	5.650404E-1
1.222347E+0	5.650343E-1
1.220786E+0	5.650604E-1
1.218994E+0	5.650978E-1
1.216844E+0	5.651218E-1
1.214737E+0	5.650540E-1
1.211550E+0	5.650653E-1
1.210557E+0	5.649834E-1
1.207647E+0	5.650124E-1
1.206722E+0	5.650779E-1
1.205096E+0	5.649738E-1
1.203324E+0	5.650150E-1
1.201564E+0	5.650184E-1
1.199617E+0	5.650492E-1
1.197749E+0	5.649681E-1
1.195901E+0	5.649875E-1
1.194114E+0	5.650680E-1
1.192182E+0	5.650269E-1
1.190212E+0	5.649825E-1
1.188101E+0	5.649812E-1
1.185848E+0	5.650908E-1
1.183735E+0	5.649923E-1
1.181712E+0	5.649811E-1
1.179470E+0	5.649730E-1
1.177220E+0	5.650070E-1
1.175046E+0	5.649237E-1
1.173012E+0	5.650034E-1
1.171019E+0	5.650337E-1
1.169133E+0	5.649527E-1
1.167269E+0	5.649384E-1
1.165407E+0	5.649158E-1
1.163517E+0	5.648211E-1
1.161560E+0	5.649321E-1
1.159506E+0	5.649274E-1
1.157354E+0	5.648370E-1
1.155316E+0	5.649106E-1
1.153401E+0	5.648870E-1
1.151950E+0	5.649884E-1
1.150532E+0	5.649325E-1
1.149224E+0	5.649066E-1
1.147714E+0	5.648696E-1
1.146242E+0	5.648330E-1
1.144737E+0	5.648524E-1
1.142702E+0	5.647474E-1
1.142041E+0	5.648455E-1
1.140699E+0	5.648187E-1
1.139444E+0	5.648548E-1
1.138217E+0	5.648349E-1
1.137004E+0	5.648623E-1
1.135995E+0	5.648404E-1
1.134861E+0	5.647520E-1
1.133818E+0	5.648487E-1
1.132808E+0	5.648905E-1
1.131745E+0	5.648794E-1
1.130836E+0	5.648284E-1
1.129881E+0	5.647951E-1
1.128852E+0	5.647597E-1
1.128003E+0	5.647826E-1
1.127078E+0	5.648569E-1
1.125683E+0	5.648396E-1
1.125292E+0	5.648088E-1
1.124323E+0	5.647218E-1
1.123507E+0	5.647435E-1
1.122658E+0	5.647475E-1
1.121776E+0	5.647529E-1
1.120972E+0	5.647351E-1
1.120094E+0	5.647318E-1
1.119296E+0	5.647637E-1
1.118452E+0	5.647412E-1
1.117672E+0	5.647561E-1
1.116904E+0	5.647781E-1
1.116056E+0	5.647970E-1
1.115338E+0	5.647414E-1
1.114514E+0	5.647489E-1
1.113786E+0	5.647392E-1
1.112995E+0	5.647828E-1
1.112257E+0	5.647452E-1
1.111551E+0	5.648066E-1
1.110745E+0	5.647387E-1
1.110048E+0	5.647247E-1
1.109225E+0	5.647045E-1
1.108561E+0	5.646825E-1
1.107784E+0	5.647221E-1
1.107085E+0	5.647187E-1
1.106314E+0	5.647619E-1
1.105633E+0	5.647394E-1
1.104856E+0	5.647022E-1
1.104179E+0	5.647617E-1
1.103446E+0	5.647444E-1
1.102784E+0	5.647340E-1
1.102045E+0	5.647269E-1
1.101383E+0	5.646944E-1
1.100621E+0	5.646780E-1
1.099993E+0	5.646600E-1
1.099252E+0	5.647243E-1
1.098590E+0	5.646434E-1
1.097921E+0	5.646554E-1
1.097208E+0	5.646389E-1
1.096530E+0	5.646778E-1
1.095860E+0	5.646636E-1
1.095191E+0	5.647222E-1
1.094158E+0	5.647129E-1
1.093850E+0	5.647479E-1
1.093152E+0	5.646990E-1
1.092545E+0	5.646904E-1
1.091845E+0	5.646895E-1
1.091180E+0	5.646327E-1
1.090600E+0	5.646184E-1
1.089903E+0	5.647461E-1
1.089239E+0	5.647258E-1
1.088636E+0	5.646864E-1
1.087973E+0	5.646944E-1
1.087333E+0	5.646896E-1
1.086705E+0	5.646480E-1
1.086053E+0	5.645872E-1
1.085394E+0	5.646367E-1
1.084766E+0	5.646621E-1
1.084107E+0	5.646985E-1
1.083540E+0	5.646057E-1
1.082869E+0	5.645986E-1
1.082281E+0	5.646326E-1
1.081645E+0	5.647074E-1
1.081040E+0	5.646825E-1
1.080455E+0	5.646542E-1
1.079805E+0	5.646536E-1
1.079231E+0	5.646282E-1
1.078586E+0	5.646572E-1
1.077965E+0	5.646555E-1
1.077320E+0	5.646368E-1
1.076765E+0	5.646483E-1
1.076164E+0	5.646968E-1
1.075546E+0	5.646789E-1
1.074931E+0	5.646874E-1
1.074366E+0	5.646786E-1
1.073771E+0	5.646046E-1
1.073168E+0	5.646238E-1
1.072594E+0	5.645540E-1
1.072012E+0	5.645861E-1
1.071444E+0	5.646384E-1
1.070845E+0	5.645375E-1
1.070259E+0	5.646247E-1
1.069669E+0	5.646260E-1
1.069116E+0	5.646224E-1
1.068517E+0	5.646372E-1
1.067952E+0	5.646252E-1
1.067340E+0	5.645722E-1
1.066800E+0	5.646479E-1
1.066184E+0	5.646621E-1
1.065669E+0	5.646922E-1
1.064828E+0	5.646918E-1
1.064560E+0	5.645957E-1
1.063962E+0	5.646438E-1
1.063429E+0	5.646072E-1
1.062852E+0	5.645281E-1
1.062303E+0	5.645643E-1
1.061739E+0	5.645898E-1
1.061216E+0	5.645953E-1
1.060651E+0	5.646864E-1
1.060094E+0	5.646737E-1
1.059501E+0	5.646484E-1
1.058993E+0	5.645474E-1
1.058415E+0	5.645440E-1
1.057920E+0	5.645677E-1
1.057302E+0	5.645480E-1
1.056817E+0	5.645685E-1
1.056257E+0	5.645434E-1
1.055712E+0	5.646324E-1
1.055212E+0	5.645579E-1
1.054631E+0	5.645583E-1
1.054128E+0	5.646317E-1
1.053581E+0	5.646092E-1
1.053083E+0	5.646517E-1
1.052523E+0	5.646063E-1
1.051973E+0	5.645513E-1
1.051508E+0	5.645993E-1
1.050909E+0	5.646505E-1
1.050123E+0	5.645677E-1
1.049843E+0	5.645868E-1
1.049146E+0	5.645816E-1
1.048791E+0	5.645160E-1
1.048341E+0	5.645145E-1
1.047768E+0	5.645045E-1
1.047279E+0	5.645211E-1
1.046733E+0	5.646115E-1
1.046259E+0	5.645689E-1
1.045729E+0	5.646006E-1
1.045248E+0	5.646219E-1
1.044740E+0	5.646015E-1
1.044248E+0	5.645824E-1
1.043681E+0	5.645754E-1
1.043214E+0	5.644670E-1
1.042687E+0	5.644988E-1
1.042218E+0	5.646171E-1
1.041688E+0	5.646170E-1
1.041217E+0	5.646508E-1
1.040661E+0	5.646008E-1
1.040214E+0	5.645355E-1
1.039677E+0	5.645709E-1
1.039263E+0	5.645471E-1
1.038747E+0	5.646517E-1
1.038255E+0	5.646437E-1
1.037774E+0	5.646100E-1
1.037577E+0	5.645860E-1
1.037335E+0	5.645749E-1
1.036846E+0	5.646751E-1
1.036360E+0	5.646653E-1
1.035908E+0	5.646144E-1
1.035896E+0	5.645765E-1
1.036011E+0	5.646041E-1
1.036404E+0	5.645423E-1
1.036924E+0	5.645787E-1
1.037552E+0	5.645694E-1
1.038253E+0	5.646014E-1
