1.697753E+0	2.853010E-4
1.702991E+0	1.286630E-4
1.703087E+0	1.963250E-4
1.703520E+0	6.524800E-5
1.691684E+0	1.145000E-4
1.688584E+0	1.608470E-4
1.688351E+0	1.319550E-4
1.688509E+0	6.944400E-5
1.688465E+0	1.157780E-4
1.688380E+0	1.043660E-4
1.688334E+0	8.679500E-5
1.688170E+0	1.421670E-4
1.687800E+0	1.918710E-4
1.687404E+0	2.024180E-4
1.687139E+0	1.101360E-4
1.686538E+0	1.431220E-4
1.685932E+0	1.013060E-4
1.685434E+0	6.770100E-5
1.684860E+0	1.101620E-4
1.684191E+0	1.840210E-4
1.683410E+0	1.543800E-4
1.682656E+0	6.823000E-5
1.682011E+0	1.571940E-4
1.681185E+0	8.465200E-5
1.680147E+0	6.772700E-5
1.679571E+0	1.398300E-4
1.678858E+0	9.692900E-5
1.678013E+0	8.287000E-5
1.677131E+0	1.102530E-4
1.676439E+0	6.957300E-5
1.675556E+0	1.044820E-4
1.674661E+0	3.391500E-5
1.673822E+0	1.057340E-4
1.673079E+0	1.064440E-4
1.672063E+0	1.054370E-4
1.671143E+0	4.619200E-5
1.670397E+0	1.327420E-4
1.669475E+0	1.243120E-4
1.668522E+0	7.845500E-5
1.667739E+0	1.376090E-4
1.666846E+0	1.351820E-4
1.665957E+0	5.321600E-5
1.665175E+0	3.891100E-5
1.664354E+0	1.319680E-4
1.663438E+0	1.354400E-4
1.662530E+0	1.482730E-4
1.661850E+0	5.421000E-5
1.660883E+0	3.239200E-5
1.659964E+0	8.063700E-5
1.659153E+0	4.814200E-5
1.658395E+0	4.070600E-5
1.657500E+0	1.102660E-4
1.656647E+0	8.054600E-5
1.655921E+0	1.492280E-4
1.654960E+0	8.136000E-5
1.654069E+0	8.665300E-5
1.653375E+0	1.538890E-4
1.652391E+0	1.738870E-4
1.651434E+0	9.363700E-5
1.650759E+0	5.785000E-5
1.649871E+0	2.693100E-5
1.649014E+0	1.866800E-5
1.648417E+0	1.502220E-4
1.647415E+0	1.102530E-4
1.646155E+0	5.022000E-5
1.645709E+0	8.826700E-5
1.644893E+0	7.849400E-5
1.643955E+0	1.072800E-5
1.643050E+0	5.151100E-5
1.642351E+0	2.720200E-5
1.641577E+0	6.345300E-5
1.640678E+0	9.016400E-5
1.639807E+0	1.079930E-4
1.639147E+0	1.963120E-4
1.638106E+0	1.494480E-4
1.637183E+0	1.516680E-4
1.636408E+0	1.535790E-4
1.635620E+0	7.274900E-5
1.634765E+0	-3.744000E-6
1.633886E+0	2.671880E-4
1.632975E+0	1.147320E-4
1.632254E+0	8.874400E-5
1.631323E+0	5.577200E-5
1.630490E+0	3.919500E-5
1.629838E+0	1.177150E-4
1.628924E+0	9.281100E-5
1.628105E+0	5.396400E-5
1.627412E+0	1.511800E-5
1.626465E+0	7.562800E-5
1.625554E+0	7.258100E-5
1.624779E+0	8.107600E-5
1.623613E+0	8.989300E-5
1.622980E+0	3.696200E-5
1.622237E+0	6.588000E-5
1.621505E+0	4.310700E-5
1.620652E+0	1.059410E-4
1.619809E+0	8.516800E-5
1.619083E+0	9.557400E-5
1.618111E+0	2.015300E-5
1.617290E+0	-2.063000E-5
1.616498E+0	4.894200E-5
1.615628E+0	7.318800E-5
1.614746E+0	1.025970E-4
1.614048E+0	1.061470E-4
1.612831E+0	9.873700E-5
1.612368E+0	5.770800E-5
1.611557E+0	6.251100E-5
1.610825E+0	7.969400E-5
1.609861E+0	1.233050E-4
1.609066E+0	1.027260E-4
1.608290E+0	8.709200E-5
1.607440E+0	1.062890E-4
1.606576E+0	1.166560E-4
1.605713E+0	1.994750E-4
1.605081E+0	1.168110E-4
1.604161E+0	4.880000E-5
1.603243E+0	7.325200E-5
1.602429E+0	9.598700E-5
1.601715E+0	1.356860E-4
1.600992E+0	9.837500E-5
1.600088E+0	1.090260E-4
1.599266E+0	6.762300E-5
1.598494E+0	1.213300E-4
1.597826E+0	7.123800E-5
1.596847E+0	1.088200E-4
1.596000E+0	4.549500E-5
1.595273E+0	5.936100E-5
1.594587E+0	1.174440E-4
1.593785E+0	8.098500E-5
1.593014E+0	1.230600E-4
1.592174E+0	1.569900E-5
1.591371E+0	8.182500E-5
1.590540E+0	5.401600E-5
1.589646E+0	1.389260E-4
1.588846E+0	1.108980E-4
1.588179E+0	5.371000E-6
1.587355E+0	5.050400E-5
1.586498E+0	4.503100E-5
1.585722E+0	1.398560E-4
1.585058E+0	1.105500E-4
1.584139E+0	7.903600E-5
1.583324E+0	1.304960E-4
1.582587E+0	4.630900E-5
1.581757E+0	9.634800E-5
1.580909E+0	-3.796000E-6
1.579741E+0	3.061000E-5
1.579416E+0	7.396200E-5
1.578553E+0	1.720900E-5
1.577920E+0	6.072900E-5
1.577057E+0	9.052600E-5
1.576281E+0	1.466330E-4
1.575560E+0	1.699880E-4
1.574696E+0	4.202300E-5
1.573867E+0	1.309090E-4
1.573293E+0	1.451870E-4
1.572401E+0	9.365000E-5
1.571552E+0	-4.610200E-5
1.571023E+0	7.525300E-5
1.570132E+0	9.477300E-5
1.569384E+0	5.461000E-6
1.568728E+0	3.610000E-7
1.567876E+0	3.333400E-5
1.567065E+0	9.086200E-5
1.566403E+0	8.865400E-5
1.565225E+0	8.137300E-5
1.564960E+0	9.068100E-5
1.564128E+0	1.812330E-4
1.563330E+0	7.836500E-5
1.562682E+0	9.374100E-5
1.561752E+0	6.570000E-5
1.561135E+0	8.726000E-5
1.559972E+0	1.187090E-4
1.558744E+0	1.491120E-4
1.557946E+0	1.005440E-4
1.556931E+0	9.197200E-5
1.555946E+0	8.874400E-5
1.554906E+0	1.087810E-4
1.553650E+0	3.440600E-5
1.552660E+0	6.146500E-5
1.551322E+0	2.789900E-5
1.550025E+0	1.172500E-4
1.548761E+0	1.002600E-4
1.547240E+0	1.095550E-4
1.545793E+0	7.487900E-5
1.544557E+0	8.701000E-6
1.543088E+0	9.363700E-5
1.541613E+0	1.000410E-4
1.540379E+0	1.556580E-4
1.538801E+0	8.775000E-5
1.537356E+0	6.455000E-6
1.535934E+0	4.561200E-5
1.534532E+0	1.076960E-4
1.533029E+0	6.098800E-5
1.531535E+0	3.547700E-5
1.530277E+0	2.001100E-5
1.528823E+0	7.313600E-5
1.527342E+0	7.636400E-5
1.525934E+0	3.338600E-5
1.523769E+0	8.786600E-5
1.523065E+0	8.276700E-5
1.521706E+0	1.009060E-4
1.520358E+0	1.178440E-4
1.518901E+0	3.450900E-5
1.517393E+0	1.963600E-5
1.516196E+0	6.329800E-5
1.514690E+0	1.060830E-4
1.513253E+0	3.395400E-5
1.512077E+0	8.919600E-5
1.510655E+0	2.140500E-5
1.509337E+0	1.021200E-5
1.508059E+0	3.680700E-5
1.506669E+0	7.141900E-5
1.505273E+0	5.315100E-5
1.504115E+0	-1.526000E-5
1.502739E+0	2.061800E-5
1.501314E+0	7.862300E-5
1.500115E+0	7.134100E-5
1.498773E+0	9.130100E-5
1.497417E+0	8.483300E-5
1.496213E+0	4.868400E-5
1.494945E+0	3.630300E-5
1.493639E+0	6.591900E-5
1.492334E+0	9.828500E-5
1.491236E+0	5.575900E-5
1.489933E+0	6.918500E-5
1.488531E+0	1.515010E-4
1.487303E+0	1.004930E-4
1.486026E+0	7.948800E-5
1.484760E+0	1.285460E-4
1.483704E+0	1.302890E-4
1.482429E+0	9.714900E-5
1.481154E+0	1.107170E-4
1.479965E+0	1.288690E-4
1.478690E+0	9.836200E-5
1.477443E+0	1.072960E-4
1.476517E+0	4.954900E-5
1.475332E+0	-2.588500E-5
1.474236E+0	7.643000E-6
1.473165E+0	6.752000E-6
1.471907E+0	3.906600E-5
1.471049E+0	5.272500E-5
1.469951E+0	8.735000E-5
1.469072E+0	1.864200E-5
1.468035E+0	3.692300E-5
1.467062E+0	1.117890E-4
1.466299E+0	2.802800E-5
1.465387E+0	6.677100E-5
1.464743E+0	7.303300E-5
1.463777E+0	1.366410E-4
1.463169E+0	5.195000E-5
1.462278E+0	6.433100E-5
1.461598E+0	-7.369100E-5
1.460686E+0	6.200000E-7
1.460238E+0	8.924800E-5
1.459657E+0	4.616700E-5
1.458966E+0	1.410180E-4
1.458489E+0	5.378400E-5
1.457653E+0	3.277900E-5
1.457166E+0	4.920100E-5
1.456290E+0	7.471100E-5
1.455941E+0	3.059700E-5
1.455291E+0	1.078770E-4
1.454681E+0	7.583400E-5
1.454166E+0	7.640200E-5
1.453510E+0	6.823000E-5
1.453100E+0	1.368090E-4
1.452397E+0	1.280040E-4
1.451808E+0	9.035800E-5
1.451178E+0	3.834000E-6
1.450494E+0	5.240200E-5
1.450085E+0	7.959100E-5
1.449389E+0	6.852700E-5
1.448941E+0	5.655900E-5
1.448284E+0	7.734500E-5
1.447635E+0	6.841100E-5
1.447215E+0	6.763600E-5
1.446561E+0	1.651980E-4
1.446157E+0	1.170430E-4
1.445490E+0	4.077000E-5
1.444914E+0	1.964900E-5
1.444267E+0	3.049400E-5
1.443605E+0	9.370200E-5
1.443175E+0	1.246730E-4
1.442517E+0	1.414560E-4
1.442094E+0	8.861500E-5
1.441446E+0	7.935900E-5
1.440720E+0	6.478300E-5
1.440338E+0	9.229500E-5
1.439629E+0	7.513700E-5
1.439099E+0	1.091420E-4
1.438598E+0	1.186830E-4
1.437918E+0	1.281460E-4
1.437475E+0	1.521200E-4
1.436860E+0	4.771600E-5
1.436211E+0	6.588000E-5
1.435848E+0	1.104200E-4
1.434920E+0	5.315100E-5
1.434496E+0	-1.007000E-6
1.434134E+0	6.612600E-5
1.433399E+0	7.011500E-5
1.432851E+0	3.417300E-5
1.432398E+0	9.238500E-5
1.431746E+0	4.195800E-5
1.431134E+0	1.010090E-4
1.430722E+0	1.212130E-4
1.430085E+0	9.779400E-5
1.429481E+0	1.685550E-4
1.429175E+0	1.394680E-4
1.428504E+0	1.305340E-4
1.427947E+0	1.311150E-4
1.427072E+0	1.629520E-4
1.426859E+0	1.999780E-4
1.426289E+0	2.066400E-4
1.425912E+0	1.802770E-4
1.425243E+0	1.999270E-4
1.424703E+0	2.668140E-4
1.424291E+0	1.941300E-4
1.423631E+0	2.884770E-4
1.423139E+0	3.725610E-4
1.422641E+0	4.627130E-4
1.421945E+0	6.475600E-4
1.421448E+0	8.462470E-4
1.421177E+0	1.407103E-3
1.420867E+0	2.167602E-3
1.420517E+0	2.985176E-3
1.420283E+0	3.801097E-3
1.419851E+0	4.785021E-3
1.419301E+0	5.353584E-3
1.419236E+0	7.116737E-3
1.418912E+0	8.099459E-3
1.418584E+0	8.986427E-3
1.418521E+0	9.982251E-3
1.418401E+0	1.119463E-2
1.418143E+0	1.233411E-2
1.417778E+0	1.283047E-2
1.417704E+0	1.405655E-2
1.417657E+0	1.614232E-2
1.417581E+0	1.790860E-2
1.417419E+0	1.973432E-2
1.417218E+0	2.149723E-2
1.417246E+0	2.331897E-2
1.417021E+0	2.535161E-2
1.416966E+0	2.751768E-2
1.416930E+0	2.983217E-2
1.416695E+0	3.235557E-2
1.416665E+0	3.509854E-2
1.416471E+0	3.845878E-2
1.416256E+0	4.228783E-2
1.416379E+0	4.685989E-2
1.416118E+0	5.207214E-2
1.415908E+0	5.487688E-2
1.415976E+0	6.390343E-2
1.415793E+0	7.113331E-2
1.415627E+0	7.969453E-2
1.415636E+0	8.939385E-2
1.415389E+0	9.464536E-2
1.415222E+0	1.125225E-1
1.415232E+0	1.273745E-1
1.415073E+0	1.429962E-1
1.414880E+0	1.611401E-1
1.414789E+0	1.815705E-1
1.414696E+0	2.037005E-1
1.414494E+0	2.281223E-1
1.414344E+0	2.549030E-1
1.414381E+0	2.845247E-1
1.414232E+0	3.150390E-1
1.414027E+0	3.439789E-1
1.413865E+0	3.581450E-1
1.413870E+0	3.975855E-1
1.413624E+0	4.203166E-1
1.413487E+0	4.409866E-1
1.413474E+0	4.597555E-1
1.413329E+0	4.766810E-1
1.413161E+0	4.918721E-1
1.413009E+0	5.050046E-1
1.413005E+0	5.166154E-1
1.412757E+0	5.264959E-1
1.412556E+0	5.352063E-1
1.412553E+0	5.429255E-1
1.412472E+0	5.496261E-1
1.412222E+0	5.552719E-1
1.412223E+0	5.599238E-1
1.412019E+0	5.638980E-1
1.411844E+0	5.673402E-1
1.411548E+0	5.688826E-1
1.411516E+0	5.727437E-1
1.411307E+0	5.747730E-1
1.411290E+0	5.764750E-1
1.411110E+0	5.778979E-1
1.410966E+0	5.791375E-1
1.411071E+0	5.801554E-1
1.410783E+0	5.810650E-1
1.410591E+0	5.817788E-1
1.410377E+0	5.821670E-1
1.410367E+0	5.830386E-1
1.410112E+0	5.835329E-1
1.410013E+0	5.837729E-1
1.409981E+0	5.844822E-1
1.409776E+0	5.848121E-1
1.409720E+0	5.852367E-1
1.409601E+0	5.855307E-1
1.409413E+0	5.857993E-1
1.409275E+0	5.860718E-1
1.409178E+0	5.862191E-1
1.409020E+0	5.864623E-1
1.408801E+0	5.866187E-1
1.408738E+0	5.868653E-1
1.408694E+0	5.871377E-1
1.408528E+0	5.872989E-1
1.408329E+0	5.874391E-1
1.408308E+0	5.875374E-1
1.408021E+0	5.876769E-1
1.407331E+0	5.878260E-1
1.406661E+0	5.881106E-1
1.405920E+0	5.882608E-1
1.405184E+0	5.887837E-1
1.404286E+0	5.890623E-1
1.403388E+0	5.894020E-1
1.402232E+0	5.897691E-1
1.400962E+0	5.901234E-1
1.399719E+0	5.903881E-1
1.398308E+0	5.904975E-1
1.396877E+0	5.907225E-1
1.395549E+0	5.908532E-1
1.393921E+0	5.910325E-1
1.392323E+0	5.912311E-1
1.390757E+0	5.913875E-1
1.389002E+0	5.914402E-1
1.387489E+0	5.915196E-1
1.385839E+0	5.915661E-1
1.384177E+0	5.916877E-1
1.382622E+0	5.917310E-1
1.380963E+0	5.918278E-1
1.379285E+0	5.918280E-1
1.377715E+0	5.918784E-1
1.375989E+0	5.919364E-1
1.374530E+0	5.920009E-1
1.372801E+0	5.920174E-1
1.371298E+0	5.920499E-1
1.369618E+0	5.920795E-1
1.368040E+0	5.921778E-1
1.366526E+0	5.922285E-1
1.364933E+0	5.922400E-1
1.363488E+0	5.922561E-1
1.361841E+0	5.923421E-1
1.360379E+0	5.923857E-1
1.358821E+0	5.924213E-1
1.357285E+0	5.923537E-1
1.355055E+0	5.924167E-1
1.354304E+0	5.924629E-1
1.352893E+0	5.925222E-1
1.351315E+0	5.924957E-1
1.349820E+0	5.924894E-1
1.348482E+0	5.924884E-1
1.346893E+0	5.925716E-1
1.345594E+0	5.925534E-1
1.344054E+0	5.925849E-1
1.342601E+0	5.925359E-1
1.341176E+0	5.926059E-1
1.339654E+0	5.925583E-1
1.338369E+0	5.925650E-1
1.336936E+0	5.924874E-1
1.335517E+0	5.925751E-1
1.334225E+0	5.926165E-1
1.332739E+0	5.925515E-1
1.331307E+0	5.926500E-1
1.329975E+0	5.926419E-1
1.328517E+0	5.925504E-1
1.327233E+0	5.926154E-1
1.326269E+0	5.927413E-1
1.325206E+0	5.927439E-1
1.324309E+0	5.927260E-1
1.323368E+0	5.926803E-1
1.322489E+0	5.927465E-1
1.321920E+0	5.927930E-1
1.321268E+0	5.927798E-1
1.320564E+0	5.927582E-1
1.320247E+0	5.927478E-1
1.319637E+0	5.927524E-1
1.319149E+0	5.927170E-1
1.318828E+0	5.927328E-1
1.318371E+0	5.926941E-1
1.317961E+0	5.927449E-1
1.317732E+0	5.926693E-1
1.317270E+0	5.927016E-1
1.317310E+0	5.926655E-1
1.317033E+0	5.926935E-1
1.316896E+0	5.926930E-1
1.316891E+0	5.927487E-1
1.316653E+0	5.927038E-1
1.316516E+0	5.927860E-1
1.316643E+0	5.928541E-1
1.316533E+0	5.928134E-1
1.316617E+0	5.927714E-1
1.316733E+0	5.927567E-1
1.316685E+0	5.927120E-1
1.316734E+0	5.927906E-1
1.316880E+0	5.928016E-1
1.316798E+0	5.927852E-1
1.316858E+0	5.927418E-1
1.317052E+0	5.927889E-1
1.317054E+0	5.927759E-1
1.317163E+0	5.928034E-1
1.317527E+0	5.927608E-1
1.317813E+0	5.927674E-1
1.317997E+0	5.927087E-1
1.318319E+0	5.926963E-1
1.318513E+0	5.927736E-1
1.318743E+0	5.928050E-1
1.319153E+0	5.928306E-1
1.319569E+0	5.927307E-1
1.319907E+0	5.927581E-1
1.320254E+0	5.928508E-1
1.320750E+0	5.927679E-1
1.321141E+0	5.927625E-1
1.321430E+0	5.927261E-1
1.321909E+0	5.927511E-1
1.322412E+0	5.926541E-1
1.322809E+0	5.926561E-1
1.323188E+0	5.926377E-1
1.323692E+0	5.926944E-1
1.324185E+0	5.927715E-1
1.324476E+0	5.927144E-1
1.324901E+0	5.927403E-1
1.325476E+0	5.927221E-1
1.325735E+0	5.928023E-1
1.326204E+0	5.927323E-1
1.326723E+0	5.927901E-1
1.327037E+0	5.926927E-1
1.327412E+0	5.926790E-1
1.327944E+0	5.926441E-1
1.328163E+0	5.926193E-1
1.328614E+0	5.926766E-1
1.329091E+0	5.926989E-1
1.329347E+0	5.926295E-1
1.329954E+0	5.926218E-1
1.330214E+0	5.926605E-1
1.330567E+0	5.926926E-1
1.331087E+0	5.926678E-1
1.331320E+0	5.925971E-1
1.331879E+0	5.926071E-1
1.332121E+0	5.926074E-1
1.332529E+0	5.926051E-1
1.332863E+0	5.926101E-1
1.333412E+0	5.927022E-1
1.333699E+0	5.927469E-1
1.333900E+0	5.927722E-1
1.334441E+0	5.926567E-1
1.334611E+0	5.926459E-1
1.335137E+0	5.925749E-1
1.335398E+0	5.926501E-1
1.335825E+0	5.927288E-1
1.336217E+0	5.926384E-1
1.336459E+0	5.925966E-1
1.337001E+0	5.926250E-1
1.337488E+0	5.926211E-1
1.337594E+0	5.926104E-1
1.337889E+0	5.926341E-1
1.338238E+0	5.926170E-1
1.338674E+0	5.926172E-1
1.338848E+0	5.925677E-1
1.339382E+0	5.926171E-1
1.339570E+0	5.926058E-1
1.340005E+0	5.926206E-1
1.340520E+0	5.925668E-1
1.340537E+0	5.926416E-1
1.340956E+0	5.926496E-1
1.341147E+0	5.926882E-1
1.341655E+0	5.926499E-1
1.341772E+0	5.926552E-1
1.342312E+0	5.926442E-1
1.342367E+0	5.925561E-1
1.342883E+0	5.925484E-1
1.343118E+0	5.925373E-1
1.343517E+0	5.925619E-1
1.343998E+0	5.925209E-1
1.344064E+0	5.925384E-1
1.344551E+0	5.925902E-1
1.344677E+0	5.925887E-1
1.345146E+0	5.925201E-1
1.345350E+0	5.925001E-1
1.345688E+0	5.924870E-1
1.346084E+0	5.924460E-1
1.346206E+0	5.924794E-1
1.346677E+0	5.924580E-1
1.346963E+0	5.924307E-1
1.347168E+0	5.925272E-1
1.347658E+0	5.925664E-1
1.347817E+0	5.925335E-1
1.348175E+0	5.924591E-1
1.348407E+0	5.924880E-1
1.348597E+0	5.925468E-1
1.349057E+0	5.924768E-1
1.349278E+0	5.925775E-1
1.349627E+0	5.925307E-1
1.350048E+0	5.925057E-1
1.350240E+0	5.925027E-1
1.350460E+0	5.924970E-1
1.350896E+0	5.924920E-1
1.351072E+0	5.924698E-1
1.351224E+0	5.924636E-1
1.351651E+0	5.924609E-1
1.351992E+0	5.925393E-1
1.352171E+0	5.925424E-1
1.352500E+0	5.925197E-1
1.352934E+0	5.925685E-1
1.353089E+0	5.924728E-1
1.353343E+0	5.923942E-1
1.353619E+0	5.924242E-1
1.353921E+0	5.924199E-1
1.354181E+0	5.924320E-1
1.354448E+0	5.924109E-1
1.354717E+0	5.924810E-1
1.355144E+0	5.924445E-1
1.355325E+0	5.924493E-1
1.355490E+0	5.924556E-1
1.355720E+0	5.924689E-1
1.356089E+0	5.923954E-1
1.356353E+0	5.924331E-1
1.356817E+0	5.924194E-1
1.356876E+0	5.923526E-1
1.357291E+0	5.924159E-1
1.357624E+0	5.923997E-1
1.357661E+0	5.924291E-1
1.358004E+0	5.924520E-1
1.358272E+0	5.924198E-1
1.358430E+0	5.924314E-1
1.358638E+0	5.924305E-1
1.359007E+0	5.924438E-1
1.359211E+0	5.924990E-1
1.359368E+0	5.924362E-1
1.359636E+0	5.924084E-1
1.360030E+0	5.925077E-1
1.360238E+0	5.924375E-1
1.360406E+0	5.923711E-1
1.360749E+0	5.923935E-1
1.361084E+0	5.923910E-1
1.361374E+0	5.923393E-1
1.361451E+0	5.922945E-1
1.361762E+0	5.922716E-1
1.362033E+0	5.922355E-1
1.362172E+0	5.922894E-1
1.362406E+0	5.923496E-1
1.362818E+0	5.923567E-1
1.363016E+0	5.923980E-1
1.363178E+0	5.923590E-1
1.363616E+0	5.923140E-1
1.363788E+0	5.923334E-1
1.363939E+0	5.923681E-1
1.364171E+0	5.923692E-1
1.364523E+0	5.922592E-1
1.364775E+0	5.922681E-1
1.364930E+0	5.922582E-1
1.365164E+0	5.922580E-1
1.365404E+0	5.921855E-1
1.365674E+0	5.922700E-1
1.365855E+0	5.922085E-1
1.366065E+0	5.922471E-1
1.366252E+0	5.922797E-1
1.366524E+0	5.923113E-1
1.366867E+0	5.922555E-1
1.366970E+0	5.922591E-1
1.367395E+0	5.923385E-1
1.367345E+0	5.922023E-1
1.367723E+0	5.921932E-1
1.367891E+0	5.922233E-1
1.368045E+0	5.921812E-1
1.368246E+0	5.921831E-1
1.368556E+0	5.922115E-1
1.368822E+0	5.921867E-1
1.368919E+0	5.921819E-1
1.369223E+0	5.921596E-1
1.369485E+0	5.922126E-1
1.369600E+0	5.921592E-1
1.369854E+0	5.921421E-1
1.370160E+0	5.922150E-1
1.370230E+0	5.921443E-1
1.370588E+0	5.921919E-1
1.370736E+0	5.921858E-1
1.370910E+0	5.921630E-1
1.371251E+0	5.922072E-1
1.371232E+0	5.921848E-1
1.371580E+0	5.921485E-1
1.371751E+0	5.920362E-1
1.371876E+0	5.920334E-1
1.372295E+0	5.921466E-1
1.372375E+0	5.920724E-1
1.372604E+0	5.920468E-1
1.372817E+0	5.921026E-1
1.372900E+0	5.921204E-1
1.373201E+0	5.920758E-1
1.373377E+0	5.920372E-1
1.373529E+0	5.920386E-1
1.373931E+0	5.920791E-1
1.374086E+0	5.921288E-1
1.374159E+0	5.920546E-1
1.374482E+0	5.921333E-1
1.374573E+0	5.920162E-1
1.374675E+0	5.920822E-1
1.374977E+0	5.920371E-1
1.375139E+0	5.920172E-1
1.375259E+0	5.920579E-1
1.375605E+0	5.920279E-1
1.375778E+0	5.920745E-1
1.375925E+0	5.920807E-1
1.376116E+0	5.920281E-1
1.376362E+0	5.920243E-1
1.376440E+0	5.920161E-1
1.376576E+0	5.920690E-1
1.376934E+0	5.919571E-1
1.377228E+0	5.920139E-1
1.377365E+0	5.920478E-1
1.377533E+0	5.919802E-1
1.377690E+0	5.919455E-1
1.377831E+0	5.920135E-1
1.378045E+0	5.919909E-1
1.378305E+0	5.919860E-1
1.378595E+0	5.919373E-1
1.378470E+0	5.919619E-1
1.378758E+0	5.919796E-1
1.378973E+0	5.919322E-1
1.379278E+0	5.919255E-1
1.379247E+0	5.919849E-1
1.379619E+0	5.919420E-1
1.379648E+0	5.919830E-1
1.379934E+0	5.919752E-1
1.380059E+0	5.919242E-1
1.380221E+0	5.919125E-1
1.380306E+0	5.919159E-1
1.380481E+0	5.918770E-1
1.380805E+0	5.918635E-1
1.380880E+0	5.918605E-1
1.380958E+0	5.918626E-1
1.381133E+0	5.918265E-1
1.381380E+0	5.918711E-1
1.381529E+0	5.918494E-1
1.381675E+0	5.918547E-1
1.381939E+0	5.918240E-1
1.382162E+0	5.918022E-1
1.382236E+0	5.917425E-1
1.382399E+0	5.918759E-1
1.382626E+0	5.918357E-1
1.382814E+0	5.917442E-1
1.382881E+0	5.917060E-1
1.383155E+0	5.917171E-1
1.383359E+0	5.917820E-1
1.383414E+0	5.916934E-1
1.383466E+0	5.916605E-1
1.383676E+0	5.918064E-1
1.383940E+0	5.917746E-1
1.383987E+0	5.917426E-1
1.384179E+0	5.917652E-1
1.384469E+0	5.916602E-1
1.384527E+0	5.917584E-1
1.384610E+0	5.916815E-1
1.384807E+0	5.916685E-1
1.384951E+0	5.916690E-1
1.384951E+0	5.916584E-1
1.385159E+0	5.916527E-1
1.385425E+0	5.916437E-1
1.385489E+0	5.915917E-1
1.385683E+0	5.916378E-1
1.386051E+0	5.916819E-1
1.386094E+0	5.916655E-1
1.386187E+0	5.916802E-1
1.386362E+0	5.916637E-1
1.386605E+0	5.916157E-1
1.386626E+0	5.916020E-1
1.386662E+0	5.915939E-1
1.386862E+0	5.915382E-1
1.387050E+0	5.916107E-1
1.387138E+0	5.915955E-1
1.387223E+0	5.915426E-1
1.387502E+0	5.915347E-1
1.387727E+0	5.916404E-1
1.387963E+0	5.915811E-1
1.387882E+0	5.914870E-1
1.388154E+0	5.914798E-1
1.388171E+0	5.915123E-1
1.388383E+0	5.915521E-1
1.388491E+0	5.914755E-1
1.388680E+0	5.914727E-1
1.388802E+0	5.915243E-1
1.389034E+0	5.915007E-1
1.389152E+0	5.914525E-1
1.389230E+0	5.914941E-1
1.389392E+0	5.914556E-1
1.389532E+0	5.913340E-1
1.389618E+0	5.913972E-1
1.389788E+0	5.914464E-1
1.389985E+0	5.913934E-1
1.390061E+0	5.913949E-1
1.390197E+0	5.913496E-1
1.390327E+0	5.914288E-1
1.390408E+0	5.913407E-1
1.390555E+0	5.913401E-1
1.390781E+0	5.913031E-1
1.390872E+0	5.913334E-1
1.390980E+0	5.912584E-1
1.391076E+0	5.913385E-1
1.391184E+0	5.913031E-1
1.391468E+0	5.913519E-1
1.391469E+0	5.913057E-1
1.391490E+0	5.912601E-1
1.391615E+0	5.912619E-1
1.391886E+0	5.912686E-1
1.392032E+0	5.911968E-1
1.392087E+0	5.911397E-1
1.392202E+0	5.911407E-1
1.392394E+0	5.912116E-1
1.392566E+0	5.911925E-1
1.392566E+0	5.912014E-1
1.392696E+0	5.912421E-1
1.392964E+0	5.911942E-1
1.393040E+0	5.911738E-1
1.393077E+0	5.911928E-1
1.393158E+0	5.911355E-1
1.393300E+0	5.911169E-1
1.393439E+0	5.910746E-1
1.393475E+0	5.911188E-1
1.393641E+0	5.911209E-1
1.393863E+0	5.910807E-1
1.394030E+0	5.910238E-1
1.394036E+0	5.909667E-1
1.394196E+0	5.910203E-1
1.394397E+0	5.910018E-1
1.394327E+0	5.910726E-1
1.394460E+0	5.909777E-1
1.394673E+0	5.910126E-1
1.394805E+0	5.908928E-1
1.394864E+0	5.909390E-1
1.394992E+0	5.909061E-1
1.395125E+0	5.909702E-1
1.395206E+0	5.909549E-1
1.395318E+0	5.909490E-1
1.395620E+0	5.909193E-1
1.395505E+0	5.908274E-1
1.395638E+0	5.908328E-1
1.395872E+0	5.908456E-1
1.395837E+0	5.908618E-1
1.395867E+0	5.908249E-1
1.395930E+0	5.908371E-1
1.396068E+0	5.908126E-1
1.396321E+0	5.908006E-1
1.396480E+0	5.907572E-1
1.396542E+0	5.906965E-1
1.396571E+0	5.907472E-1
1.396597E+0	5.907100E-1
1.396716E+0	5.906899E-1
1.396869E+0	5.906103E-1
1.397056E+0	5.906316E-1
1.397246E+0	5.906213E-1
1.397246E+0	5.905661E-1
1.397305E+0	5.906014E-1
1.397590E+0	5.905948E-1
1.397450E+0	5.905742E-1
1.397626E+0	5.905310E-1
1.397754E+0	5.905911E-1
1.397863E+0	5.905285E-1
1.397880E+0	5.905007E-1
1.397958E+0	5.904689E-1
1.398174E+0	5.904689E-1
1.398312E+0	5.904170E-1
1.398355E+0	5.904490E-1
1.398397E+0	5.903852E-1
1.398492E+0	5.903226E-1
1.398632E+0	5.903882E-1
1.398742E+0	5.903429E-1
1.398760E+0	5.903384E-1
1.398944E+0	5.903423E-1
1.399067E+0	5.902603E-1
1.399111E+0	5.902180E-1
1.399165E+0	5.902381E-1
1.399391E+0	5.901585E-1
1.399431E+0	5.902232E-1
1.399425E+0	5.901183E-1
1.399610E+0	5.901625E-1
1.399757E+0	5.901492E-1
1.399750E+0	5.900925E-1
1.399894E+0	5.901281E-1
1.400081E+0	5.900549E-1
1.400041E+0	5.900238E-1
1.400086E+0	5.899524E-1
1.400308E+0	5.898648E-1
1.400253E+0	5.898422E-1
1.400276E+0	5.898546E-1
1.400512E+0	5.898469E-1
1.400542E+0	5.898529E-1
1.400680E+0	5.898609E-1
1.400897E+0	5.897607E-1
1.400863E+0	5.897498E-1
1.400894E+0	5.897272E-1
1.401096E+0	5.897477E-1
1.401016E+0	5.897197E-1
1.401034E+0	5.897311E-1
1.401267E+0	5.896559E-1
1.401273E+0	5.896521E-1
1.401353E+0	5.896461E-1
1.401640E+0	5.895996E-1
1.401602E+0	5.895839E-1
1.401605E+0	5.895862E-1
1.401732E+0	5.895360E-1
1.401780E+0	5.893855E-1
1.401730E+0	5.893378E-1
1.401929E+0	5.893451E-1
1.402078E+0	5.893889E-1
1.402104E+0	5.893811E-1
1.402207E+0	5.892545E-1
1.402481E+0	5.892200E-1
1.402411E+0	5.891067E-1
1.402434E+0	5.890662E-1
1.402617E+0	5.891340E-1
1.402709E+0	5.890756E-1
1.402696E+0	5.890386E-1
1.402794E+0	5.890079E-1
1.402979E+0	5.890106E-1
1.402921E+0	5.889015E-1
1.402880E+0	5.889313E-1
1.403078E+0	5.887890E-1
1.403081E+0	5.887324E-1
1.403180E+0	5.886275E-1
1.403358E+0	5.886307E-1
1.403351E+0	5.886013E-1
1.403427E+0	5.886410E-1
1.403605E+0	5.885769E-1
1.403571E+0	5.884625E-1
1.403717E+0	5.883414E-1
1.403778E+0	5.883027E-1
1.403738E+0	5.881713E-1
1.403956E+0	5.881727E-1
1.403922E+0	5.880585E-1
1.403938E+0	5.880271E-1
1.404157E+0	5.879282E-1
1.404123E+0	5.877881E-1
1.404141E+0	5.877023E-1
1.404336E+0	5.874929E-1
1.404293E+0	5.874773E-1
1.404475E+0	5.874307E-1
1.404467E+0	5.872977E-1
1.404422E+0	5.871822E-1
1.404655E+0	5.870705E-1
1.404624E+0	5.869174E-1
1.404668E+0	5.868726E-1
1.404904E+0	5.868100E-1
1.404859E+0	5.866813E-1
1.404930E+0	5.865474E-1
1.405090E+0	5.864387E-1
1.404988E+0	5.861833E-1
1.405108E+0	5.861429E-1
1.405262E+0	5.858955E-1
1.405194E+0	5.858510E-1
1.405398E+0	5.855784E-1
1.405486E+0	5.853506E-1
1.405496E+0	5.851718E-1
1.405536E+0	5.851309E-1
1.405645E+0	5.849435E-1
1.405548E+0	5.848215E-1
1.405608E+0	5.845855E-1
1.405776E+0	5.842780E-1
1.405809E+0	5.839981E-1
1.405790E+0	5.837190E-1
1.405944E+0	5.834777E-1
1.406145E+0	5.832451E-1
1.406059E+0	5.829086E-1
1.406085E+0	5.825978E-1
1.406179E+0	5.822516E-1
1.406234E+0	5.818661E-1
1.406367E+0	5.814594E-1
1.406353E+0	5.810116E-1
1.406362E+0	5.805792E-1
1.406476E+0	5.800765E-1
1.406674E+0	5.794580E-1
1.406591E+0	5.788287E-1
1.406546E+0	5.781768E-1
1.406702E+0	5.774449E-1
1.406818E+0	5.771273E-1
1.406813E+0	5.759742E-1
1.406830E+0	5.750053E-1
1.406969E+0	5.739001E-1
1.407092E+0	5.727424E-1
1.407193E+0	5.721629E-1
1.407083E+0	5.703122E-1
1.407208E+0	5.690150E-1
1.407258E+0	5.675927E-1
1.407194E+0	5.660529E-1
1.407261E+0	5.643119E-1
1.407352E+0	5.624418E-1
1.407315E+0	5.601741E-1
1.407491E+0	5.578204E-1
1.407538E+0	5.555216E-1
1.407545E+0	5.530386E-1
1.407685E+0	5.501792E-1
1.407573E+0	5.470265E-1
1.407651E+0	5.434972E-1
1.407719E+0	5.400329E-1
1.407769E+0	5.363314E-1
1.407889E+0	5.325345E-1
1.407805E+0	5.284450E-1
1.408035E+0	5.241649E-1
1.407899E+0	5.197219E-1
1.408157E+0	5.149590E-1
1.408043E+0	5.096963E-1
1.408128E+0	5.041572E-1
1.408140E+0	4.983509E-1
1.408074E+0	4.923663E-1
1.408317E+0	4.858975E-1
1.408204E+0	4.792535E-1
1.408436E+0	4.722651E-1
1.408347E+0	4.647370E-1
1.408430E+0	4.566031E-1
1.408538E+0	4.477526E-1
1.408443E+0	4.387173E-1
1.408513E+0	4.340762E-1
1.408571E+0	4.188536E-1
1.408708E+0	4.082667E-1
1.408674E+0	3.978933E-1
1.408643E+0	3.873036E-1
1.408856E+0	3.764826E-1
1.408767E+0	3.652478E-1
1.408997E+0	3.532521E-1
1.408997E+0	3.469696E-1
1.408916E+0	3.267311E-1
1.409135E+0	3.141118E-1
1.408997E+0	3.015928E-1
1.409010E+0	2.892497E-1
1.409230E+0	2.763357E-1
1.409109E+0	2.635886E-1
1.409198E+0	2.507918E-1
1.409249E+0	2.440976E-1
1.409280E+0	2.255140E-1
1.409298E+0	2.147138E-1
1.409366E+0	2.093879E-1
1.409382E+0	1.943902E-1
1.409377E+0	1.859200E-1
1.409466E+0	1.780851E-1
1.409591E+0	1.700801E-1
1.409539E+0	1.616958E-1
1.409586E+0	1.538364E-1
1.409767E+0	1.464295E-1
1.409718E+0	1.392194E-1
1.409709E+0	1.319169E-1
1.409742E+0	1.249499E-1
1.409848E+0	1.188467E-1
1.409995E+0	1.159957E-1
1.409791E+0	1.073292E-1
1.409968E+0	1.025146E-1
1.409960E+0	9.805956E-2
1.409916E+0	9.430086E-2
1.409953E+0	9.098847E-2
1.410175E+0	8.782954E-2
1.410066E+0	8.477114E-2
1.410040E+0	8.167740E-2
1.410185E+0	7.908198E-2
1.410221E+0	7.630904E-2
1.410184E+0	7.354781E-2
1.410188E+0	7.077214E-2
1.410244E+0	6.827847E-2
1.410347E+0	6.598395E-2
1.410249E+0	6.371453E-2
1.410190E+0	6.130282E-2
1.410312E+0	5.894075E-2
1.410382E+0	5.681030E-2
1.410333E+0	5.487396E-2
1.410317E+0	5.306693E-2
1.410527E+0	5.154050E-2
1.410482E+0	4.994975E-2
1.410453E+0	4.838348E-2
1.410568E+0	4.676788E-2
1.410667E+0	4.518313E-2
1.410568E+0	4.363557E-2
1.410550E+0	4.223866E-2
1.410731E+0	4.095628E-2
1.410666E+0	3.961086E-2
1.410631E+0	3.834864E-2
1.410777E+0	3.719045E-2
1.410750E+0	3.600964E-2
1.410688E+0	3.485975E-2
1.410768E+0	3.403843E-2
1.410836E+0	3.313211E-2
1.410800E+0	3.210658E-2
1.410832E+0	3.165090E-2
1.410909E+0	3.074347E-2
1.410923E+0	3.008860E-2
1.410828E+0	2.940685E-2
1.410854E+0	2.880599E-2
1.410981E+0	2.819929E-2
1.410959E+0	2.760136E-2
1.410922E+0	2.697643E-2
1.411098E+0	2.644637E-2
1.411105E+0	2.587760E-2
1.411060E+0	2.534448E-2
1.411066E+0	2.478328E-2
1.411212E+0	2.426999E-2
1.411086E+0	2.377322E-2
1.411032E+0	2.324581E-2
1.411222E+0	2.273561E-2
1.411147E+0	2.227882E-2
1.411254E+0	2.186253E-2
1.411326E+0	2.138357E-2
1.411341E+0	2.125997E-2
1.411302E+0	2.071031E-2
1.411340E+0	2.031722E-2
1.411217E+0	2.007603E-2
1.411326E+0	1.971167E-2
1.411369E+0	1.937203E-2
1.411291E+0	1.893677E-2
1.411443E+0	1.861110E-2
1.411360E+0	1.819746E-2
1.411337E+0	1.776486E-2
1.411448E+0	1.734997E-2
1.411391E+0	1.702741E-2
1.411576E+0	1.670588E-2
1.411435E+0	1.641777E-2
1.411485E+0	1.616923E-2
1.411467E+0	1.597230E-2
1.411378E+0	1.573976E-2
1.411575E+0	1.560209E-2
1.411443E+0	1.534762E-2
1.411595E+0	1.518652E-2
1.411534E+0	1.501204E-2
1.411519E+0	1.471968E-2
1.411644E+0	1.454107E-2
1.411536E+0	1.433336E-2
1.411785E+0	1.407178E-2
1.411699E+0	1.397755E-2
1.411681E+0	1.376008E-2
1.411642E+0	1.355581E-2
1.411540E+0	1.343481E-2
1.411734E+0	1.319527E-2
1.411698E+0	1.309926E-2
1.411696E+0	1.300363E-2
1.411899E+0	1.293837E-2
1.411810E+0	1.278299E-2
1.411770E+0	1.250667E-2
1.411834E+0	1.229566E-2
1.411823E+0	1.219646E-2
1.411703E+0	1.205635E-2
1.411704E+0	1.189171E-2
1.411836E+0	1.184888E-2
1.411845E+0	1.170775E-2
1.411774E+0	1.157210E-2
1.411817E+0	1.149924E-2
1.411870E+0	1.137180E-2
1.411982E+0	1.125705E-2
1.411870E+0	1.123966E-2
1.411861E+0	1.114587E-2
1.411886E+0	1.088975E-2
1.411882E+0	1.082866E-2
1.411975E+0	1.079363E-2
1.412011E+0	1.076697E-2
1.411878E+0	1.070811E-2
1.411881E+0	1.046075E-2
1.411909E+0	1.039890E-2
1.411980E+0	1.027135E-2
1.412121E+0	1.025087E-2
1.412013E+0	1.014804E-2
1.411946E+0	1.002877E-2
1.411896E+0	9.928997E-3
1.411912E+0	9.904029E-3
1.412014E+0	9.769350E-3
1.412019E+0	9.780750E-3
1.411980E+0	9.603003E-3
1.411985E+0	9.636828E-3
1.412017E+0	9.514685E-3
1.412124E+0	9.456086E-3
1.411980E+0	9.492828E-3
1.411921E+0	9.377708E-3
1.411982E+0	9.335698E-3
1.412116E+0	9.236097E-3
1.412111E+0	9.248490E-3
1.411932E+0	9.100940E-3
1.411915E+0	8.968908E-3
1.411996E+0	8.971619E-3
1.411996E+0	8.855389E-3
1.411972E+0	8.814826E-3
1.411990E+0	8.784151E-3
1.412184E+0	8.774417E-3
1.412040E+0	8.657399E-3
1.412011E+0	8.692954E-3
1.412040E+0	8.661311E-3
1.412108E+0	8.596580E-3
1.411996E+0	8.573471E-3
1.411945E+0	8.535980E-3
1.412100E+0	8.519790E-3
1.412077E+0	8.595908E-3
1.411998E+0	8.490523E-3
1.412127E+0	8.431188E-3
1.412092E+0	8.316091E-3
1.412061E+0	8.311831E-3
1.412087E+0	8.268194E-3
1.412009E+0	8.301954E-3
1.411925E+0	8.201733E-3
1.412108E+0	8.147291E-3
1.412035E+0	8.148737E-3
1.412024E+0	8.081449E-3
1.412201E+0	8.072386E-3
1.412090E+0	8.020642E-3
1.412063E+0	7.970641E-3
1.412173E+0	8.049135E-3
1.411990E+0	7.953083E-3
1.412014E+0	8.019235E-3
1.412121E+0	8.004711E-3
1.412074E+0	7.809587E-3
1.412144E+0	7.797193E-3
1.412152E+0	7.782786E-3
1.412074E+0	7.817062E-3
1.412063E+0	7.732126E-3
1.412058E+0	7.786762E-3
1.411922E+0	7.737019E-3
1.412048E+0	7.644699E-3
1.412009E+0	7.596195E-3
1.411956E+0	7.617355E-3
1.412118E+0	7.599668E-3
1.412057E+0	7.571395E-3
1.411990E+0	7.579890E-3
1.412100E+0	7.628664E-3
1.412090E+0	7.551397E-3
1.411956E+0	7.501590E-3
1.412079E+0	7.446464E-3
1.412084E+0	7.491727E-3
1.411984E+0	7.462459E-3
1.412113E+0	7.372398E-3
1.412129E+0	7.232128E-3
1.412019E+0	7.275455E-3
1.412035E+0	7.276358E-3
1.412154E+0	7.299042E-3
1.411988E+0	7.203352E-3
1.411958E+0	7.150885E-3
1.412066E+0	7.091808E-3
1.412011E+0	7.100910E-3
1.411972E+0	7.070429E-3
1.412129E+0	7.080111E-3
1.412082E+0	7.133947E-3
1.412134E+0	7.134773E-3
1.412896E+0	6.899924E-3
1.413486E+0	6.731615E-3
1.413617E+0	5.652777E-3
1.414536E+0	4.649103E-3
1.415177E+0	3.481094E-3
1.415868E+0	2.341851E-3
1.416905E+0	1.302246E-3
1.417770E+0	7.519900E-4
1.419289E+0	5.802340E-4
1.419847E+0	3.317000E-4
1.421101E+0	2.224680E-4
1.422024E+0	2.229070E-4
1.423259E+0	1.224270E-4
1.424935E+0	5.401600E-5
1.425524E+0	1.541600E-4
1.426691E+0	4.812900E-5
1.428017E+0	1.337880E-4
1.429735E+0	9.634800E-5
1.430614E+0	8.176000E-5
1.432001E+0	6.092300E-5
1.433365E+0	6.759800E-5
1.434766E+0	9.925300E-5
1.436318E+0	1.138800E-4
1.437855E+0	7.064400E-5
1.439309E+0	1.555160E-4
