1.082380E-1	-1.253190E-4
1.086339E-1	1.298120E-4
1.086843E-1	-1.334650E-4
1.087826E-1	-1.660200E-5
1.087614E-1	1.784180E-4
1.087629E-1	-1.015510E-4
1.088590E-1	-1.554400E-5
1.089914E-1	2.301620E-4
1.089491E-1	6.699100E-5
1.088118E-1	5.643000E-5
1.088398E-1	3.545380E-4
1.088936E-1	3.291310E-4
1.087157E-1	4.503320E-4
1.084583E-1	8.804700E-5
1.084722E-1	-2.150700E-4
1.082792E-1	-8.412300E-5
1.082938E-1	7.578000E-6
1.080812E-1	8.970000E-5
1.079919E-1	1.751900E-5
1.078932E-1	-4.635000E-6
1.078149E-1	3.978900E-5
1.076315E-1	6.420200E-5
1.075719E-1	8.779000E-6
1.073191E-1	2.395350E-4
1.073212E-1	1.003760E-4
1.072808E-1	2.130040E-4
1.069998E-1	1.288300E-4
1.069763E-1	1.179600E-4
1.069126E-1	-9.629700E-5
1.067630E-1	1.988420E-4
1.066126E-1	2.397800E-4
1.065862E-1	2.634830E-4
1.063499E-1	-3.669450E-4
1.063937E-1	-2.972040E-4
1.061454E-1	-1.036680E-4
1.061226E-1	1.557350E-4
1.060475E-1	2.128880E-4
1.060176E-1	5.195000E-5
1.059446E-1	-1.572970E-4
1.056605E-1	-9.550900E-5
1.057583E-1	1.380090E-4
1.056638E-1	1.337360E-4
1.055297E-1	2.517610E-4
1.056152E-1	6.652600E-5
1.054560E-1	1.163720E-4
1.052756E-1	5.067200E-5
1.053263E-1	2.185560E-4
1.052950E-1	7.255500E-5
1.051176E-1	2.733980E-4
1.049998E-1	2.801500E-5
1.049740E-1	1.152360E-4
1.049676E-1	-2.702100E-5
1.048644E-1	1.225040E-4
1.046672E-1	4.957500E-5
1.047830E-1	2.271410E-4
1.045684E-1	1.275140E-4
1.046477E-1	2.374560E-4
1.045964E-1	-3.573500E-5
1.043465E-1	6.000600E-5
1.043567E-1	-9.389500E-5
1.043640E-1	-2.583300E-5
1.042892E-1	-1.864480E-4
1.040245E-1	-7.575700E-5
1.041288E-1	2.090020E-4
1.038875E-1	-9.008700E-5
1.040686E-1	6.388590E-4
1.039415E-1	-8.187600E-5
1.037901E-1	-4.510550E-4
1.037693E-1	2.401300E-5
1.036965E-1	2.874190E-4
1.035641E-1	9.369020E-4
1.035917E-1	5.333310E-4
1.033861E-1	1.614800E-4
1.035118E-1	8.715600E-5
1.033407E-1	9.110700E-5
1.032436E-1	2.960300E-5
1.032449E-1	1.961100E-5
1.031425E-1	1.724800E-5
1.031059E-1	1.032420E-4
1.030691E-1	2.946740E-4
1.028599E-1	2.971400E-4
1.029489E-1	1.741190E-4
1.028404E-1	-6.285900E-5
1.027423E-1	4.295200E-5
1.026961E-1	3.760700E-5
1.025261E-1	-1.332970E-4
1.026674E-1	-1.228140E-4
1.024546E-1	-1.573750E-4
1.023394E-1	1.250220E-4
1.023667E-1	3.304220E-4
1.023417E-1	1.654180E-4
1.022072E-1	8.385100E-5
1.022137E-1	1.228400E-4
1.020128E-1	2.921050E-4
1.020740E-1	1.584980E-4
1.020651E-1	2.481070E-4
1.018049E-1	2.418590E-4
1.018245E-1	2.687900E-5
1.018121E-1	7.380700E-5
1.017717E-1	3.628780E-4
1.016148E-1	1.967120E-4
1.016296E-1	1.482100E-5
1.015352E-1	-1.138548E-3
1.013644E-1	1.105620E-4
1.014417E-1	-3.593410E-4
1.012833E-1	-5.442530E-4
1.011817E-1	-4.813550E-4
1.012660E-1	-1.368480E-4
1.012039E-1	1.102530E-4
1.010741E-1	1.802900E-4
1.009914E-1	9.594800E-5
1.009410E-1	3.226120E-4
1.009412E-1	1.104720E-4
1.008869E-1	3.670400E-5
1.007709E-1	-3.339900E-5
1.007785E-1	3.160199E-3
1.007016E-1	2.077488E-3
1.005549E-1	-1.545340E-4
1.005958E-1	2.216700E-5
1.006263E-1	-5.115000E-5
1.003897E-1	2.324730E-4
1.002544E-1	8.624000E-5
1.003689E-1	4.414370E-4
1.003662E-1	2.263410E-4
1.002089E-1	2.106680E-4
1.001089E-1	2.486620E-4
1.001030E-1	1.243890E-4
1.000741E-1	3.476700E-5
1.000681E-1	2.787300E-5
9.994529E-2	2.091000E-6
9.981653E-2	1.944140E-4
9.975927E-2	2.018500E-4
9.980785E-2	-1.877100E-5
9.964971E-2	-6.723600E-5
9.963789E-2	2.518250E-4
9.968125E-2	1.740800E-4
9.945840E-2	3.322300E-4
9.936199E-2	3.442880E-4
9.942012E-2	3.095590E-4
9.943135E-2	7.735800E-5
9.924854E-2	7.504700E-5
9.920524E-2	8.347700E-5
9.924772E-2	1.410820E-4
9.919412E-2	2.434720E-4
9.911242E-2	1.864100E-4
9.900613E-2	1.207740E-4
9.896921E-2	1.168240E-4
9.894560E-2	2.401000E-6
9.882160E-2	-3.299060E-4
9.889682E-2	-3.537000E-6
9.866171E-2	-5.909000E-5
9.869025E-2	3.076500E-5
9.873602E-2	6.181400E-5
9.854077E-2	5.293000E-6
9.851425E-2	2.927120E-4
9.847975E-2	1.069730E-4
9.837914E-2	-6.580000E-7
9.842566E-2	1.990870E-4
9.837019E-2	-1.192900E-5
9.816708E-2	-2.609790E-4
9.815054E-2	-1.220270E-4
9.816923E-2	6.647400E-5
9.803436E-2	5.696000E-5
9.798113E-2	2.762800E-5
9.801161E-2	2.598940E-4
9.790666E-2	2.741470E-4
9.796497E-2	1.728150E-4
9.778204E-2	4.625700E-5
9.769990E-2	2.624890E-4
9.781930E-2	3.120510E-4
9.764633E-2	8.621400E-5
9.758244E-2	5.084000E-5
9.757932E-2	4.327740E-4
9.754235E-2	4.315220E-4
9.742827E-2	1.064960E-4
9.748788E-2	2.622570E-4
9.725608E-2	2.373400E-4
9.733191E-2	3.124260E-4
9.733623E-2	2.114420E-4
9.721084E-2	1.515700E-5
9.711089E-2	-2.061800E-5
9.712505E-2	-8.340000E-6
9.700136E-2	-5.332000E-6
9.709621E-2	-4.940700E-5
9.694568E-2	3.267300E-4
9.683414E-2	1.570390E-4
9.693442E-2	2.537880E-4
9.680867E-2	1.669670E-4
9.673548E-2	2.598420E-4
9.673645E-2	2.902070E-4
9.658366E-2	2.263540E-4
9.668870E-2	3.374070E-4
9.654068E-2	3.443650E-4
9.642720E-2	2.230230E-4
9.653149E-2	4.092130E-4
9.637842E-2	2.724000E-6
9.642102E-2	2.035280E-4
9.622532E-2	2.689310E-4
9.630793E-2	9.368900E-5
9.626654E-2	7.699600E-5
9.607612E-2	3.518010E-4
9.615312E-2	4.286300E-4
9.601981E-2	3.334040E-4
9.610388E-2	6.404980E-4
9.593179E-2	5.228610E-4
9.588447E-2	5.133720E-4
9.596048E-2	3.619880E-4
9.582317E-2	4.336130E-4
9.575786E-2	3.168920E-4
9.573920E-2	6.734840E-4
9.562124E-2	4.144160E-4
9.570454E-2	6.079390E-4
9.561193E-2	7.132080E-4
9.544754E-2	8.241840E-4
9.558043E-2	7.650940E-4
9.550036E-2	7.397770E-4
9.538386E-2	6.699850E-4
9.530626E-2	6.669900E-4
9.532110E-2	8.966220E-4
9.522535E-2	7.732530E-4
9.529194E-2	1.119736E-3
9.517055E-2	9.604500E-4
9.512529E-2	1.038686E-3
9.501696E-2	1.085640E-3
9.505019E-2	1.202942E-3
9.493995E-2	1.471679E-3
9.483273E-2	1.485441E-3
9.490756E-2	1.449125E-3
9.481547E-2	1.740223E-3
9.489758E-2	1.683715E-3
9.472491E-2	1.818859E-3
9.463976E-2	1.824178E-3
9.475341E-2	2.221941E-3
9.462254E-2	2.377005E-3
9.453208E-2	2.596193E-3
9.448466E-2	2.753426E-3
9.451682E-2	3.000927E-3
9.443398E-2	3.191674E-3
9.448468E-2	3.921317E-3
9.439674E-2	4.131946E-3
9.422692E-2	4.492464E-3
9.435896E-2	5.111932E-3
9.426328E-2	5.737312E-3
9.413766E-2	6.176167E-3
9.412263E-2	6.554862E-3
9.411197E-2	7.271775E-3
9.402826E-2	7.832606E-3
9.403680E-2	8.902821E-3
9.400541E-2	9.560542E-3
9.392066E-2	1.017275E-2
9.395876E-2	1.143175E-2
9.384710E-2	1.254731E-2
9.369103E-2	1.325430E-2
9.375615E-2	1.455719E-2
9.375242E-2	1.582226E-2
9.372645E-2	1.680547E-2
9.361892E-2	1.813878E-2
9.361729E-2	1.967815E-2
9.353886E-2	2.115040E-2
9.344440E-2	2.285589E-2
9.354703E-2	2.480703E-2
9.338455E-2	2.639493E-2
9.328457E-2	2.809689E-2
9.340058E-2	2.996083E-2
9.336924E-2	3.171643E-2
9.325423E-2	3.369759E-2
9.318814E-2	3.558937E-2
9.317369E-2	3.636516E-2
9.308281E-2	3.898493E-2
9.305206E-2	4.059034E-2
9.312819E-2	4.245305E-2
9.292731E-2	4.446243E-2
9.298051E-2	4.591246E-2
9.301566E-2	4.774277E-2
9.283904E-2	4.926829E-2
9.278780E-2	5.075979E-2
9.276700E-2	5.214598E-2
9.280000E-2	5.350179E-2
9.270750E-2	5.493215E-2
9.273192E-2	5.649932E-2
9.268065E-2	5.767870E-2
9.259239E-2	5.841141E-2
9.261130E-2	6.061036E-2
9.253861E-2	6.193726E-2
9.239003E-2	6.313530E-2
9.243797E-2	6.438234E-2
9.245596E-2	6.551314E-2
9.241260E-2	6.626193E-2
9.229569E-2	6.813835E-2
9.229870E-2	6.926815E-2
9.216277E-2	7.024904E-2
9.217124E-2	7.146968E-2
9.224271E-2	7.245806E-2
9.205302E-2	7.351105E-2
9.205703E-2	7.465103E-2
9.199470E-2	7.529868E-2
9.200953E-2	7.712307E-2
9.191950E-2	7.825446E-2
9.190235E-2	7.934230E-2
9.190963E-2	8.039753E-2
9.180485E-2	8.170281E-2
9.188141E-2	8.293515E-2
9.171709E-2	8.348629E-2
9.163014E-2	8.530042E-2
9.165024E-2	8.581556E-2
9.168516E-2	8.739853E-2
9.155676E-2	8.864746E-2
9.154945E-2	9.006974E-2
9.155566E-2	9.121894E-2
9.153358E-2	9.220455E-2
9.146164E-2	9.353354E-2
9.141760E-2	9.467255E-2
9.143002E-2	9.579520E-2
9.127317E-2	9.707030E-2
9.126312E-2	9.793038E-2
9.136857E-2	9.895253E-2
9.127169E-2	1.000041E-1
9.109683E-2	1.007052E-1
9.116511E-2	1.015889E-1
9.121775E-2	1.024790E-1
9.113459E-2	1.032857E-1
9.102698E-2	1.040568E-1
9.099096E-2	1.046621E-1
9.098677E-2	1.054053E-1
9.096078E-2	1.061032E-1
9.090354E-2	1.066248E-1
9.083318E-2	1.072122E-1
9.087589E-2	1.076991E-1
9.071049E-2	1.081162E-1
9.076440E-2	1.083751E-1
9.076943E-2	1.086075E-1
9.059148E-2	1.092683E-1
9.066902E-2	1.099291E-1
9.068306E-2	1.100440E-1
9.059293E-2	1.102369E-1
9.053647E-2	1.104805E-1
9.053249E-2	1.107771E-1
9.045262E-2	1.110823E-1
9.040454E-2	1.111754E-1
9.047832E-2	1.116213E-1
9.026969E-2	1.119485E-1
9.038775E-2	1.119848E-1
9.035692E-2	1.125213E-1
9.025158E-2	1.127420E-1
9.017935E-2	1.127972E-1
9.022570E-2	1.127204E-1
9.012076E-2	1.128650E-1
9.019644E-2	1.129280E-1
8.998594E-2	1.131186E-1
8.996450E-2	1.134069E-1
9.004757E-2	1.134211E-1
9.000086E-2	1.139289E-1
8.991768E-2	1.140462E-1
8.998036E-2	1.139806E-1
8.984149E-2	1.142370E-1
8.981957E-2	1.143042E-1
8.984549E-2	1.144056E-1
8.976641E-2	1.144001E-1
8.980928E-2	1.145508E-1
8.975427E-2	1.145823E-1
8.968112E-2	1.148607E-1
8.952560E-2	1.149115E-1
8.960885E-2	1.149730E-1
8.959367E-2	1.150807E-1
8.950920E-2	1.153921E-1
8.956619E-2	1.154087E-1
8.951739E-2	1.155490E-1
8.935807E-2	1.156557E-1
8.941024E-2	1.157971E-1
8.947594E-2	1.157788E-1
8.926260E-2	1.157325E-1
8.919654E-2	1.160455E-1
8.928006E-2	1.159280E-1
8.935194E-2	1.160537E-1
8.922448E-2	1.161309E-1
8.910775E-2	1.163073E-1
8.910429E-2	1.165364E-1
8.912460E-2	1.165338E-1
8.908695E-2	1.163807E-1
8.907609E-2	1.165289E-1
8.903479E-2	1.165316E-1
8.897262E-2	1.166412E-1
8.889417E-2	1.168569E-1
8.892203E-2	1.171967E-1
8.893478E-2	1.168930E-1
8.881290E-2	1.167533E-1
8.881886E-2	1.170215E-1
8.883657E-2	1.171165E-1
8.868438E-2	1.175288E-1
8.877302E-2	1.175867E-1
8.876768E-2	1.177052E-1
8.856638E-2	1.176072E-1
8.858682E-2	1.177772E-1
8.864849E-2	1.177301E-1
8.856732E-2	1.177199E-1
8.851893E-2	1.177602E-1
8.852019E-2	1.178671E-1
8.844925E-2	1.180069E-1
8.841421E-2	1.181308E-1
8.847225E-2	1.179475E-1
8.827074E-2	1.181143E-1
8.840624E-2	1.182441E-1
8.837924E-2	1.182226E-1
8.825590E-2	1.182315E-1
8.824466E-2	1.183369E-1
8.825184E-2	1.183506E-1
8.815873E-2	1.182804E-1
8.824458E-2	1.184198E-1
8.807005E-2	1.185207E-1
8.811857E-2	1.184787E-1
8.815022E-2	1.186074E-1
8.803029E-2	1.187860E-1
8.800604E-2	1.188738E-1
8.798888E-2	1.190579E-1
8.799495E-2	1.189251E-1
8.790055E-2	1.190971E-1
8.797708E-2	1.188423E-1
8.781748E-2	1.187666E-1
8.775949E-2	1.189930E-1
8.776194E-2	1.190695E-1
8.779020E-2	1.191348E-1
8.775522E-2	1.192208E-1
8.768332E-2	1.193851E-1
8.769695E-2	1.192744E-1
8.764111E-2	1.195517E-1
8.757563E-2	1.198375E-1
8.762770E-2	1.196461E-1
8.748659E-2	1.197049E-1
8.750306E-2	1.197980E-1
8.759702E-2	1.199098E-1
8.746868E-2	1.199161E-1
8.739893E-2	1.199642E-1
8.742302E-2	1.197154E-1
8.737487E-2	1.196472E-1
8.739187E-2	1.201372E-1
8.730328E-2	1.200987E-1
8.724807E-2	1.200729E-1
8.726357E-2	1.201535E-1
8.723940E-2	1.202180E-1
8.719143E-2	1.202612E-1
8.714184E-2	1.202721E-1
8.721609E-2	1.204697E-1
8.711989E-2	1.204017E-1
8.699772E-2	1.202173E-1
8.704041E-2	1.205878E-1
8.711477E-2	1.207930E-1
8.708001E-2	1.207189E-1
8.691328E-2	1.207550E-1
8.686257E-2	1.209847E-1
8.692491E-2	1.207310E-1
8.695397E-2	1.208130E-1
8.696416E-2	1.209842E-1
8.688259E-2	1.210573E-1
8.675526E-2	1.209871E-1
8.669124E-2	1.211066E-1
8.672220E-2	1.210212E-1
8.675170E-2	1.210414E-1
8.678559E-2	1.213672E-1
8.665990E-2	1.213141E-1
8.655585E-2	1.211516E-1
8.656380E-2	1.211676E-1
8.663993E-2	1.216509E-1
8.655292E-2	1.214343E-1
8.651272E-2	1.213786E-1
8.640973E-2	1.212908E-1
8.645846E-2	1.214690E-1
8.652784E-2	1.213924E-1
8.645571E-2	1.214609E-1
8.636071E-2	1.215736E-1
8.634074E-2	1.216140E-1
8.634436E-2	1.217699E-1
8.632039E-2	1.218814E-1
8.630793E-2	1.218580E-1
8.628987E-2	1.219544E-1
8.622026E-2	1.219159E-1
8.615487E-2	1.218419E-1
8.617368E-2	1.219391E-1
8.624028E-2	1.218823E-1
8.613006E-2	1.221447E-1
8.606170E-2	1.220648E-1
8.608948E-2	1.220808E-1
8.609461E-2	1.223057E-1
8.602638E-2	1.223400E-1
8.595562E-2	1.223167E-1
8.592429E-2	1.223207E-1
8.597881E-2	1.223003E-1
8.596838E-2	1.222977E-1
8.593469E-2	1.224625E-1
8.584636E-2	1.227414E-1
8.579012E-2	1.226565E-1
8.576478E-2	1.227861E-1
8.580127E-2	1.229502E-1
8.580743E-2	1.229360E-1
8.576790E-2	1.229058E-1
8.569376E-2	1.227940E-1
8.567994E-2	1.227841E-1
8.560346E-2	1.229227E-1
8.563300E-2	1.229365E-1
8.564408E-2	1.230975E-1
8.561712E-2	1.229280E-1
8.553103E-2	1.232019E-1
8.547637E-2	1.231033E-1
8.545578E-2	1.229684E-1
8.550861E-2	1.229012E-1
8.550014E-2	1.231844E-1
8.543591E-2	1.234210E-1
8.534113E-2	1.234136E-1
8.532230E-2	1.231976E-1
8.540143E-2	1.232974E-1
8.538292E-2	1.233751E-1
8.523222E-2	1.234900E-1
8.519395E-2	1.233575E-1
8.528350E-2	1.235388E-1
8.520245E-2	1.236430E-1
8.513161E-2	1.235937E-1
8.510426E-2	1.236412E-1
8.515795E-2	1.238039E-1
8.506872E-2	1.239216E-1
8.507804E-2	1.239488E-1
8.501528E-2	1.239735E-1
8.501292E-2	1.238201E-1
8.503201E-2	1.239570E-1
8.499521E-2	1.240153E-1
8.493772E-2	1.239428E-1
8.498913E-2	1.239535E-1
8.484309E-2	1.242038E-1
8.489819E-2	1.243366E-1
8.495717E-2	1.244848E-1
8.477492E-2	1.243293E-1
8.476511E-2	1.243124E-1
8.480460E-2	1.243286E-1
8.478887E-2	1.242801E-1
8.472788E-2	1.242783E-1
8.464067E-2	1.243668E-1
8.472807E-2	1.243556E-1
8.463623E-2	1.245312E-1
8.469287E-2	1.244942E-1
8.469801E-2	1.244448E-1
8.452226E-2	1.247964E-1
8.459770E-2	1.246122E-1
8.459959E-2	1.245490E-1
8.449210E-2	1.245795E-1
8.448849E-2	1.247495E-1
8.450243E-2	1.247985E-1
8.442282E-2	1.249039E-1
8.442424E-2	1.249583E-1
8.446912E-2	1.248487E-1
8.429882E-2	1.250283E-1
8.442373E-2	1.250256E-1
8.441240E-2	1.248890E-1
8.429872E-2	1.249403E-1
8.426277E-2	1.252720E-1
8.426895E-2	1.250875E-1
8.422211E-2	1.252814E-1
8.424538E-2	1.251956E-1
8.424147E-2	1.253547E-1
8.409573E-2	1.252206E-1
8.421419E-2	1.253167E-1
8.415421E-2	1.255048E-1
8.404559E-2	1.255307E-1
8.408360E-2	1.254515E-1
8.410565E-2	1.254478E-1
8.409847E-2	1.256262E-1
8.395975E-2	1.255337E-1
8.403048E-2	1.257541E-1
8.402315E-2	1.256815E-1
8.389756E-2	1.256540E-1
8.392616E-2	1.257990E-1
8.396039E-2	1.257598E-1
8.380144E-2	1.258327E-1
8.385935E-2	1.256238E-1
8.393381E-2	1.258954E-1
8.385446E-2	1.259289E-1
8.383681E-2	1.259786E-1
8.375287E-2	1.262850E-1
8.376095E-2	1.260641E-1
8.374921E-2	1.260888E-1
8.371149E-2	1.262468E-1
8.364290E-2	1.262385E-1
8.367104E-2	1.261884E-1
8.360558E-2	1.261193E-1
8.360632E-2	1.262824E-1
8.364678E-2	1.263135E-1
8.364630E-2	1.264506E-1
8.348849E-2	1.263529E-1
8.353521E-2	1.264617E-1
8.355020E-2	1.263921E-1
8.354005E-2	1.263996E-1
8.343888E-2	1.264364E-1
8.337463E-2	1.266058E-1
8.339784E-2	1.267906E-1
8.346001E-2	1.265566E-1
8.341269E-2	1.264857E-1
8.332493E-2	1.264206E-1
8.327688E-2	1.265122E-1
8.332136E-2	1.266656E-1
8.331584E-2	1.267841E-1
8.328397E-2	1.267527E-1
8.324072E-2	1.268865E-1
8.318684E-2	1.267584E-1
8.319161E-2	1.268217E-1
8.322562E-2	1.267933E-1
8.313449E-2	1.270285E-1
8.310305E-2	1.268865E-1
8.317242E-2	1.269834E-1
8.309239E-2	1.271563E-1
8.299895E-2	1.270783E-1
8.310168E-2	1.270921E-1
8.311164E-2	1.269920E-1
8.296550E-2	1.269811E-1
8.301535E-2	1.269521E-1
8.302963E-2	1.270821E-1
8.302102E-2	1.272838E-1
8.293252E-2	1.273090E-1
8.290157E-2	1.273794E-1
8.289586E-2	1.274341E-1
8.293181E-2	1.275118E-1
8.283841E-2	1.274566E-1
8.288072E-2	1.275817E-1
8.280476E-2	1.275547E-1
8.271773E-2	1.275586E-1
8.282896E-2	1.274017E-1
8.276745E-2	1.274221E-1
8.267128E-2	1.274879E-1
8.272103E-2	1.274037E-1
8.270825E-2	1.276174E-1
8.266254E-2	1.275699E-1
8.259475E-2	1.275569E-1
8.263428E-2	1.277333E-1
8.252539E-2	1.277584E-1
8.258904E-2	1.278328E-1
8.260168E-2	1.279389E-1
8.244522E-2	1.280691E-1
8.254919E-2	1.280983E-1
8.255361E-2	1.281091E-1
8.248140E-2	1.278403E-1
8.242338E-2	1.279321E-1
8.248672E-2	1.280825E-1
8.238141E-2	1.282107E-1
8.246711E-2	1.282207E-1
8.232891E-2	1.281333E-1
8.228209E-2	1.283224E-1
8.228998E-2	1.282042E-1
8.233338E-2	1.282695E-1
8.225688E-2	1.285961E-1
8.226162E-2	1.283982E-1
8.228398E-2	1.281618E-1
8.221713E-2	1.280431E-1
8.229654E-2	1.281737E-1
8.216608E-2	1.284883E-1
8.212961E-2	1.283655E-1
8.224793E-2	1.285858E-1
8.217745E-2	1.287088E-1
8.210238E-2	1.287198E-1
8.209013E-2	1.286941E-1
8.210264E-2	1.286393E-1
8.208058E-2	1.287213E-1
8.201790E-2	1.288697E-1
8.206734E-2	1.288956E-1
8.194748E-2	1.288143E-1
8.191362E-2	1.286744E-1
8.203371E-2	1.289250E-1
8.194760E-2	1.289205E-1
8.184078E-2	1.289182E-1
8.189037E-2	1.290706E-1
8.193362E-2	1.290197E-1
8.188039E-2	1.289962E-1
8.191396E-2	1.289110E-1
8.182240E-2	1.291820E-1
8.179314E-2	1.292434E-1
8.182700E-2	1.291626E-1
8.177101E-2	1.291851E-1
8.174688E-2	1.292317E-1
8.178095E-2	1.293870E-1
8.165761E-2	1.291895E-1
8.167406E-2	1.291712E-1
8.176775E-2	1.292781E-1
8.163843E-2	1.293511E-1
8.157703E-2	1.292438E-1
8.163085E-2	1.291822E-1
8.165266E-2	1.292554E-1
8.159093E-2	1.293648E-1
8.153744E-2	1.293424E-1
8.149332E-2	1.292565E-1
8.152834E-2	1.294550E-1
8.151880E-2	1.295625E-1
8.151727E-2	1.294354E-1
8.148657E-2	1.293173E-1
8.143549E-2	1.294178E-1
8.141443E-2	1.296172E-1
8.139576E-2	1.296385E-1
8.142009E-2	1.296629E-1
8.140678E-2	1.294014E-1
8.138827E-2	1.294119E-1
8.133532E-2	1.295339E-1
8.127783E-2	1.296006E-1
8.130935E-2	1.296005E-1
8.138204E-2	1.297160E-1
8.128672E-2	1.297528E-1
8.122398E-2	1.298473E-1
8.125541E-2	1.299619E-1
8.120887E-2	1.299224E-1
8.113449E-2	1.298445E-1
8.123545E-2	1.298348E-1
8.123366E-2	1.299686E-1
8.108264E-2	1.299302E-1
8.113018E-2	1.298041E-1
8.120361E-2	1.299816E-1
8.109575E-2	1.300027E-1
8.104353E-2	1.299924E-1
8.103073E-2	1.301472E-1
8.103523E-2	1.301618E-1
8.108581E-2	1.301991E-1
8.100840E-2	1.304343E-1
8.094573E-2	1.302220E-1
8.092388E-2	1.301912E-1
8.093312E-2	1.303042E-1
8.088019E-2	1.301686E-1
8.099525E-2	1.300510E-1
8.090639E-2	1.303614E-1
8.078989E-2	1.303320E-1
8.087558E-2	1.304702E-1
8.088607E-2	1.304362E-1
8.080482E-2	1.308223E-1
8.078514E-2	1.306221E-1
8.079825E-2	1.307761E-1
8.080906E-2	1.302865E-1
8.073549E-2	1.304511E-1
8.079486E-2	1.306471E-1
8.064243E-2	1.309648E-1
8.067130E-2	1.308819E-1
8.069073E-2	1.307499E-1
8.064520E-2	1.304925E-1
8.066690E-2	1.306395E-1
8.059369E-2	1.304001E-1
8.068575E-2	1.307312E-1
8.052221E-2	1.308332E-1
8.059207E-2	1.308369E-1
8.058372E-2	1.308905E-1
8.056519E-2	1.309112E-1
8.052681E-2	1.308933E-1
8.050337E-2	1.307253E-1
8.056966E-2	1.308779E-1
8.043666E-2	1.310011E-1
8.048199E-2	1.309573E-1
8.042746E-2	1.309972E-1
8.048800E-2	1.309462E-1
8.043515E-2	1.309692E-1
8.036029E-2	1.309618E-1
8.047145E-2	1.312050E-1
8.036095E-2	1.310397E-1
8.034008E-2	1.308343E-1
8.033732E-2	1.309500E-1
8.028622E-2	1.311072E-1
8.034900E-2	1.310733E-1
8.020080E-2	1.312642E-1
8.027659E-2	1.313036E-1
8.027691E-2	1.312865E-1
8.022292E-2	1.311935E-1
8.025076E-2	1.313134E-1
8.012656E-2	1.312486E-1
8.026017E-2	1.312860E-1
8.016799E-2	1.312929E-1
8.009711E-2	1.312874E-1
8.017058E-2	1.311451E-1
8.016093E-2	1.312869E-1
8.008909E-2	1.313008E-1
8.012261E-2	1.313982E-1
7.998850E-2	1.313601E-1
8.012984E-2	1.314632E-1
8.009753E-2	1.314139E-1
7.997973E-2	1.315559E-1
8.002204E-2	1.313355E-1
8.001290E-2	1.315225E-1
7.995682E-2	1.315337E-1
8.001123E-2	1.316084E-1
7.986978E-2	1.315849E-1
7.999732E-2	1.316012E-1
7.989610E-2	1.315292E-1
7.986680E-2	1.317325E-1
7.989676E-2	1.316262E-1
7.979762E-2	1.317861E-1
7.992604E-2	1.317956E-1
7.980982E-2	1.318228E-1
7.974183E-2	1.318793E-1
7.985485E-2	1.316253E-1
7.980020E-2	1.316441E-1
7.973914E-2	1.315613E-1
7.976088E-2	1.316225E-1
7.970756E-2	1.317208E-1
7.979263E-2	1.318090E-1
7.963609E-2	1.319778E-1
7.969435E-2	1.319423E-1
7.971626E-2	1.317758E-1
7.964913E-2	1.317957E-1
7.967105E-2	1.318359E-1
7.957938E-2	1.320703E-1
7.968703E-2	1.319594E-1
7.956669E-2	1.321229E-1
7.963215E-2	1.319172E-1
7.947700E-2	1.319129E-1
7.964926E-2	1.319149E-1
7.946465E-2	1.319905E-1
7.950465E-2	1.320520E-1
7.952547E-2	1.321553E-1
7.946477E-2	1.322893E-1
7.953278E-2	1.323201E-1
7.939424E-2	1.323138E-1
7.952278E-2	1.324255E-1
7.941306E-2	1.321062E-1
7.940650E-2	1.321301E-1
7.938809E-2	1.324276E-1
7.936113E-2	1.323328E-1
7.942340E-2	1.323295E-1
7.928280E-2	1.324873E-1
7.926353E-2	1.323432E-1
7.934533E-2	1.324041E-1
7.929692E-2	1.322702E-1
7.933713E-2	1.324010E-1
7.928545E-2	1.322957E-1
7.928083E-2	1.322863E-1
7.933529E-2	1.324657E-1
7.916168E-2	1.325006E-1
7.918142E-2	1.326716E-1
7.923814E-2	1.325814E-1
7.920618E-2	1.323672E-1
7.913319E-2	1.324201E-1
7.917932E-2	1.324584E-1
7.911702E-2	1.323218E-1
7.915092E-2	1.326753E-1
7.903979E-2	1.326045E-1
7.889709E-2	1.328249E-1
7.890864E-2	1.329842E-1
7.886114E-2	1.328933E-1
7.874936E-2	1.329713E-1
7.860847E-2	1.331026E-1
7.866857E-2	1.330111E-1
7.851770E-2	1.330531E-1
7.859711E-2	1.331856E-1
7.846502E-2	1.331661E-1
7.835127E-2	1.334848E-1
7.837351E-2	1.336142E-1
7.830373E-2	1.336534E-1
7.817955E-2	1.335580E-1
7.818395E-2	1.335496E-1
7.803741E-2	1.338670E-1
7.810908E-2	1.340475E-1
7.791634E-2	1.341073E-1
7.790027E-2	1.339486E-1
7.785998E-2	1.340129E-1
7.778696E-2	1.341585E-1
7.780444E-2	1.341301E-1
7.759418E-2	1.342070E-1
7.771215E-2	1.345591E-1
7.757012E-2	1.344933E-1
7.748816E-2	1.344804E-1
7.748448E-2	1.344452E-1
7.736774E-2	1.345700E-1
7.735441E-2	1.345737E-1
7.728343E-2	1.345318E-1
7.725199E-2	1.345565E-1
7.717800E-2	1.347217E-1
7.709500E-2	1.346418E-1
7.715653E-2	1.348381E-1
7.706760E-2	1.349613E-1
7.703653E-2	1.350172E-1
7.684751E-2	1.350848E-1
7.695282E-2	1.353910E-1
7.675656E-2	1.352088E-1
7.680623E-2	1.352080E-1
7.668902E-2	1.353592E-1
7.676332E-2	1.354035E-1
7.657801E-2	1.354070E-1
7.657474E-2	1.354272E-1
7.650168E-2	1.353791E-1
7.636396E-2	1.356394E-1
7.643918E-2	1.356861E-1
7.641334E-2	1.355921E-1
7.636741E-2	1.356761E-1
7.624654E-2	1.357172E-1
7.629534E-2	1.358008E-1
7.614940E-2	1.359722E-1
7.614475E-2	1.358983E-1
7.597710E-2	1.360680E-1
7.609082E-2	1.361956E-1
7.589199E-2	1.360972E-1
7.586401E-2	1.361096E-1
7.580191E-2	1.360866E-1
7.587543E-2	1.361449E-1
7.567507E-2	1.361744E-1
7.575926E-2	1.363351E-1
7.566117E-2	1.361056E-1
7.566642E-2	1.359577E-1
7.547974E-2	1.363892E-1
7.559150E-2	1.363500E-1
7.543135E-2	1.364065E-1
7.539207E-2	1.366860E-1
7.529811E-2	1.366344E-1
7.540178E-2	1.365685E-1
7.519626E-2	1.367292E-1
7.522423E-2	1.364907E-1
7.520024E-2	1.366543E-1
7.509519E-2	1.370376E-1
7.508082E-2	1.369174E-1
7.499039E-2	1.370053E-1
7.505091E-2	1.368651E-1
7.488662E-2	1.368907E-1
7.490342E-2	1.370958E-1
7.478379E-2	1.370113E-1
7.485560E-2	1.369819E-1
7.467183E-2	1.369266E-1
7.471846E-2	1.369076E-1
7.459692E-2	1.371373E-1
7.466276E-2	1.374456E-1
7.446277E-2	1.374515E-1
7.457314E-2	1.372756E-1
7.443821E-2	1.373148E-1
7.440140E-2	1.372413E-1
7.429860E-2	1.374919E-1
7.438799E-2	1.375151E-1
7.421928E-2	1.375058E-1
7.425464E-2	1.375227E-1
7.413354E-2	1.376072E-1
7.421376E-2	1.375294E-1
7.400861E-2	1.375212E-1
7.407396E-2	1.376789E-1
7.403398E-2	1.377271E-1
7.397161E-2	1.378401E-1
7.382417E-2	1.378415E-1
7.394418E-2	1.378932E-1
7.382024E-2	1.379577E-1
7.377720E-2	1.379753E-1
7.376751E-2	1.381356E-1
7.372237E-2	1.379223E-1
7.362278E-2	1.381285E-1
7.361016E-2	1.381953E-1
7.358877E-2	1.379607E-1
7.350278E-2	1.380765E-1
7.342257E-2	1.382062E-1
7.348769E-2	1.382240E-1
7.342342E-2	1.381315E-1
7.336649E-2	1.384885E-1
7.328618E-2	1.383221E-1
7.333772E-2	1.383780E-1
7.317002E-2	1.381970E-1
7.322190E-2	1.381798E-1
7.310160E-2	1.382581E-1
7.313243E-2	1.382619E-1
7.300606E-2	1.384430E-1
7.302464E-2	1.384999E-1
7.294877E-2	1.386999E-1
7.286226E-2	1.389075E-1
7.292578E-2	1.388067E-1
7.286392E-2	1.388147E-1
7.284700E-2	1.388687E-1
7.266615E-2	1.387854E-1
7.279831E-2	1.389851E-1
7.266209E-2	1.388228E-1
7.267803E-2	1.390084E-1
7.252567E-2	1.390568E-1
7.262878E-2	1.389696E-1
7.244673E-2	1.390685E-1
7.247364E-2	1.389189E-1
7.238630E-2	1.391033E-1
7.245999E-2	1.390720E-1
7.224989E-2	1.390502E-1
7.235783E-2	1.392099E-1
7.230141E-2	1.392248E-1
7.210687E-2	1.390733E-1
7.221157E-2	1.391348E-1
7.221521E-2	1.392094E-1
7.206007E-2	1.392576E-1
7.204793E-2	1.392904E-1
7.204954E-2	1.395794E-1
7.198156E-2	1.394357E-1
7.189960E-2	1.394325E-1
7.190386E-2	1.393502E-1
7.189036E-2	1.395340E-1
7.183042E-2	1.393702E-1
7.179545E-2	1.393968E-1
7.170089E-2	1.394503E-1
7.178580E-2	1.394867E-1
7.162093E-2	1.396359E-1
7.165132E-2	1.394585E-1
7.153931E-2	1.395620E-1
7.148998E-2	1.396956E-1
7.144628E-2	1.398465E-1
7.151154E-2	1.397921E-1
7.145209E-2	1.398899E-1
7.137949E-2	1.399128E-1
7.136800E-2	1.397293E-1
7.127144E-2	1.396946E-1
7.135763E-2	1.399430E-1
7.115483E-2	1.399007E-1
7.123216E-2	1.399171E-1
7.114304E-2	1.399696E-1
7.116126E-2	1.398616E-1
7.100631E-2	1.400631E-1
7.111143E-2	1.402750E-1
7.100692E-2	1.401478E-1
7.101898E-2	1.399523E-1
7.095575E-2	1.398777E-1
7.099027E-2	1.398372E-1
7.082777E-2	1.399434E-1
7.086586E-2	1.399346E-1
7.083231E-2	1.400231E-1
7.083831E-2	1.401321E-1
7.071787E-2	1.402550E-1
7.070753E-2	1.401936E-1
7.066311E-2	1.401939E-1
7.061476E-2	1.401931E-1
7.059839E-2	1.402736E-1
7.049208E-2	1.404284E-1
7.057653E-2	1.404206E-1
7.048344E-2	1.404173E-1
7.038827E-2	1.403859E-1
7.033466E-2	1.404794E-1
7.044510E-2	1.406692E-1
7.022881E-2	1.403739E-1
7.030519E-2	1.404294E-1
7.027406E-2	1.406511E-1
7.029929E-2	1.406656E-1
7.008857E-2	1.406254E-1
7.021268E-2	1.405814E-1
7.010157E-2	1.409174E-1
7.013128E-2	1.406279E-1
6.997664E-2	1.405847E-1
7.007817E-2	1.407263E-1
6.990860E-2	1.407244E-1
6.998125E-2	1.405869E-1
6.986423E-2	1.406930E-1
6.991448E-2	1.407071E-1
6.976805E-2	1.406249E-1
6.987059E-2	1.407253E-1
6.970734E-2	1.407530E-1
6.976639E-2	1.407558E-1
6.964783E-2	1.407732E-1
6.973741E-2	1.408670E-1
6.959766E-2	1.409294E-1
6.963585E-2	1.408967E-1
6.950192E-2	1.410357E-1
6.950027E-2	1.411343E-1
6.940836E-2	1.409855E-1
6.945496E-2	1.409528E-1
6.943420E-2	1.409320E-1
6.944354E-2	1.409155E-1
6.927670E-2	1.409105E-1
6.937806E-2	1.410982E-1
6.928317E-2	1.410992E-1
6.917241E-2	1.410905E-1
6.923582E-2	1.410752E-1
6.916010E-2	1.409761E-1
6.920127E-2	1.409338E-1
6.905311E-2	1.410950E-1
6.913918E-2	1.411535E-1
6.904513E-2	1.411657E-1
6.904995E-2	1.412058E-1
6.896709E-2	1.412541E-1
6.895575E-2	1.414832E-1
6.899288E-2	1.415520E-1
6.885760E-2	1.416263E-1
6.881366E-2	1.415297E-1
6.886335E-2	1.415132E-1
6.875500E-2	1.414984E-1
6.879825E-2	1.415951E-1
6.868192E-2	1.415203E-1
6.876370E-2	1.413776E-1
6.869385E-2	1.413731E-1
6.861099E-2	1.416973E-1
6.862228E-2	1.415906E-1
6.854017E-2	1.417072E-1
6.860645E-2	1.416811E-1
6.844675E-2	1.417675E-1
6.849826E-2	1.417148E-1
6.847446E-2	1.418269E-1
6.839257E-2	1.416727E-1
6.840623E-2	1.418869E-1
6.829920E-2	1.416063E-1
6.839605E-2	1.416773E-1
6.824602E-2	1.416498E-1
6.824057E-2	1.418011E-1
6.824568E-2	1.417966E-1
6.818303E-2	1.417647E-1
6.821987E-2	1.417326E-1
6.805868E-2	1.418022E-1
6.816818E-2	1.417776E-1
6.806736E-2	1.417958E-1
6.802718E-2	1.418269E-1
6.802797E-2	1.418318E-1
6.793357E-2	1.418963E-1
6.803163E-2	1.419987E-1
6.785564E-2	1.420225E-1
6.789157E-2	1.420671E-1
6.787989E-2	1.419887E-1
6.781989E-2	1.420019E-1
6.782755E-2	1.417852E-1
6.769510E-2	1.417530E-1
6.770144E-2	1.416453E-1
6.770099E-2	1.418853E-1
6.763534E-2	1.420787E-1
6.767124E-2	1.421929E-1
6.758410E-2	1.420171E-1
6.765838E-2	1.421898E-1
6.749329E-2	1.422591E-1
6.754597E-2	1.420740E-1
6.752983E-2	1.421763E-1
6.742896E-2	1.421496E-1
6.746969E-2	1.420450E-1
6.744690E-2	1.422235E-1
6.745835E-2	1.421339E-1
6.730077E-2	1.422452E-1
6.730287E-2	1.422489E-1
6.733105E-2	1.422555E-1
6.724490E-2	1.422581E-1
6.726954E-2	1.422583E-1
6.714454E-2	1.421733E-1
6.714394E-2	1.423009E-1
6.716296E-2	1.422721E-1
6.705890E-2	1.424501E-1
6.712264E-2	1.424033E-1
6.703856E-2	1.423729E-1
6.708024E-2	1.423926E-1
6.697651E-2	1.422790E-1
6.696155E-2	1.421995E-1
6.702013E-2	1.422634E-1
6.690755E-2	1.425781E-1
6.687580E-2	1.424052E-1
6.687873E-2	1.425339E-1
6.682289E-2	1.425092E-1
6.683741E-2	1.425911E-1
6.671888E-2	1.425899E-1
6.678209E-2	1.424763E-1
6.675045E-2	1.424081E-1
6.667636E-2	1.423828E-1
6.669407E-2	1.422813E-1
6.659941E-2	1.424270E-1
6.666705E-2	1.424131E-1
6.653096E-2	1.425639E-1
6.653942E-2	1.425804E-1
6.656745E-2	1.428002E-1
6.649080E-2	1.427692E-1
6.651261E-2	1.426518E-1
6.639893E-2	1.426291E-1
6.647307E-2	1.429477E-1
6.640284E-2	1.429729E-1
6.632784E-2	1.427780E-1
6.635362E-2	1.426969E-1
6.628671E-2	1.426753E-1
6.625024E-2	1.426490E-1
6.618468E-2	1.426557E-1
6.623943E-2	1.427835E-1
6.625134E-2	1.427595E-1
6.616905E-2	1.428667E-1
6.619107E-2	1.427398E-1
6.607162E-2	1.429797E-1
6.614699E-2	1.430196E-1
6.610013E-2	1.429840E-1
6.598490E-2	1.428601E-1
6.604664E-2	1.429081E-1
6.596018E-2	1.428443E-1
6.602494E-2	1.429444E-1
6.586627E-2	1.429249E-1
6.597468E-2	1.429139E-1
6.590653E-2	1.430002E-1
6.584423E-2	1.431172E-1
6.574919E-2	1.432597E-1
6.588719E-2	1.430210E-1
6.576566E-2	1.429257E-1
6.581373E-2	1.429698E-1
6.568628E-2	1.430852E-1
6.575175E-2	1.431514E-1
6.557185E-2	1.432467E-1
6.567495E-2	1.432838E-1
6.561314E-2	1.430082E-1
6.556317E-2	1.429644E-1
6.550641E-2	1.433970E-1
6.558293E-2	1.434010E-1
6.551565E-2	1.430741E-1
6.550707E-2	1.432155E-1
6.543266E-2	1.434137E-1
6.548085E-2	1.434807E-1
6.538985E-2	1.431930E-1
6.539694E-2	1.432181E-1
6.535018E-2	1.430728E-1
6.538453E-2	1.431823E-1
6.524844E-2	1.433003E-1
6.534861E-2	1.433171E-1
6.524456E-2	1.433610E-1
6.527903E-2	1.432244E-1
6.515937E-2	1.431751E-1
6.527508E-2	1.432404E-1
6.511140E-2	1.431475E-1
6.516000E-2	1.434542E-1
6.508791E-2	1.434591E-1
6.515344E-2	1.434012E-1
6.498451E-2	1.433753E-1
6.507073E-2	1.433412E-1
6.501489E-2	1.434206E-1
6.503266E-2	1.436802E-1
6.490104E-2	1.436323E-1
6.501443E-2	1.434763E-1
6.484864E-2	1.435026E-1
6.490807E-2	1.434384E-1
6.489126E-2	1.434715E-1
6.481009E-2	1.434443E-1
6.480313E-2	1.433312E-1
6.473361E-2	1.436509E-1
6.484384E-2	1.435925E-1
6.463249E-2	1.434905E-1
6.472667E-2	1.434799E-1
6.469590E-2	1.434745E-1
6.455866E-2	1.437745E-1
6.465899E-2	1.437413E-1
6.457708E-2	1.434982E-1
6.462447E-2	1.436240E-1
6.457263E-2	1.436196E-1
6.456599E-2	1.439044E-1
6.441641E-2	1.439601E-1
6.450569E-2	1.436516E-1
6.454782E-2	1.435314E-1
6.440480E-2	1.436106E-1
6.446528E-2	1.436037E-1
6.439087E-2	1.436332E-1
6.439433E-2	1.436295E-1
6.436558E-2	1.437576E-1
6.434029E-2	1.435155E-1
6.439905E-2	1.435565E-1
6.419661E-2	1.437631E-1
6.429861E-2	1.436356E-1
6.423419E-2	1.437495E-1
6.414440E-2	1.439273E-1
6.422095E-2	1.438801E-1
6.410019E-2	1.437709E-1
6.404544E-2	1.438383E-1
6.385147E-2	1.439436E-1
6.376988E-2	1.439860E-1
6.350335E-2	1.441515E-1
6.352135E-2	1.439007E-1
6.339683E-2	1.441591E-1
6.316543E-2	1.441631E-1
6.306994E-2	1.441093E-1
6.295801E-2	1.441881E-1
6.288410E-2	1.444119E-1
6.259972E-2	1.444715E-1
6.259473E-2	1.444631E-1
6.241050E-2	1.445882E-1
6.232400E-2	1.443843E-1
6.212586E-2	1.445954E-1
6.212531E-2	1.447131E-1
6.188562E-2	1.446339E-1
6.180842E-2	1.447115E-1
6.167247E-2	1.448330E-1
6.150033E-2	1.449024E-1
6.134039E-2	1.449045E-1
6.127854E-2	1.449621E-1
6.123379E-2	1.448976E-1
6.100264E-2	1.449857E-1
6.098893E-2	1.449490E-1
6.083908E-2	1.452044E-1
6.065876E-2	1.453075E-1
6.068180E-2	1.455593E-1
6.040482E-2	1.454630E-1
6.041764E-2	1.454719E-1
6.025700E-2	1.454306E-1
6.023654E-2	1.453452E-1
6.003982E-2	1.452317E-1
5.996700E-2	1.454930E-1
5.992000E-2	1.456144E-1
5.967906E-2	1.455299E-1
5.965157E-2	1.455827E-1
5.949959E-2	1.456210E-1
5.943636E-2	1.455867E-1
5.930841E-2	1.458357E-1
5.922318E-2	1.456119E-1
5.902621E-2	1.456141E-1
5.897175E-2	1.455584E-1
5.896467E-2	1.458819E-1
5.876771E-2	1.459232E-1
5.870802E-2	1.457480E-1
5.856928E-2	1.460058E-1
5.846750E-2	1.459198E-1
5.835691E-2	1.457942E-1
5.828249E-2	1.457841E-1
5.824683E-2	1.459488E-1
5.803241E-2	1.458792E-1
5.797820E-2	1.460105E-1
5.785202E-2	1.460925E-1
5.781062E-2	1.461901E-1
5.762697E-2	1.463853E-1
5.765441E-2	1.462161E-1
5.748964E-2	1.461668E-1
5.741562E-2	1.463227E-1
5.728042E-2	1.463261E-1
5.721448E-2	1.464593E-1
5.710237E-2	1.462745E-1
5.704787E-2	1.465024E-1
5.699592E-2	1.461542E-1
5.678225E-2	1.463320E-1
5.674881E-2	1.463253E-1
5.661477E-2	1.465494E-1
5.660945E-2	1.466168E-1
5.641973E-2	1.466604E-1
5.647006E-2	1.462579E-1
5.630033E-2	1.463603E-1
5.620837E-2	1.466476E-1
5.618702E-2	1.462977E-1
5.602253E-2	1.465567E-1
5.597275E-2	1.467595E-1
5.584605E-2	1.469171E-1
5.575187E-2	1.466403E-1
5.566161E-2	1.468418E-1
5.554320E-2	1.469529E-1
5.556595E-2	1.470981E-1
5.536156E-2	1.469954E-1
5.535987E-2	1.470114E-1
5.528965E-2	1.470432E-1
5.510817E-2	1.471220E-1
5.511538E-2	1.469486E-1
5.497991E-2	1.467144E-1
5.495999E-2	1.470496E-1
5.479854E-2	1.471370E-1
5.478284E-2	1.471361E-1
5.466354E-2	1.472629E-1
5.457366E-2	1.473177E-1
5.459560E-2	1.471665E-1
5.442250E-2	1.471369E-1
5.438673E-2	1.473763E-1
5.425949E-2	1.471801E-1
5.424956E-2	1.473156E-1
5.404852E-2	1.473414E-1
5.406086E-2	1.472265E-1
5.395835E-2	1.474140E-1
5.389873E-2	1.473698E-1
5.385941E-2	1.472763E-1
5.377285E-2	1.472616E-1
5.366863E-2	1.473772E-1
5.351684E-2	1.472208E-1
5.358065E-2	1.473636E-1
5.342917E-2	1.473815E-1
5.340677E-2	1.474687E-1
5.326737E-2	1.476331E-1
5.326422E-2	1.474828E-1
5.307301E-2	1.472393E-1
5.308793E-2	1.473541E-1
5.298270E-2	1.474829E-1
5.295601E-2	1.474930E-1
5.282319E-2	1.473402E-1
5.279963E-2	1.475091E-1
5.269360E-2	1.475150E-1
5.262131E-2	1.476556E-1
5.257418E-2	1.473729E-1
5.248431E-2	1.476605E-1
5.239640E-2	1.475806E-1
5.235065E-2	1.476221E-1
5.224779E-2	1.475058E-1
5.216266E-2	1.476166E-1
5.216025E-2	1.474660E-1
5.205330E-2	1.475922E-1
5.204980E-2	1.478162E-1
5.190073E-2	1.476768E-1
5.191077E-2	1.476705E-1
5.180276E-2	1.478977E-1
5.173725E-2	1.478082E-1
5.173503E-2	1.475870E-1
5.159948E-2	1.477134E-1
5.156691E-2	1.475144E-1
5.143864E-2	1.475770E-1
5.146538E-2	1.476127E-1
5.128102E-2	1.478552E-1
5.127963E-2	1.477898E-1
5.119296E-2	1.478820E-1
5.116306E-2	1.477582E-1
5.108398E-2	1.478962E-1
5.105354E-2	1.477202E-1
5.093926E-2	1.478362E-1
5.091018E-2	1.478895E-1
5.081948E-2	1.477793E-1
5.080548E-2	1.478408E-1
5.068317E-2	1.478085E-1
5.064999E-2	1.479230E-1
5.056618E-2	1.479970E-1
5.056256E-2	1.477846E-1
5.040374E-2	1.477166E-1
5.042274E-2	1.481094E-1
5.031415E-2	1.481260E-1
5.022153E-2	1.481468E-1
5.015142E-2	1.480265E-1
5.019975E-2	1.480479E-1
5.008417E-2	1.481027E-1
5.003932E-2	1.481485E-1
4.992501E-2	1.479636E-1
4.996854E-2	1.480279E-1
4.980991E-2	1.482247E-1
4.977746E-2	1.483317E-1
4.975559E-2	1.484685E-1
4.967620E-2	1.481820E-1
4.957823E-2	1.479550E-1
4.958560E-2	1.481133E-1
4.951606E-2	1.481761E-1
4.942997E-2	1.481737E-1
4.940187E-2	1.482418E-1
4.929419E-2	1.481678E-1
4.930478E-2	1.482453E-1
4.916051E-2	1.480973E-1
4.917188E-2	1.481748E-1
4.908474E-2	1.484476E-1
4.908470E-2	1.481427E-1
4.893077E-2	1.484499E-1
4.898298E-2	1.482919E-1
4.889040E-2	1.483379E-1
4.881755E-2	1.481691E-1
4.872007E-2	1.481234E-1
4.876346E-2	1.483643E-1
4.863878E-2	1.484602E-1
4.861058E-2	1.484231E-1
4.858605E-2	1.483145E-1
4.848556E-2	1.483742E-1
4.846036E-2	1.484179E-1
4.837516E-2	1.484610E-1
4.836864E-2	1.482954E-1
4.828229E-2	1.483290E-1
4.824487E-2	1.483574E-1
4.813993E-2	1.482706E-1
4.818577E-2	1.482327E-1
4.804905E-2	1.481851E-1
4.801203E-2	1.484442E-1
4.798526E-2	1.485331E-1
4.791713E-2	1.481618E-1
4.786000E-2	1.482449E-1
4.780247E-2	1.483602E-1
4.779070E-2	1.482496E-1
4.770396E-2	1.483553E-1
4.767781E-2	1.483848E-1
4.758288E-2	1.485006E-1
4.760672E-2	1.484081E-1
4.747543E-2	1.484825E-1
4.743793E-2	1.483471E-1
4.741981E-2	1.484138E-1
4.737553E-2	1.483352E-1
4.726373E-2	1.484882E-1
4.727659E-2	1.487133E-1
4.722659E-2	1.487518E-1
4.714407E-2	1.488780E-1
4.713593E-2	1.488679E-1
4.706996E-2	1.488756E-1
4.708043E-2	1.484338E-1
4.694880E-2	1.483641E-1
4.692019E-2	1.485904E-1
4.688896E-2	1.484952E-1
4.682247E-2	1.485231E-1
4.679045E-2	1.485240E-1
4.671015E-2	1.484634E-1
4.672633E-2	1.483427E-1
4.663144E-2	1.486099E-1
4.661029E-2	1.486697E-1
4.650791E-2	1.486388E-1
4.654355E-2	1.484833E-1
4.644177E-2	1.486011E-1
4.637675E-2	1.486187E-1
4.636983E-2	1.485324E-1
4.630045E-2	1.485117E-1
4.631087E-2	1.488321E-1
4.620209E-2	1.486039E-1
4.614131E-2	1.485195E-1
4.616543E-2	1.485923E-1
4.609190E-2	1.487834E-1
4.603890E-2	1.487481E-1
4.601651E-2	1.485914E-1
4.594625E-2	1.484600E-1
4.596041E-2	1.485389E-1
4.580938E-2	1.486497E-1
4.578587E-2	1.485777E-1
4.579884E-2	1.487299E-1
4.572445E-2	1.488078E-1
4.572542E-2	1.489034E-1
4.562379E-2	1.486797E-1
4.565661E-2	1.487264E-1
4.552606E-2	1.485510E-1
4.550335E-2	1.488060E-1
4.549990E-2	1.487535E-1
4.542608E-2	1.487151E-1
4.542571E-2	1.486212E-1
4.531263E-2	1.485237E-1
4.534159E-2	1.487113E-1
4.528004E-2	1.487741E-1
4.520102E-2	1.487220E-1
4.518543E-2	1.487378E-1
4.512127E-2	1.486992E-1
4.513627E-2	1.486867E-1
4.508313E-2	1.488928E-1
4.496769E-2	1.488609E-1
4.499870E-2	1.489649E-1
4.495572E-2	1.489545E-1
4.490118E-2	1.488451E-1
4.487592E-2	1.487713E-1
4.478803E-2	1.490756E-1
4.476590E-2	1.492091E-1
4.478736E-2	1.490211E-1
4.464179E-2	1.489506E-1
4.466782E-2	1.488603E-1
4.463287E-2	1.488199E-1
4.458007E-2	1.489058E-1
4.455919E-2	1.489444E-1
4.446704E-2	1.487788E-1
4.450061E-2	1.486929E-1
4.444515E-2	1.488441E-1
4.437108E-2	1.491225E-1
4.434241E-2	1.489774E-1
4.433052E-2	1.486800E-1
4.426386E-2	1.489013E-1
4.425561E-2	1.489557E-1
4.415287E-2	1.490419E-1
4.411438E-2	1.491548E-1
4.411967E-2	1.489977E-1
4.405439E-2	1.489850E-1
4.406926E-2	1.487245E-1
4.397856E-2	1.488609E-1
4.401280E-2	1.489112E-1
4.388887E-2	1.489387E-1
4.388954E-2	1.489557E-1
4.386652E-2	1.487913E-1
4.384090E-2	1.489741E-1
4.376689E-2	1.488764E-1
4.377864E-2	1.490199E-1
4.368110E-2	1.490801E-1
4.372910E-2	1.490870E-1
4.361959E-2	1.491125E-1
4.359288E-2	1.489221E-1
4.357196E-2	1.489938E-1
4.351989E-2	1.491346E-1
4.353141E-2	1.489837E-1
4.341499E-2	1.491201E-1
4.343301E-2	1.491074E-1
4.341021E-2	1.490885E-1
4.333283E-2	1.491392E-1
4.332686E-2	1.492324E-1
4.324187E-2	1.490807E-1
4.328614E-2	1.489813E-1
4.317423E-2	1.490300E-1
4.317447E-2	1.492062E-1
4.316792E-2	1.491696E-1
4.309806E-2	1.489702E-1
4.310081E-2	1.489247E-1
4.303999E-2	1.488180E-1
4.305420E-2	1.490182E-1
4.297045E-2	1.492697E-1
4.293405E-2	1.491457E-1
4.290475E-2	1.489966E-1
4.286265E-2	1.488947E-1
4.285741E-2	1.487756E-1
4.276522E-2	1.489782E-1
4.278493E-2	1.488735E-1
4.274862E-2	1.487727E-1
4.268999E-2	1.488771E-1
4.268512E-2	1.487427E-1
4.261233E-2	1.490478E-1
4.264579E-2	1.491371E-1
4.254764E-2	1.491673E-1
4.252171E-2	1.493789E-1
4.252702E-2	1.492671E-1
4.246218E-2	1.493769E-1
4.247047E-2	1.493053E-1
4.235239E-2	1.493061E-1
4.240281E-2	1.491597E-1
4.234320E-2	1.490300E-1
4.229706E-2	1.490614E-1
4.228418E-2	1.489853E-1
4.221965E-2	1.488938E-1
4.225283E-2	1.488016E-1
4.215056E-2	1.490542E-1
4.213654E-2	1.491724E-1
4.214250E-2	1.490527E-1
4.209340E-2	1.490300E-1
4.204916E-2	1.489875E-1
4.203084E-2	1.490316E-1
4.196658E-2	1.492320E-1
4.199935E-2	1.494250E-1
4.189469E-2	1.492398E-1
4.190231E-2	1.492353E-1
4.187711E-2	1.492426E-1
4.182303E-2	1.492448E-1
4.182205E-2	1.492902E-1
4.173045E-2	1.492692E-1
4.177545E-2	1.492494E-1
4.170784E-2	1.490404E-1
4.166565E-2	1.491784E-1
4.165130E-2	1.493340E-1
4.164408E-2	1.491591E-1
4.157706E-2	1.491868E-1
4.159095E-2	1.492536E-1
4.148231E-2	1.492612E-1
4.148493E-2	1.490702E-1
4.147291E-2	1.492040E-1
4.143516E-2	1.492724E-1
4.142152E-2	1.492479E-1
4.139556E-2	1.493835E-1
4.133427E-2	1.493377E-1
4.130657E-2	1.492463E-1
4.118176E-2	1.492750E-1
4.111877E-2	1.492951E-1
4.098579E-2	1.491585E-1
4.080716E-2	1.492089E-1
4.063755E-2	1.491615E-1
4.053819E-2	1.493909E-1
4.043110E-2	1.494473E-1
4.023724E-2	1.494219E-1
4.012396E-2	1.493513E-1
4.002916E-2	1.494442E-1
3.984786E-2	1.493580E-1
3.966065E-2	1.494367E-1
3.959501E-2	1.494617E-1
3.951958E-2	1.495507E-1
3.931308E-2	1.495249E-1
3.921987E-2	1.495109E-1
3.914551E-2	1.493154E-1
3.899676E-2	1.492421E-1
3.890460E-2	1.492150E-1
3.873852E-2	1.495886E-1
3.867576E-2	1.494114E-1
3.856294E-2	1.492944E-1
3.840415E-2	1.495955E-1
3.834279E-2	1.495542E-1
3.819651E-2	1.497516E-1
3.811840E-2	1.496253E-1
3.797727E-2	1.497233E-1
3.786943E-2	1.496764E-1
3.777779E-2	1.495115E-1
3.770562E-2	1.494385E-1
3.754123E-2	1.493954E-1
3.749323E-2	1.495866E-1
3.737639E-2	1.495898E-1
3.727974E-2	1.495697E-1
3.716954E-2	1.495617E-1
3.704219E-2	1.496906E-1
3.702153E-2	1.494559E-1
3.687269E-2	1.492363E-1
3.679616E-2	1.494378E-1
3.669844E-2	1.492898E-1
3.663410E-2	1.495525E-1
3.647683E-2	1.494637E-1
3.640210E-2	1.497259E-1
3.630276E-2	1.497210E-1
3.623240E-2	1.493525E-1
3.617925E-2	1.491214E-1
3.605309E-2	1.495453E-1
3.597722E-2	1.495825E-1
3.592268E-2	1.497162E-1
3.574358E-2	1.496837E-1
3.573970E-2	1.495568E-1
3.562115E-2	1.494941E-1
3.559856E-2	1.493524E-1
3.547100E-2	1.495516E-1
3.537184E-2	1.495323E-1
3.529409E-2	1.495025E-1
3.524337E-2	1.495012E-1
3.515100E-2	1.496459E-1
3.508131E-2	1.497781E-1
3.500713E-2	1.496458E-1
3.494235E-2	1.497314E-1
3.484371E-2	1.498466E-1
3.474821E-2	1.496610E-1
3.471565E-2	1.496188E-1
3.461327E-2	1.494750E-1
3.454394E-2	1.493331E-1
3.446743E-2	1.494509E-1
3.443219E-2	1.496200E-1
3.431105E-2	1.494110E-1
3.426497E-2	1.494518E-1
3.416189E-2	1.496085E-1
3.414712E-2	1.497626E-1
3.404561E-2	1.496459E-1
3.395796E-2	1.496756E-1
3.389710E-2	1.497872E-1
3.383192E-2	1.495315E-1
3.378203E-2	1.498275E-1
3.369132E-2	1.498296E-1
3.365612E-2	1.496947E-1
3.355904E-2	1.498213E-1
3.350286E-2	1.494567E-1
3.345680E-2	1.496045E-1
3.339407E-2	1.498059E-1
3.335466E-2	1.496246E-1
3.323599E-2	1.496946E-1
3.319421E-2	1.497073E-1
3.315566E-2	1.496761E-1
3.303220E-2	1.495791E-1
3.298710E-2	1.494563E-1
3.298377E-2	1.494505E-1
3.290285E-2	1.495531E-1
3.285482E-2	1.498176E-1
3.275403E-2	1.496636E-1
3.269341E-2	1.497423E-1
3.265127E-2	1.496105E-1
3.257654E-2	1.494726E-1
3.252263E-2	1.495858E-1
3.249383E-2	1.494521E-1
3.241979E-2	1.495275E-1
3.237288E-2	1.495567E-1
3.232527E-2	1.497211E-1
3.224255E-2	1.495278E-1
3.220438E-2	1.497973E-1
3.214913E-2	1.498231E-1
3.212867E-2	1.495834E-1
3.205725E-2	1.496811E-1
3.195458E-2	1.497825E-1
3.192214E-2	1.498533E-1
3.187542E-2	1.497510E-1
3.180261E-2	1.498138E-1
3.177121E-2	1.496624E-1
3.172092E-2	1.495462E-1
3.169885E-2	1.495319E-1
3.163771E-2	1.494724E-1
3.157659E-2	1.495257E-1
3.149778E-2	1.497129E-1
3.145466E-2	1.496331E-1
3.146302E-2	1.496001E-1
3.137378E-2	1.496685E-1
3.130919E-2	1.496054E-1
3.125043E-2	1.496062E-1
3.120907E-2	1.495859E-1
3.117466E-2	1.496709E-1
3.124074E-2	1.496925E-1
3.119558E-2	1.495973E-1
3.118746E-2	1.494427E-1
3.121302E-2	1.495839E-1
3.124061E-2	1.495003E-1
3.124171E-2	1.495595E-1
3.128675E-2	1.496733E-1
3.126961E-2	1.498440E-1
3.130162E-2	1.493949E-1
3.135784E-2	1.493752E-1
3.134296E-2	1.494651E-1
3.135673E-2	1.495007E-1
3.139908E-2	1.497797E-1
3.141898E-2	1.496040E-1
3.141995E-2	1.496646E-1
3.143108E-2	1.496548E-1
3.146959E-2	1.495020E-1
3.144194E-2	1.495336E-1
3.150584E-2	1.495301E-1
3.153021E-2	1.495073E-1
3.148579E-2	1.494343E-1
3.153546E-2	1.494140E-1
3.158992E-2	1.496551E-1
3.157587E-2	1.496264E-1
3.158410E-2	1.499146E-1
3.160869E-2	1.499081E-1
3.159874E-2	1.495612E-1
3.164507E-2	1.496065E-1
3.167998E-2	1.496424E-1
3.164675E-2	1.495808E-1
3.170590E-2	1.498853E-1
3.173452E-2	1.497295E-1
3.171419E-2	1.495763E-1
3.172989E-2	1.496956E-1
3.176347E-2	1.496574E-1
3.176089E-2	1.497967E-1
3.182168E-2	1.495765E-1
3.177274E-2	1.494942E-1
3.180845E-2	1.494734E-1
3.185904E-2	1.494283E-1
3.185220E-2	1.494276E-1
3.186433E-2	1.493794E-1
3.189001E-2	1.495564E-1
3.187732E-2	1.497990E-1
3.195329E-2	1.498524E-1
3.191361E-2	1.496995E-1
3.192092E-2	1.497638E-1
3.197385E-2	1.497639E-1
3.198659E-2	1.496023E-1
3.198347E-2	1.493005E-1
3.201852E-2	1.494969E-1
3.198558E-2	1.495206E-1
3.205401E-2	1.494633E-1
3.205958E-2	1.494494E-1
3.204042E-2	1.495095E-1
3.207364E-2	1.496248E-1
3.210277E-2	1.495582E-1
3.211029E-2	1.494914E-1
3.214860E-2	1.494573E-1
3.211985E-2	1.492100E-1
3.219749E-2	1.493049E-1
3.217071E-2	1.496810E-1
3.216252E-2	1.497325E-1
3.222272E-2	1.497031E-1
3.222566E-2	1.496396E-1
3.222751E-2	1.495109E-1
3.227892E-2	1.496510E-1
3.223211E-2	1.495899E-1
3.229883E-2	1.496699E-1
3.230870E-2	1.495667E-1
3.229759E-2	1.496525E-1
3.231174E-2	1.495369E-1
3.235678E-2	1.496107E-1
3.237216E-2	1.496111E-1
3.236158E-2	1.495412E-1
3.241250E-2	1.494579E-1
3.237334E-2	1.495266E-1
3.241690E-2	1.495613E-1
3.247123E-2	1.498580E-1
3.242478E-2	1.494812E-1
3.243202E-2	1.496597E-1
3.246795E-2	1.495383E-1
3.253285E-2	1.496836E-1
3.250310E-2	1.495890E-1
3.252061E-2	1.495687E-1
3.254255E-2	1.495422E-1
3.257199E-2	1.495345E-1
3.259519E-2	1.497490E-1
3.257770E-2	1.497317E-1
3.255188E-2	1.496571E-1
3.260480E-2	1.495737E-1
3.263885E-2	1.493270E-1
3.263068E-2	1.494470E-1
3.263990E-2	1.494982E-1
3.264911E-2	1.495167E-1
3.267782E-2	1.497197E-1
3.270444E-2	1.497835E-1
3.270050E-2	1.496022E-1
3.273319E-2	1.495569E-1
3.276147E-2	1.497287E-1
3.272611E-2	1.499043E-1
3.276689E-2	1.497688E-1
3.282690E-2	1.496062E-1
3.278858E-2	1.496782E-1
3.279035E-2	1.496547E-1
3.284408E-2	1.497449E-1
3.286625E-2	1.495346E-1
3.285741E-2	1.497701E-1
3.286402E-2	1.497273E-1
3.290075E-2	1.498008E-1
3.293935E-2	1.496342E-1
3.291822E-2	1.496139E-1
3.296671E-2	1.496312E-1
3.293113E-2	1.495818E-1
3.297919E-2	1.495620E-1
3.301517E-2	1.495998E-1
3.301771E-2	1.497188E-1
3.300590E-2	1.496934E-1
3.303185E-2	1.496699E-1
3.302272E-2	1.495684E-1
3.307442E-2	1.496329E-1
3.303830E-2	1.497054E-1
3.311411E-2	1.496184E-1
3.311066E-2	1.496942E-1
3.309665E-2	1.497759E-1
3.315112E-2	1.496163E-1
3.311413E-2	1.496886E-1
3.318767E-2	1.499003E-1
3.318284E-2	1.497962E-1
3.316007E-2	1.500717E-1
3.321796E-2	1.497832E-1
3.322026E-2	1.498228E-1
3.325133E-2	1.496816E-1
3.324567E-2	1.498529E-1
3.328659E-2	1.498246E-1
3.332177E-2	1.497303E-1
3.328464E-2	1.497968E-1
3.330495E-2	1.497348E-1
3.334178E-2	1.496303E-1
3.334836E-2	1.495471E-1
3.337362E-2	1.496801E-1
3.334815E-2	1.496303E-1
3.342959E-2	1.496432E-1
3.340057E-2	1.494096E-1
3.343433E-2	1.494406E-1
3.340938E-2	1.494601E-1
3.347534E-2	1.494497E-1
3.347198E-2	1.495043E-1
3.345680E-2	1.495342E-1
3.350498E-2	1.495547E-1
3.349840E-2	1.496369E-1
3.354510E-2	1.496864E-1
3.351567E-2	1.496596E-1
3.355877E-2	1.495478E-1
3.357590E-2	1.496297E-1
3.357460E-2	1.496074E-1
3.360764E-2	1.497054E-1
3.361244E-2	1.494264E-1
3.366395E-2	1.496258E-1
3.367081E-2	1.495957E-1
3.368500E-2	1.495492E-1
3.373907E-2	1.497313E-1
3.369677E-2	1.497659E-1
3.372917E-2	1.496778E-1
3.375959E-2	1.495683E-1
3.374941E-2	1.495029E-1
3.378922E-2	1.494406E-1
3.374626E-2	1.495725E-1
3.379051E-2	1.494959E-1
3.383348E-2	1.494881E-1
3.385742E-2	1.494828E-1
3.383470E-2	1.496578E-1
3.385763E-2	1.497092E-1
3.386532E-2	1.496090E-1
3.387545E-2	1.494443E-1
3.390025E-2	1.495362E-1
3.392078E-2	1.495501E-1
3.389973E-2	1.497733E-1
3.397162E-2	1.497656E-1
3.399338E-2	1.495253E-1
3.396740E-2	1.497358E-1
3.396915E-2	1.496776E-1
3.399718E-2	1.495908E-1
3.403271E-2	1.497341E-1
3.403592E-2	1.496951E-1
3.406069E-2	1.497393E-1
3.409141E-2	1.497723E-1
3.406564E-2	1.494781E-1
3.413419E-2	1.494451E-1
3.412624E-2	1.496446E-1
3.410662E-2	1.496925E-1
3.416387E-2	1.496142E-1
3.418958E-2	1.495644E-1
3.417511E-2	1.495850E-1
3.422198E-2	1.495409E-1
3.420842E-2	1.497268E-1
3.422084E-2	1.496486E-1
3.429492E-2	1.497207E-1
3.425787E-2	1.495271E-1
3.428203E-2	1.493423E-1
3.429892E-2	1.495537E-1
3.428991E-2	1.494572E-1
3.438705E-2	1.498274E-1
3.433214E-2	1.498678E-1
3.436430E-2	1.495434E-1
3.438693E-2	1.492675E-1
3.439832E-2	1.494237E-1
3.444764E-2	1.496595E-1
3.440744E-2	1.497429E-1
3.448469E-2	1.497123E-1
3.448540E-2	1.496184E-1
3.447511E-2	1.495165E-1
3.450811E-2	1.495230E-1
3.450511E-2	1.495939E-1
3.456729E-2	1.496350E-1
3.452351E-2	1.497605E-1
3.457678E-2	1.496239E-1
3.459833E-2	1.495429E-1
3.459520E-2	1.496476E-1
3.462304E-2	1.495707E-1
3.460782E-2	1.496733E-1
3.468099E-2	1.498079E-1
3.467042E-2	1.498355E-1
3.467422E-2	1.497045E-1
3.471829E-2	1.494870E-1
3.471253E-2	1.493355E-1
3.473958E-2	1.494696E-1
3.473663E-2	1.496242E-1
3.478985E-2	1.495018E-1
3.481293E-2	1.494255E-1
3.481396E-2	1.496765E-1
3.484819E-2	1.496779E-1
3.484111E-2	1.494238E-1
3.492862E-2	1.496210E-1
3.488900E-2	1.496823E-1
3.493318E-2	1.497739E-1
3.493587E-2	1.497716E-1
3.499597E-2	1.496334E-1
3.501626E-2	1.493559E-1
3.499306E-2	1.494749E-1
3.505384E-2	1.495523E-1
3.503191E-2	1.495768E-1
3.508810E-2	1.496985E-1
3.505414E-2	1.495185E-1
3.514716E-2	1.495095E-1
3.510094E-2	1.496808E-1
3.514074E-2	1.496319E-1
3.517891E-2	1.495402E-1
3.518293E-2	1.493722E-1
3.524270E-2	1.494668E-1
3.520086E-2	1.494197E-1
3.528825E-2	1.494274E-1
3.526610E-2	1.497326E-1
3.528206E-2	1.498083E-1
3.530728E-2	1.497696E-1
3.530862E-2	1.498420E-1
3.538719E-2	1.496014E-1
3.533777E-2	1.495683E-1
3.537923E-2	1.495328E-1
3.542030E-2	1.493963E-1
3.543726E-2	1.497535E-1
3.546712E-2	1.496869E-1
3.549738E-2	1.496898E-1
3.552262E-2	1.498131E-1
3.550805E-2	1.494214E-1
3.549507E-2	1.494220E-1
3.556877E-2	1.493237E-1
3.555410E-2	1.494401E-1
3.563598E-2	1.494488E-1
3.558625E-2	1.495325E-1
3.563810E-2	1.496203E-1
3.568769E-2	1.496061E-1
3.565040E-2	1.494677E-1
3.572361E-2	1.495890E-1
3.568201E-2	1.494786E-1
3.578807E-2	1.495621E-1
3.572542E-2	1.495966E-1
3.579013E-2	1.495755E-1
3.580557E-2	1.496953E-1
3.582885E-2	1.496166E-1
3.585146E-2	1.494549E-1
3.585087E-2	1.495013E-1
3.593027E-2	1.495975E-1
3.588529E-2	1.496808E-1
3.595159E-2	1.495719E-1
3.592355E-2	1.495893E-1
3.602391E-2	1.495809E-1
3.596941E-2	1.495399E-1
3.601467E-2	1.495070E-1
3.608922E-2	1.494418E-1
3.605412E-2	1.495551E-1
3.610015E-2	1.496529E-1
3.607556E-2	1.496174E-1
3.615546E-2	1.496539E-1
3.614760E-2	1.495826E-1
3.615521E-2	1.496201E-1
3.617728E-2	1.497323E-1
3.623185E-2	1.496838E-1
3.620945E-2	1.496660E-1
3.624234E-2	1.495479E-1
3.627734E-2	1.495925E-1
3.630234E-2	1.495996E-1
3.632146E-2	1.495332E-1
3.631971E-2	1.495454E-1
3.639448E-2	1.495314E-1
3.637054E-2	1.498047E-1
3.640965E-2	1.498111E-1
3.641132E-2	1.496221E-1
3.647077E-2	1.497285E-1
3.646371E-2	1.496684E-1
3.645329E-2	1.494737E-1
3.654501E-2	1.495167E-1
3.654257E-2	1.493976E-1
3.654460E-2	1.495047E-1
3.657650E-2	1.495675E-1
3.661724E-2	1.495749E-1
3.665615E-2	1.494980E-1
3.660791E-2	1.495092E-1
3.663849E-2	1.497265E-1
3.670972E-2	1.498359E-1
3.672524E-2	1.496240E-1
3.673026E-2	1.495728E-1
3.678026E-2	1.495002E-1
3.675379E-2	1.493217E-1
3.680610E-2	1.493018E-1
3.686298E-2	1.494043E-1
3.683638E-2	1.493392E-1
3.685869E-2	1.493924E-1
3.692359E-2	1.495142E-1
3.695741E-2	1.495430E-1
3.696090E-2	1.496716E-1
3.698137E-2	1.493984E-1
3.703123E-2	1.493698E-1
3.703022E-2	1.493012E-1
3.705492E-2	1.493752E-1
3.713325E-2	1.494416E-1
3.710603E-2	1.496235E-1
3.712525E-2	1.496521E-1
3.720680E-2	1.496217E-1
3.722580E-2	1.496711E-1
3.722661E-2	1.494495E-1
3.725627E-2	1.495518E-1
3.729071E-2	1.496200E-1
3.730053E-2	1.495761E-1
3.734830E-2	1.495696E-1
3.739588E-2	1.494798E-1
3.741381E-2	1.493553E-1
3.743880E-2	1.495089E-1
3.748071E-2	1.494562E-1
3.746788E-2	1.493942E-1
3.748716E-2	1.495813E-1
3.752633E-2	1.495402E-1
3.758166E-2	1.494527E-1
3.761244E-2	1.494668E-1
3.758854E-2	1.495262E-1
3.761105E-2	1.494664E-1
3.770173E-2	1.494568E-1
3.768605E-2	1.493482E-1
3.770774E-2	1.496303E-1
3.774230E-2	1.495381E-1
3.774916E-2	1.493864E-1
3.779285E-2	1.494464E-1
3.784604E-2	1.493774E-1
3.781836E-2	1.492895E-1
3.790635E-2	1.492583E-1
3.793726E-2	1.492687E-1
3.792827E-2	1.495546E-1
3.795870E-2	1.493338E-1
3.803078E-2	1.493377E-1
3.799879E-2	1.494581E-1
3.807686E-2	1.493805E-1
3.809424E-2	1.493552E-1
3.809790E-2	1.496052E-1
3.814113E-2	1.495977E-1
3.820533E-2	1.496258E-1
3.817741E-2	1.495407E-1
3.822498E-2	1.493164E-1
3.821778E-2	1.494165E-1
3.829067E-2	1.493525E-1
3.832347E-2	1.492977E-1
3.828292E-2	1.494971E-1
3.836321E-2	1.496159E-1
3.837655E-2	1.496053E-1
3.839617E-2	1.494662E-1
3.842115E-2	1.496152E-1
3.844380E-2	1.496231E-1
3.849955E-2	1.495497E-1
3.852026E-2	1.495509E-1
3.855544E-2	1.495671E-1
3.860980E-2	1.495554E-1
3.859166E-2	1.495783E-1
3.860535E-2	1.493918E-1
3.868920E-2	1.493664E-1
3.870034E-2	1.493511E-1
3.873535E-2	1.491744E-1
3.874101E-2	1.493893E-1
3.880806E-2	1.495698E-1
3.882490E-2	1.495110E-1
3.882900E-2	1.496825E-1
3.884005E-2	1.495537E-1
3.889059E-2	1.496400E-1
3.896137E-2	1.494724E-1
3.897514E-2	1.493859E-1
3.897875E-2	1.491995E-1
3.901904E-2	1.491719E-1
3.906990E-2	1.493944E-1
3.903520E-2	1.500939E-1
3.909042E-2	1.493121E-1
3.917130E-2	1.491990E-1
3.915105E-2	1.497029E-1
3.920545E-2	1.490605E-1
3.923189E-2	1.491954E-1
3.927268E-2	1.493793E-1
3.926217E-2	1.494902E-1
3.929529E-2	1.496374E-1
3.934283E-2	1.497143E-1
3.937451E-2	1.494931E-1
3.939316E-2	1.497686E-1
3.945450E-2	1.497675E-1
3.943053E-2	1.498497E-1
3.947302E-2	1.494268E-1
3.956110E-2	1.494132E-1
3.955707E-2	1.494608E-1
3.956328E-2	1.491791E-1
3.958617E-2	1.492479E-1
3.966420E-2	1.492194E-1
3.969701E-2	1.494090E-1
3.969450E-2	1.495341E-1
3.970906E-2	1.494472E-1
3.975969E-2	1.492915E-1
3.979002E-2	1.494148E-1
3.980162E-2	1.494459E-1
3.988713E-2	1.495634E-1
3.990464E-2	1.495453E-1
3.988135E-2	1.491951E-1
3.994092E-2	1.493204E-1
4.002051E-2	1.493360E-1
4.001182E-2	1.492903E-1
4.000324E-2	1.491717E-1
4.006911E-2	1.491143E-1
4.012154E-2	1.491557E-1
4.013902E-2	1.494129E-1
4.015290E-2	1.494140E-1
4.019683E-2	1.495458E-1
4.022309E-2	1.496083E-1
4.021913E-2	1.494868E-1
4.032379E-2	1.494278E-1
4.029043E-2	1.493640E-1
4.029693E-2	1.492866E-1
4.040393E-2	1.494016E-1
4.043061E-2	1.494211E-1
4.043343E-2	1.493241E-1
4.046149E-2	1.492702E-1
4.054894E-2	1.493053E-1
4.054588E-2	1.493108E-1
4.060423E-2	1.493762E-1
4.055807E-2	1.493624E-1
4.061083E-2	1.490385E-1
4.067748E-2	1.491820E-1
4.067335E-2	1.493787E-1
4.070542E-2	1.492701E-1
4.076360E-2	1.494273E-1
4.078594E-2	1.492453E-1
4.079990E-2	1.492129E-1
4.088354E-2	1.490787E-1
4.084330E-2	1.493805E-1
4.091442E-2	1.495720E-1
4.097194E-2	1.493598E-1
4.102693E-2	1.492438E-1
4.097488E-2	1.489502E-1
4.103323E-2	1.492621E-1
4.108385E-2	1.490847E-1
4.110192E-2	1.491859E-1
4.112421E-2	1.491316E-1
4.116552E-2	1.490487E-1
4.115515E-2	1.490900E-1
4.123750E-2	1.492661E-1
4.129444E-2	1.490938E-1
4.126205E-2	1.490983E-1
4.130406E-2	1.491336E-1
4.137328E-2	1.492944E-1
4.140363E-2	1.492747E-1
4.140424E-2	1.491873E-1
4.146131E-2	1.490598E-1
4.149535E-2	1.492715E-1
4.155630E-2	1.493114E-1
4.159641E-2	1.492187E-1
4.158160E-2	1.494065E-1
4.159638E-2	1.492768E-1
4.168907E-2	1.492999E-1
4.170176E-2	1.492634E-1
4.171625E-2	1.493334E-1
4.177438E-2	1.492604E-1
4.177898E-2	1.491946E-1
4.184927E-2	1.490890E-1
4.187989E-2	1.493871E-1
4.186514E-2	1.491797E-1
4.195076E-2	1.494193E-1
4.203225E-2	1.495770E-1
4.199387E-2	1.493991E-1
4.205481E-2	1.493495E-1
4.201639E-2	1.490736E-1
4.214039E-2	1.492804E-1
4.215066E-2	1.492779E-1
4.214747E-2	1.490440E-1
4.220463E-2	1.490943E-1
4.224035E-2	1.490771E-1
4.226463E-2	1.492300E-1
4.231861E-2	1.491054E-1
4.229832E-2	1.492376E-1
4.240480E-2	1.492115E-1
4.243386E-2	1.490681E-1
4.241514E-2	1.490111E-1
4.248063E-2	1.490401E-1
4.251823E-2	1.489648E-1
4.254406E-2	1.489920E-1
4.260814E-2	1.490139E-1
4.257108E-2	1.491014E-1
4.268713E-2	1.491964E-1
4.269125E-2	1.491981E-1
4.268778E-2	1.491512E-1
4.276379E-2	1.490284E-1
4.278450E-2	1.487730E-1
4.281547E-2	1.489613E-1
4.287388E-2	1.490437E-1
4.285241E-2	1.491059E-1
4.297230E-2	1.492714E-1
4.295091E-2	1.492699E-1
4.298184E-2	1.492198E-1
4.304432E-2	1.489999E-1
4.304244E-2	1.490872E-1
4.310071E-2	1.490165E-1
4.316665E-2	1.492701E-1
4.313779E-2	1.490438E-1
4.321804E-2	1.491060E-1
4.328338E-2	1.489377E-1
4.327477E-2	1.489986E-1
4.331915E-2	1.489880E-1
4.335997E-2	1.490677E-1
4.339564E-2	1.488788E-1
4.341297E-2	1.490022E-1
4.350268E-2	1.491073E-1
4.346979E-2	1.491317E-1
4.354210E-2	1.492454E-1
4.361764E-2	1.489300E-1
4.365813E-2	1.488666E-1
4.361464E-2	1.487383E-1
4.369274E-2	1.488487E-1
4.373301E-2	1.487584E-1
4.375322E-2	1.490107E-1
4.382014E-2	1.491714E-1
4.382044E-2	1.492425E-1
4.384288E-2	1.489751E-1
4.394777E-2	1.487939E-1
4.395643E-2	1.487620E-1
4.395976E-2	1.489708E-1
4.402600E-2	1.488883E-1
4.409810E-2	1.487801E-1
4.410616E-2	1.489751E-1
4.413375E-2	1.491333E-1
4.416951E-2	1.487810E-1
4.420212E-2	1.488264E-1
4.421628E-2	1.490135E-1
4.427312E-2	1.488802E-1
4.435121E-2	1.486902E-1
4.432512E-2	1.487845E-1
4.435169E-2	1.488318E-1
4.445036E-2	1.488287E-1
4.448587E-2	1.488015E-1
4.447950E-2	1.489352E-1
4.451561E-2	1.488829E-1
4.460277E-2	1.489258E-1
4.465793E-2	1.488745E-1
4.465187E-2	1.488412E-1
4.466745E-2	1.489072E-1
4.470536E-2	1.487625E-1
4.477421E-2	1.488793E-1
4.479988E-2	1.489174E-1
4.482589E-2	1.489965E-1
4.491592E-2	1.489595E-1
4.490358E-2	1.487694E-1
4.491228E-2	1.486560E-1
4.502861E-2	1.488407E-1
4.504599E-2	1.490552E-1
4.502734E-2	1.486693E-1
4.508760E-2	1.489946E-1
4.515883E-2	1.487934E-1
4.520688E-2	1.486275E-1
4.521183E-2	1.488924E-1
4.525807E-2	1.488328E-1
4.532057E-2	1.486110E-1
4.532937E-2	1.489378E-1
4.536353E-2	1.486413E-1
4.546388E-2	1.485709E-1
4.545178E-2	1.488296E-1
4.546258E-2	1.487784E-1
4.555968E-2	1.488032E-1
4.559531E-2	1.486155E-1
4.558929E-2	1.488081E-1
4.562999E-2	1.486432E-1
4.571581E-2	1.488077E-1
4.577867E-2	1.487588E-1
4.579930E-2	1.484826E-1
4.580741E-2	1.487028E-1
4.585479E-2	1.487209E-1
4.589626E-2	1.487122E-1
4.593717E-2	1.488483E-1
4.596389E-2	1.489101E-1
4.603100E-2	1.487501E-1
4.608543E-2	1.487335E-1
4.605918E-2	1.486106E-1
4.616747E-2	1.485032E-1
4.620064E-2	1.485350E-1
4.625238E-2	1.486052E-1
4.628873E-2	1.486840E-1
4.629765E-2	1.486223E-1
4.638334E-2	1.484959E-1
4.641024E-2	1.486706E-1
4.642708E-2	1.486000E-1
4.645994E-2	1.487180E-1
4.652316E-2	1.487389E-1
4.660273E-2	1.486408E-1
4.664415E-2	1.486289E-1
4.667521E-2	1.486747E-1
4.668886E-2	1.483676E-1
4.676764E-2	1.483481E-1
4.679805E-2	1.486480E-1
4.684969E-2	1.487089E-1
4.696879E-2	1.485244E-1
4.690066E-2	1.488238E-1
4.698237E-2	1.484838E-1
4.709340E-2	1.483926E-1
4.715136E-2	1.486005E-1
4.714016E-2	1.486212E-1
4.717017E-2	1.483814E-1
4.723688E-2	1.484574E-1
4.731549E-2	1.482759E-1
4.735980E-2	1.485431E-1
4.745249E-2	1.482368E-1
4.749328E-2	1.483388E-1
4.748661E-2	1.482894E-1
4.759711E-2	1.485800E-1
4.764337E-2	1.486164E-1
4.762216E-2	1.482643E-1
4.769173E-2	1.484623E-1
4.778179E-2	1.485515E-1
4.782807E-2	1.484723E-1
4.785371E-2	1.482349E-1
4.789510E-2	1.483062E-1
4.798797E-2	1.482896E-1
4.800120E-2	1.482987E-1
4.810632E-2	1.484219E-1
4.816510E-2	1.482024E-1
4.814740E-2	1.481350E-1
4.821587E-2	1.482807E-1
4.833456E-2	1.485225E-1
4.834297E-2	1.483624E-1
4.836642E-2	1.481536E-1
4.842397E-2	1.482360E-1
4.850418E-2	1.481612E-1
4.855289E-2	1.482448E-1
4.858593E-2	1.483421E-1
4.860512E-2	1.482629E-1
4.868650E-2	1.483377E-1
4.870810E-2	1.483502E-1
4.874617E-2	1.484093E-1
4.883573E-2	1.483894E-1
4.885948E-2	1.480408E-1
4.889362E-2	1.481681E-1
4.903726E-2	1.482429E-1
4.907632E-2	1.483305E-1
4.907483E-2	1.481585E-1
4.911803E-2	1.483312E-1
4.920630E-2	1.481254E-1
4.927350E-2	1.478737E-1
4.938589E-2	1.482145E-1
4.934043E-2	1.480130E-1
4.937758E-2	1.479212E-1
4.945346E-2	1.479478E-1
4.957479E-2	1.481557E-1
4.958676E-2	1.482492E-1
4.962504E-2	1.481950E-1
4.972561E-2	1.480280E-1
4.979254E-2	1.480832E-1
4.982527E-2	1.477862E-1
4.988996E-2	1.477948E-1
4.997313E-2	1.479883E-1
4.997355E-2	1.481950E-1
5.010933E-2	1.480814E-1
5.015591E-2	1.479260E-1
5.015387E-2	1.478770E-1
5.026989E-2	1.480974E-1
5.038832E-2	1.480748E-1
5.040878E-2	1.480949E-1
5.045722E-2	1.479020E-1
5.052553E-2	1.477626E-1
5.055255E-2	1.478470E-1
5.063042E-2	1.480697E-1
5.074533E-2	1.481350E-1
5.080744E-2	1.480164E-1
5.083900E-2	1.478936E-1
5.093594E-2	1.478806E-1
5.095892E-2	1.479513E-1
5.101446E-2	1.478000E-1
5.109074E-2	1.477948E-1
5.111793E-2	1.479672E-1
5.123539E-2	1.478287E-1
5.129670E-2	1.477157E-1
5.129590E-2	1.476505E-1
5.145424E-2	1.479720E-1
5.147374E-2	1.479729E-1
5.149266E-2	1.476619E-1
5.160126E-2	1.477027E-1
5.166935E-2	1.476275E-1
5.171703E-2	1.476562E-1
5.184750E-2	1.476974E-1
5.182580E-2	1.475746E-1
5.189113E-2	1.476361E-1
5.203297E-2	1.476292E-1
5.208435E-2	1.475759E-1
5.218986E-2	1.475517E-1
5.216755E-2	1.475424E-1
5.228684E-2	1.476091E-1
5.234422E-2	1.477021E-1
5.239304E-2	1.475902E-1
5.244529E-2	1.476172E-1
5.253625E-2	1.477275E-1
5.256254E-2	1.477257E-1
5.262019E-2	1.476034E-1
5.275938E-2	1.474925E-1
5.282672E-2	1.476479E-1
5.281094E-2	1.475434E-1
5.292206E-2	1.474659E-1
5.303111E-2	1.472296E-1
5.306842E-2	1.473385E-1
5.308612E-2	1.475972E-1
5.315200E-2	1.474742E-1
5.327490E-2	1.473017E-1
5.340125E-2	1.473289E-1
5.341144E-2	1.474569E-1
5.346556E-2	1.473187E-1
5.354675E-2	1.473837E-1
5.362022E-2	1.473996E-1
5.364331E-2	1.472941E-1
5.378206E-2	1.471361E-1
5.385572E-2	1.471540E-1
5.382692E-2	1.472189E-1
5.400901E-2	1.471658E-1
5.406262E-2	1.470578E-1
5.407873E-2	1.470241E-1
5.414020E-2	1.469848E-1
5.423271E-2	1.471254E-1
5.431875E-2	1.471660E-1
5.440305E-2	1.471463E-1
5.443738E-2	1.471523E-1
5.450819E-2	1.470285E-1
5.457708E-2	1.467887E-1
5.461210E-2	1.469306E-1
5.476110E-2	1.470321E-1
5.480902E-2	1.469782E-1
5.479794E-2	1.469524E-1
5.493584E-2	1.470490E-1
5.501730E-2	1.470417E-1
5.504666E-2	1.469682E-1
5.514693E-2	1.470454E-1
5.519997E-2	1.470316E-1
5.530311E-2	1.468998E-1
5.543846E-2	1.467818E-1
5.545609E-2	1.466849E-1
5.553044E-2	1.467235E-1
5.552439E-2	1.467552E-1
5.568155E-2	1.467540E-1
5.575889E-2	1.466722E-1
5.574396E-2	1.467275E-1
5.584300E-2	1.467604E-1
5.597171E-2	1.467246E-1
5.603707E-2	1.467080E-1
5.608567E-2	1.467105E-1
5.618445E-2	1.465337E-1
5.623980E-2	1.466073E-1
5.628709E-2	1.463527E-1
5.645240E-2	1.465992E-1
5.645333E-2	1.465206E-1
5.651695E-2	1.464493E-1
5.662563E-2	1.465426E-1
5.672843E-2	1.465958E-1
5.675157E-2	1.465682E-1
5.683040E-2	1.466061E-1
5.694379E-2	1.466598E-1
5.698952E-2	1.464423E-1
5.713178E-2	1.464147E-1
5.722069E-2	1.464685E-1
5.720145E-2	1.464392E-1
5.738520E-2	1.464073E-1
5.748236E-2	1.461974E-1
5.757752E-2	1.461778E-1
5.758439E-2	1.462581E-1
5.769729E-2	1.462625E-1
5.774036E-2	1.462715E-1
5.788738E-2	1.461753E-1
5.797992E-2	1.459856E-1
5.796795E-2	1.459491E-1
5.814053E-2	1.461316E-1
5.822115E-2	1.460266E-1
5.825312E-2	1.459541E-1
5.836493E-2	1.458726E-1
5.848962E-2	1.458088E-1
5.857280E-2	1.457834E-1
5.864012E-2	1.457207E-1
5.875961E-2	1.456470E-1
5.882312E-2	1.458076E-1
5.885397E-2	1.457563E-1
5.904221E-2	1.457459E-1
5.907320E-2	1.458183E-1
5.910422E-2	1.455345E-1
5.923703E-2	1.457843E-1
5.938971E-2	1.455327E-1
5.945510E-2	1.455738E-1
5.950436E-2	1.455347E-1
5.962410E-2	1.456010E-1
5.964954E-2	1.456136E-1
5.977683E-2	1.454297E-1
5.992131E-2	1.454826E-1
5.990092E-2	1.453946E-1
6.005758E-2	1.454605E-1
6.015856E-2	1.453763E-1
6.022198E-2	1.453584E-1
6.031429E-2	1.452700E-1
6.043071E-2	1.452745E-1
6.047505E-2	1.451711E-1
6.063339E-2	1.451523E-1
6.072877E-2	1.449667E-1
6.071467E-2	1.450029E-1
6.088764E-2	1.449081E-1
6.102091E-2	1.450841E-1
6.105277E-2	1.451502E-1
6.113284E-2	1.451018E-1
6.125198E-2	1.451446E-1
6.130126E-2	1.452699E-1
6.147223E-2	1.450617E-1
6.152489E-2	1.447684E-1
6.156098E-2	1.446819E-1
6.176506E-2	1.445891E-1
6.177878E-2	1.446356E-1
6.186184E-2	1.446268E-1
6.200094E-2	1.447175E-1
6.204829E-2	1.448360E-1
6.222267E-2	1.445542E-1
6.230022E-2	1.445713E-1
6.232426E-2	1.444282E-1
6.252340E-2	1.445704E-1
6.258171E-2	1.444481E-1
6.261149E-2	1.441583E-1
6.275510E-2	1.445358E-1
6.285651E-2	1.444803E-1
6.292348E-2	1.441739E-1
6.310118E-2	1.441867E-1
6.310604E-2	1.442659E-1
6.321420E-2	1.443250E-1
6.335465E-2	1.443024E-1
6.343809E-2	1.441614E-1
6.345479E-2	1.439126E-1
6.359118E-2	1.439109E-1
6.372777E-2	1.439049E-1
6.386727E-2	1.440520E-1
6.389889E-2	1.438457E-1
6.398144E-2	1.439342E-1
6.408685E-2	1.437630E-1
6.428176E-2	1.436643E-1
6.428385E-2	1.438045E-1
6.436343E-2	1.436013E-1
6.454610E-2	1.436416E-1
6.463820E-2	1.435204E-1
6.470894E-2	1.433436E-1
6.485532E-2	1.433347E-1
6.484491E-2	1.434051E-1
6.504134E-2	1.433366E-1
6.516057E-2	1.432578E-1
6.518487E-2	1.431412E-1
6.526271E-2	1.430678E-1
6.546686E-2	1.430593E-1
6.555102E-2	1.434771E-1
6.564652E-2	1.432880E-1
6.570748E-2	1.430648E-1
6.578070E-2	1.427207E-1
6.589330E-2	1.430016E-1
6.610890E-2	1.429930E-1
6.614705E-2	1.428563E-1
6.618903E-2	1.428461E-1
6.636032E-2	1.427180E-1
6.651035E-2	1.427343E-1
6.657625E-2	1.426368E-1
6.663820E-2	1.425706E-1
6.675195E-2	1.424389E-1
6.688742E-2	1.421535E-1
6.696355E-2	1.422830E-1
6.706664E-2	1.423585E-1
6.724190E-2	1.423347E-1
6.723486E-2	1.422596E-1
6.739854E-2	1.421626E-1
6.755707E-2	1.419910E-1
6.756784E-2	1.419734E-1
6.765485E-2	1.419081E-1
6.785000E-2	1.421683E-1
6.794492E-2	1.419465E-1
6.803033E-2	1.420883E-1
6.818372E-2	1.417797E-1
6.820400E-2	1.418328E-1
6.838790E-2	1.415234E-1
6.852616E-2	1.416631E-1
6.852116E-2	1.414679E-1
6.867883E-2	1.415942E-1
6.885335E-2	1.415669E-1
6.891736E-2	1.412057E-1
6.900835E-2	1.409568E-1
6.912843E-2	1.411494E-1
6.916283E-2	1.412297E-1
6.942723E-2	1.411219E-1
6.941142E-2	1.410894E-1
6.952394E-2	1.411824E-1
6.971703E-2	1.410270E-1
6.974605E-2	1.408500E-1
6.998244E-2	1.408874E-1
7.010019E-2	1.407851E-1
7.014041E-2	1.405194E-1
7.029984E-2	1.406717E-1
7.028727E-2	1.404094E-1
7.048775E-2	1.403182E-1
7.049772E-2	1.403401E-1
7.077404E-2	1.403222E-1
7.075122E-2	1.403306E-1
7.088683E-2	1.402328E-1
7.108545E-2	1.401381E-1
7.110514E-2	1.400633E-1
7.131797E-2	1.398543E-1
7.127790E-2	1.397128E-1
7.153034E-2	1.395559E-1
7.160445E-2	1.395452E-1
7.164500E-2	1.394228E-1
7.188044E-2	1.394636E-1
7.188335E-2	1.393631E-1
7.211876E-2	1.392723E-1
7.216405E-2	1.391070E-1
7.224753E-2	1.392199E-1
7.246645E-2	1.390564E-1
7.250832E-2	1.390552E-1
7.262386E-2	1.388414E-1
7.277546E-2	1.386768E-1
7.281322E-2	1.386373E-1
7.299698E-2	1.387397E-1
7.315680E-2	1.386323E-1
7.318963E-2	1.383506E-1
7.339386E-2	1.382992E-1
7.347178E-2	1.382261E-1
7.357692E-2	1.380135E-1
7.372697E-2	1.380371E-1
7.376101E-2	1.377447E-1
7.400519E-2	1.376306E-1
7.406796E-2	1.377792E-1
7.411665E-2	1.377360E-1
7.432175E-2	1.375571E-1
7.443311E-2	1.374352E-1
7.452562E-2	1.372463E-1
7.469314E-2	1.370916E-1
7.469993E-2	1.370180E-1
7.495874E-2	1.369609E-1
7.505212E-2	1.369465E-1
7.506232E-2	1.368998E-1
7.531941E-2	1.366198E-1
7.537017E-2	1.366316E-1
7.557578E-2	1.363644E-1
7.558608E-2	1.361827E-1
7.574879E-2	1.361401E-1
7.603559E-2	1.361375E-1
7.595010E-2	1.361271E-1
7.617483E-2	1.360809E-1
7.617424E-2	1.357898E-1
7.646390E-2	1.355165E-1
7.643271E-2	1.352275E-1
7.663818E-2	1.353475E-1
7.678428E-2	1.350291E-1
7.689323E-2	1.349876E-1
7.697030E-2	1.346735E-1
7.710716E-2	1.346896E-1
7.733224E-2	1.344629E-1
7.734594E-2	1.343372E-1
7.753915E-2	1.341902E-1
7.758775E-2	1.342348E-1
7.782874E-2	1.341096E-1
7.782474E-2	1.341546E-1
7.802969E-2	1.339264E-1
7.811459E-2	1.337425E-1
7.834440E-2	1.336524E-1
7.833504E-2	1.333778E-1
7.856150E-2	1.332616E-1
7.868441E-2	1.330876E-1
7.874987E-2	1.326996E-1
7.893090E-2	1.328038E-1
7.899825E-2	1.325602E-1
7.924672E-2	1.324463E-1
7.935975E-2	1.323956E-1
7.944298E-2	1.323720E-1
7.958276E-2	1.319577E-1
7.969738E-2	1.318259E-1
7.979248E-2	1.316666E-1
7.995065E-2	1.316078E-1
8.015694E-2	1.314517E-1
8.018349E-2	1.311926E-1
8.031092E-2	1.310065E-1
8.048426E-2	1.308469E-1
8.060485E-2	1.305339E-1
8.079733E-2	1.304537E-1
8.079204E-2	1.305286E-1
8.107728E-2	1.302598E-1
8.118532E-2	1.300305E-1
8.123036E-2	1.299348E-1
8.144337E-2	1.297057E-1
8.147983E-2	1.294657E-1
8.172269E-2	1.291427E-1
8.183097E-2	1.288306E-1
8.201706E-2	1.286672E-1
8.211101E-2	1.283990E-1
8.223224E-2	1.281966E-1
8.232116E-2	1.281186E-1
8.252553E-2	1.279106E-1
8.255335E-2	1.276941E-1
8.281322E-2	1.273860E-1
8.292073E-2	1.271578E-1
8.295025E-2	1.266793E-1
8.313126E-2	1.266463E-1
8.324347E-2	1.268155E-1
8.330741E-2	1.265968E-1
8.344277E-2	1.265613E-1
8.341582E-2	1.264750E-1
8.368037E-2	1.263411E-1
8.365479E-2	1.261532E-1
8.370985E-2	1.259303E-1
8.393118E-2	1.257689E-1
8.392432E-2	1.256196E-1
8.412844E-2	1.254594E-1
8.414473E-2	1.253624E-1
8.419559E-2	1.250762E-1
8.439785E-2	1.249553E-1
8.452706E-2	1.249151E-1
8.446259E-2	1.247668E-1
8.462668E-2	1.247757E-1
8.469446E-2	1.243471E-1
8.476921E-2	1.241535E-1
8.491879E-2	1.239805E-1
8.488122E-2	1.238630E-1
8.507548E-2	1.237774E-1
8.519433E-2	1.234905E-1
8.519418E-2	1.234505E-1
8.531871E-2	1.235083E-1
8.545111E-2	1.233621E-1
8.556898E-2	1.232840E-1
8.569521E-2	1.229002E-1
8.563147E-2	1.227465E-1
8.580205E-2	1.224742E-1
8.595108E-2	1.223569E-1
8.596134E-2	1.221000E-1
8.605188E-2	1.220796E-1
8.618736E-2	1.219093E-1
8.629843E-2	1.218672E-1
8.645917E-2	1.214886E-1
8.636987E-2	1.213518E-1
8.654061E-2	1.213101E-1
8.672959E-2	1.211584E-1
8.669903E-2	1.211562E-1
8.680169E-2	1.205842E-1
8.704387E-2	1.205020E-1
8.700382E-2	1.204464E-1
8.717930E-2	1.203136E-1
8.712455E-2	1.199376E-1
8.734705E-2	1.199305E-1
8.743741E-2	1.199918E-1
8.746826E-2	1.196130E-1
8.764042E-2	1.193276E-1
8.759597E-2	1.192533E-1
8.784201E-2	1.190557E-1
8.790037E-2	1.189896E-1
8.789517E-2	1.187505E-1
8.811517E-2	1.185862E-1
8.820068E-2	1.183452E-1
8.825154E-2	1.181831E-1
8.838771E-2	1.179142E-1
8.840606E-2	1.177548E-1
8.864724E-2	1.176462E-1
8.862671E-2	1.174865E-1
8.868411E-2	1.172637E-1
8.887037E-2	1.168536E-1
8.894827E-2	1.170260E-1
8.900861E-2	1.167335E-1
8.920079E-2	1.163390E-1
8.914498E-2	1.159342E-1
8.933820E-2	1.157522E-1
8.945175E-2	1.155617E-1
8.946315E-2	1.152491E-1
8.956534E-2	1.151353E-1
8.978289E-2	1.148652E-1
8.985014E-2	1.142722E-1
8.990564E-2	1.139008E-1
9.006900E-2	1.133458E-1
9.004890E-2	1.130126E-1
9.014097E-2	1.125591E-1
9.038721E-2	1.116981E-1
9.040386E-2	1.110068E-1
9.042644E-2	1.104247E-1
9.060055E-2	1.095407E-1
9.074890E-2	1.084744E-1
9.082726E-2	1.070710E-1
9.087188E-2	1.056960E-1
9.101306E-2	1.047873E-1
9.110648E-2	1.013485E-1
9.112634E-2	9.920644E-2
9.134360E-2	9.624449E-2
9.133404E-2	9.326002E-2
9.138749E-2	9.054633E-2
9.161835E-2	8.766295E-2
9.172907E-2	8.431093E-2
9.170052E-2	8.135465E-2
9.180594E-2	7.845852E-2
9.194287E-2	7.565904E-2
9.200495E-2	7.274629E-2
9.225403E-2	6.981933E-2
9.219605E-2	6.715468E-2
9.233224E-2	6.440311E-2
9.250929E-2	6.143261E-2
9.267516E-2	5.975201E-2
9.259344E-2	5.624584E-2
9.275309E-2	5.106236E-2
9.279202E-2	4.747752E-2
9.291316E-2	4.329946E-2
9.311083E-2	3.919139E-2
9.300815E-2	3.490069E-2
9.327880E-2	3.006429E-2
9.339074E-2	2.577420E-2
9.336020E-2	2.161081E-2
9.347943E-2	1.818926E-2
9.364145E-2	1.634271E-2
9.372078E-2	1.305720E-2
9.382769E-2	1.024595E-2
9.379698E-2	8.110471E-3
9.405466E-2	6.689941E-3
9.419095E-2	5.348188E-3
9.416774E-2	4.282765E-3
9.433613E-2	3.511303E-3
9.440996E-2	2.775412E-3
9.448711E-2	2.212685E-3
9.465244E-2	2.164504E-3
9.462119E-2	1.818820E-3
9.487004E-2	1.576419E-3
9.497028E-2	1.317119E-3
9.497155E-2	1.131858E-3
9.497553E-2	8.730100E-4
9.519945E-2	7.691220E-4
9.524950E-2	5.396960E-4
9.551461E-2	5.507730E-4
9.547068E-2	4.380410E-4
9.556842E-2	5.459440E-4
9.575126E-2	5.671680E-4
9.581993E-2	3.348380E-4
9.588499E-2	4.590330E-4
9.602397E-2	4.027190E-4
9.610317E-2	3.727290E-4
9.616503E-2	2.232940E-4
9.633059E-2	1.669280E-4
9.647861E-2	2.050000E-4
9.644989E-2	2.484170E-4
9.663333E-2	2.246620E-4
9.668820E-2	6.767500E-5
9.676558E-2	1.007510E-4
9.691750E-2	9.791100E-5
9.692754E-2	1.304180E-4
9.709308E-2	1.374800E-4
9.726689E-2	2.253300E-3
9.725436E-2	4.520518E-3
9.747245E-2	9.825140E-4
9.756122E-2	-4.115229E-3
9.756306E-2	-1.193881E-3
9.773323E-2	-4.452320E-4
9.770817E-2	-1.014220E-4
9.794469E-2	-3.119100E-5
9.801514E-2	-8.740000E-6
9.800771E-2	1.510500E-5
