2.195354E-1	1.464269E-3
2.199921E-1	7.855440E-4
2.199152E-1	7.128980E-4
2.201718E-1	7.034740E-4
2.204249E-1	5.780390E-4
2.202685E-1	5.953000E-4
2.204550E-1	5.257270E-4
2.206186E-1	5.088280E-4
2.204151E-1	4.860280E-4
2.206654E-1	4.158360E-4
2.208702E-1	3.580890E-4
2.207238E-1	3.886340E-4
2.210186E-1	3.230250E-4
2.210795E-1	3.313780E-4
2.209144E-1	3.588250E-4
2.213367E-1	3.158470E-4
2.211175E-1	2.875990E-4
2.214125E-1	3.048210E-4
2.213618E-1	2.606170E-4
2.213970E-1	1.897150E-4
2.216396E-1	1.850410E-4
2.214654E-1	1.979000E-4
2.218963E-1	2.230610E-4
2.217086E-1	1.587690E-4
2.217407E-1	1.021840E-4
2.220059E-1	6.937900E-5
2.218999E-1	1.076190E-4
2.222744E-1	9.816900E-5
2.220580E-1	1.729310E-4
2.223287E-1	1.616740E-4
2.223897E-1	2.394320E-4
2.222336E-1	2.248560E-4
2.224866E-1	2.559050E-4
2.224560E-1	1.306120E-4
2.226726E-1	1.330520E-4
2.228745E-1	1.368990E-4
2.227018E-1	6.386600E-5
2.229406E-1	1.093360E-4
2.229775E-1	-3.137000E-6
2.228485E-1	4.402400E-5
2.232288E-1	4.006790E-4
2.230937E-1	9.966600E-5
2.232031E-1	3.759400E-5
2.233899E-1	2.771800E-5
2.232288E-1	1.231890E-4
2.233230E-1	1.692910E-4
2.236660E-1	8.910600E-5
2.234789E-1	1.052820E-4
2.237404E-1	9.583200E-5
2.238686E-1	1.442320E-4
2.239609E-1	2.289000E-5
2.238676E-1	1.474300E-5
2.240125E-1	2.531700E-5
2.239164E-1	9.884000E-5
2.240735E-1	2.054000E-5
2.241233E-1	5.525500E-5
2.240477E-1	7.655700E-5
2.241298E-1	1.647850E-4
2.244270E-1	8.794400E-5
2.243198E-1	9.343100E-5
2.243503E-1	1.106010E-4
2.246192E-1	9.372800E-5
2.245720E-1	1.548440E-4
2.245190E-1	9.676200E-5
2.245469E-1	8.585200E-5
2.248963E-1	1.811810E-4
2.246616E-1	9.544500E-5
2.247527E-1	1.147200E-4
2.250177E-1	1.091680E-4
2.249875E-1	4.745800E-5
2.249573E-1	3.884700E-5
2.252458E-1	2.412900E-5
2.252960E-1	8.742800E-5
2.250951E-1	5.286700E-5
2.252469E-1	1.083810E-4
2.254705E-1	9.221700E-5
2.252934E-1	6.207200E-4
2.254438E-1	3.084360E-4
2.256721E-1	1.455230E-4
2.254868E-1	1.139710E-4
2.256277E-1	7.216800E-5
2.258332E-1	6.320800E-5
2.256600E-1	1.274880E-4
2.258563E-1	1.946720E-4
2.259905E-1	1.507130E-4
2.256972E-1	1.226980E-4
2.259672E-1	6.930200E-5
2.261307E-1	1.851960E-4
2.259704E-1	1.210970E-4
2.263036E-1	8.106300E-5
2.262595E-1	1.181300E-5
2.261474E-1	8.319300E-5
2.264616E-1	9.194600E-5
2.262707E-1	1.230600E-4
2.264123E-1	8.722100E-5
2.265985E-1	3.765900E-5
2.263639E-1	1.098140E-4
2.267043E-1	1.360470E-4
2.265083E-1	7.839000E-5
2.266758E-1	7.305900E-5
2.269001E-1	5.304800E-5
2.267106E-1	1.098650E-4
2.269794E-1	9.252700E-5
2.268944E-1	5.853500E-5
2.267649E-1	-8.056000E-6
2.271228E-1	-1.627000E-6
2.270498E-1	7.027000E-5
2.270025E-1	8.605900E-5
2.272883E-1	1.083550E-4
2.270579E-1	3.701300E-5
2.272137E-1	5.845700E-5
2.274241E-1	9.685200E-5
2.272591E-1	8.053300E-5
2.272553E-1	5.883200E-5
2.275603E-1	1.013580E-4
2.272687E-1	6.273000E-5
2.275156E-1	4.380400E-5
2.276913E-1	7.209000E-5
2.275332E-1	7.067000E-5
2.278083E-1	1.007380E-4
2.278315E-1	1.191350E-4
2.276808E-1	3.550000E-6
2.278360E-1	9.166000E-6
2.280204E-1	9.677400E-5
2.278375E-1	1.316320E-4
2.279341E-1	1.442580E-4
2.281729E-1	1.315030E-4
2.280934E-1	1.404620E-4
2.279689E-1	2.267280E-4
2.282489E-1	2.379340E-4
2.283739E-1	2.080210E-4
2.282095E-1	1.317220E-4
2.282366E-1	1.161270E-4
2.284107E-1	4.124800E-5
2.284694E-1	1.382030E-4
2.283741E-1	7.920400E-5
2.285064E-1	1.266740E-4
2.287848E-1	6.848800E-5
2.285867E-1	1.321350E-4
2.284682E-1	1.170180E-4
2.287180E-1	1.048690E-4
2.287694E-1	6.771400E-5
2.286517E-1	3.855000E-5
2.288964E-1	9.849100E-5
2.289710E-1	4.752200E-5
2.288587E-1	7.495600E-5
2.288515E-1	2.218000E-5
2.288481E-1	3.796900E-5
2.291644E-1	1.492800E-4
2.289264E-1	1.271390E-4
2.290030E-1	1.151330E-4
2.292433E-1	1.460520E-4
2.290687E-1	1.313090E-4
2.284590E-1	1.287140E-4
2.281959E-1	1.646430E-4
2.278222E-1	8.444500E-5
2.277887E-1	6.628100E-5
2.279794E-1	5.215700E-5
2.281720E-1	4.381700E-5
2.281004E-1	1.041850E-4
2.282345E-1	1.452260E-4
2.284271E-1	7.935900E-5
2.282343E-1	2.625900E-5
2.281037E-1	1.896500E-4
2.281976E-1	1.349370E-4
2.283419E-1	1.108590E-4
2.282243E-1	1.085610E-4
2.282746E-1	1.704010E-4
2.284272E-1	8.409700E-5
2.283164E-1	3.395400E-5
2.282188E-1	6.598400E-5
2.284083E-1	8.257300E-5
2.283777E-1	1.434300E-5
2.282550E-1	2.401300E-5
2.283605E-1	9.496700E-5
2.283484E-1	9.601300E-5
2.282553E-1	-2.268300E-5
2.284208E-1	3.230000E-7
2.284300E-1	7.478800E-5
2.283649E-1	7.890700E-5
2.284137E-1	6.709400E-5
2.283899E-1	1.107560E-4
2.282860E-1	1.092200E-4
2.284534E-1	1.615450E-4
2.283972E-1	9.002200E-5
2.282763E-1	8.015900E-5
2.283059E-1	1.460270E-4
2.283686E-1	7.316200E-5
2.282695E-1	8.550400E-5
2.283348E-1	4.648900E-5
2.283491E-1	1.179990E-4
2.282144E-1	5.813400E-5
2.282678E-1	3.769800E-5
2.282650E-1	7.161300E-5
2.282800E-1	3.449600E-5
2.282489E-1	-6.230400E-5
2.283195E-1	3.419900E-5
2.281956E-1	3.826600E-5
2.281308E-1	9.450000E-6
2.281235E-1	7.530500E-5
2.281193E-1	8.616200E-5
2.280232E-1	4.933000E-5
2.280363E-1	9.822000E-5
2.281094E-1	1.520170E-4
2.280172E-1	1.580070E-4
2.278983E-1	1.285590E-4
2.279786E-1	1.543800E-4
2.279571E-1	2.514900E-5
2.278305E-1	-1.492400E-5
2.278555E-1	-3.827900E-5
2.278613E-1	6.913400E-5
2.278031E-1	9.695500E-5
2.277907E-1	7.455600E-5
2.277568E-1	3.471500E-5
2.277804E-1	-2.137900E-5
2.276605E-1	2.336700E-5
2.274704E-1	1.021840E-4
2.274548E-1	1.390940E-4
2.275385E-1	3.471500E-5
2.274162E-1	9.760100E-5
2.274532E-1	1.094520E-4
2.273966E-1	4.698000E-5
2.274468E-1	1.004020E-4
2.274955E-1	1.658310E-4
2.273726E-1	9.019000E-5
2.272462E-1	8.776300E-5
2.272619E-1	2.058140E-4
2.272633E-1	9.611600E-5
2.270932E-1	5.151100E-5
2.269343E-1	1.250480E-4
2.269555E-1	1.379190E-4
2.269092E-1	8.817600E-5
2.269313E-1	4.105000E-6
2.268344E-1	4.957500E-5
2.267529E-1	7.249000E-5
2.267449E-1	5.046600E-5
2.267018E-1	4.898100E-5
2.266122E-1	5.706300E-5
2.265831E-1	7.135400E-5
2.265884E-1	2.689200E-5
2.263484E-1	6.679700E-5
2.263931E-1	4.160900E-5
2.264079E-1	5.288000E-5
2.263007E-1	9.204900E-5
2.261464E-1	1.261710E-4
2.261413E-1	8.068800E-5
2.261056E-1	1.019390E-4
2.259448E-1	3.582600E-5
2.260030E-1	2.969300E-5
2.260330E-1	5.750200E-5
2.258974E-1	1.144100E-4
2.257909E-1	4.439800E-5
2.257466E-1	1.309350E-4
2.257439E-1	1.245050E-4
2.255823E-1	1.170180E-4
2.255060E-1	-7.618300E-5
2.255221E-1	-1.436380E-4
2.255290E-1	-7.472400E-5
2.253464E-1	1.711900E-5
2.254109E-1	2.223100E-5
2.252615E-1	8.248300E-5
2.251936E-1	4.397200E-5
2.252100E-1	5.450700E-5
2.249635E-1	1.181540E-4
2.249230E-1	9.735500E-5
2.249968E-1	8.160500E-5
2.248590E-1	5.311200E-5
2.249379E-1	1.214590E-4
2.247592E-1	1.447740E-4
2.246828E-1	6.168500E-5
2.246665E-1	7.734500E-5
2.244968E-1	6.626800E-5
2.244077E-1	4.696700E-5
2.243897E-1	7.539500E-5
2.244257E-1	6.518300E-5
2.242272E-1	9.148100E-5
2.242207E-1	6.344000E-5
2.241463E-1	1.101240E-4
2.241508E-1	1.766100E-5
2.240892E-1	1.069000E-5
2.240125E-1	-5.138000E-6
2.239815E-1	-1.630600E-5
2.237767E-1	7.849400E-5
2.238762E-1	1.335170E-4
2.237160E-1	1.506610E-4
2.237524E-1	1.163980E-4
2.236197E-1	3.156500E-5
2.234831E-1	5.005300E-5
2.234952E-1	1.127440E-4
2.233212E-1	1.045460E-4
2.234243E-1	7.676400E-5
2.233157E-1	7.254200E-5
2.232611E-1	7.008900E-5
2.232655E-1	5.951600E-5
2.230325E-1	7.148300E-5
2.230296E-1	1.638170E-4
2.230192E-1	8.232800E-5
2.229046E-1	3.213300E-5
2.227199E-1	3.311500E-5
2.227228E-1	1.577230E-4
2.226323E-1	1.084840E-4
2.226952E-1	6.708100E-5
2.225432E-1	2.086410E-4
2.226403E-1	1.308440E-4
2.224803E-1	1.098780E-4
2.223655E-1	6.781700E-5
2.223281E-1	5.166600E-5
2.221994E-1	4.850300E-5
2.221436E-1	8.523300E-5
2.221943E-1	-8.779000E-6
2.220474E-1	3.408000E-6
2.220346E-1	8.509100E-5
2.219463E-1	-1.501400E-5
2.218301E-1	4.606300E-5
2.218478E-1	7.366500E-5
2.217529E-1	7.592500E-5
2.216227E-1	9.580600E-5
2.216298E-1	1.112850E-4
2.214624E-1	3.317900E-5
2.214634E-1	2.088900E-5
2.214358E-1	5.027200E-5
2.213036E-1	7.753800E-5
2.214002E-1	7.326500E-5
2.211436E-1	6.280800E-5
2.211457E-1	6.007100E-5
2.209856E-1	1.369800E-5
2.209868E-1	5.233800E-5
2.209472E-1	-2.259000E-6
2.208577E-1	8.426500E-5
2.208682E-1	6.119400E-5
2.206393E-1	9.088700E-5
2.207141E-1	9.281100E-5
2.205642E-1	8.147600E-5
2.206710E-1	1.422700E-4
2.204622E-1	1.148230E-4
2.204910E-1	9.146800E-5
2.203068E-1	9.047400E-5
2.203347E-1	1.417660E-4
2.200616E-1	1.050630E-4
2.202034E-1	1.742090E-4
2.200173E-1	2.058910E-4
2.200867E-1	1.137380E-4
2.198241E-1	7.657000E-5
2.198926E-1	5.605600E-5
2.197198E-1	7.748700E-5
2.197283E-1	1.105750E-4
2.196466E-1	1.488280E-4
2.195911E-1	1.395460E-4
2.196111E-1	8.067500E-5
2.192965E-1	1.052050E-4
2.193146E-1	1.550380E-4
2.190644E-1	1.537600E-4
2.191304E-1	1.394300E-4
2.189079E-1	1.779660E-4
2.188742E-1	2.443370E-4
2.186621E-1	5.329300E-5
2.186878E-1	1.642300E-4
2.185863E-1	1.502870E-4
2.185713E-1	1.976030E-4
2.184459E-1	2.423230E-4
2.183699E-1	2.258370E-4
2.183191E-1	1.996680E-4
2.183233E-1	2.422590E-4
2.182304E-1	2.209700E-4
2.180857E-1	2.593780E-4
2.181604E-1	2.539430E-4
2.179987E-1	2.395610E-4
2.179753E-1	3.230510E-4
2.177312E-1	3.169310E-4
2.178164E-1	2.991540E-4
2.176342E-1	3.315200E-4
2.177232E-1	3.477090E-4
2.174727E-1	3.925330E-4
2.174996E-1	4.067210E-4
2.172603E-1	4.213610E-4
2.173636E-1	4.118720E-4
2.171779E-1	4.481760E-4
2.172784E-1	4.717880E-4
2.170854E-1	5.217760E-4
2.170582E-1	5.509400E-4
2.169091E-1	6.016130E-4
2.168992E-1	5.904710E-4
2.168896E-1	6.397240E-4
2.168147E-1	6.100170E-4
2.167947E-1	7.109360E-4
2.165873E-1	7.681280E-4
2.166304E-1	8.488680E-4
2.164325E-1	9.064340E-4
2.165488E-1	8.419870E-4
2.163664E-1	8.753980E-4
2.164022E-1	8.865140E-4
2.161924E-1	9.334680E-4
2.161835E-1	1.107071E-3
2.160635E-1	1.209306E-3
2.161119E-1	1.172009E-3
2.160103E-1	1.265013E-3
2.159322E-1	1.357114E-3
2.157766E-1	1.496260E-3
2.157920E-1	1.623154E-3
2.156974E-1	1.690906E-3
2.156931E-1	1.869002E-3
2.156141E-1	2.019573E-3
2.156023E-1	2.179841E-3
2.153939E-1	2.413889E-3
2.154447E-1	2.632936E-3
2.152619E-1	2.986377E-3
2.153514E-1	3.274596E-3
2.151965E-1	3.631665E-3
2.152370E-1	4.036527E-3
2.150181E-1	4.628085E-3
2.150701E-1	5.160293E-3
2.148478E-1	5.771163E-3
2.149661E-1	6.412128E-3
2.147732E-1	7.025669E-3
2.148422E-1	7.823078E-3
2.146785E-1	8.656031E-3
2.145988E-1	9.137928E-3
2.145198E-1	1.063640E-2
2.146196E-1	1.166212E-2
2.144581E-1	1.291934E-2
2.144501E-1	1.429461E-2
2.142870E-1	1.555210E-2
2.142710E-1	1.702179E-2
2.141317E-1	1.848103E-2
2.141577E-1	2.015974E-2
2.140847E-1	2.182697E-2
2.139945E-1	2.364349E-2
2.139992E-1	2.545289E-2
2.139091E-1	2.745330E-2
2.138449E-1	2.953936E-2
2.137053E-1	3.062866E-2
2.138629E-1	3.409557E-2
2.137138E-1	3.644164E-2
2.136434E-1	3.877564E-2
2.134617E-1	4.013772E-2
2.135106E-1	4.408290E-2
2.134283E-1	4.681249E-2
2.133625E-1	4.952234E-2
2.133687E-1	5.250712E-2
2.131979E-1	5.551440E-2
2.132859E-1	5.883792E-2
2.130724E-1	6.275431E-2
2.131463E-1	6.685714E-2
2.129856E-1	7.103221E-2
2.130762E-1	7.584815E-2
2.129501E-1	8.058253E-2
2.128537E-1	8.587622E-2
2.127741E-1	9.165463E-2
2.126853E-1	9.746087E-2
2.127719E-1	1.037183E-1
2.126180E-1	1.105647E-1
2.127134E-1	1.189107E-1
2.124689E-1	1.289668E-1
2.125005E-1	1.397223E-1
2.123470E-1	1.521560E-1
2.123924E-1	1.665654E-1
2.122827E-1	1.833027E-1
2.122052E-1	2.019926E-1
2.121895E-1	2.228205E-1
2.119576E-1	2.465459E-1
2.120464E-1	2.702710E-1
2.119003E-1	2.939748E-1
2.119829E-1	3.183049E-1
2.118753E-1	3.429186E-1
2.119281E-1	3.559550E-1
2.117928E-1	3.950711E-1
2.116821E-1	4.177920E-1
2.116653E-1	4.382695E-1
2.115860E-1	4.560977E-1
2.116800E-1	4.715509E-1
2.114882E-1	4.844110E-1
2.115538E-1	4.958722E-1
2.112808E-1	5.056318E-1
2.113709E-1	5.139536E-1
2.112134E-1	5.213716E-1
2.112926E-1	5.277694E-1
2.111084E-1	5.333347E-1
2.111604E-1	5.377659E-1
2.110105E-1	5.414600E-1
2.109743E-1	5.446554E-1
2.108998E-1	5.472934E-1
2.109363E-1	5.497432E-1
2.108891E-1	5.517058E-1
2.107792E-1	5.533166E-1
2.107186E-1	5.547665E-1
2.106444E-1	5.558447E-1
2.106869E-1	5.568471E-1
2.105691E-1	5.572544E-1
2.105710E-1	5.582518E-1
2.104283E-1	5.587800E-1
2.104129E-1	5.592685E-1
2.102711E-1	5.595553E-1
2.103144E-1	5.598919E-1
2.102750E-1	5.602585E-1
2.102197E-1	5.604486E-1
2.101830E-1	5.605345E-1
2.101110E-1	5.607807E-1
2.100638E-1	5.610389E-1
2.100000E-1	5.611502E-1
2.100234E-1	5.613084E-1
2.098669E-1	5.615174E-1
2.099645E-1	5.616773E-1
2.097610E-1	5.616975E-1
2.097824E-1	5.618262E-1
2.096176E-1	5.619008E-1
2.096537E-1	5.620426E-1
2.096260E-1	5.620759E-1
2.095664E-1	5.621613E-1
2.095002E-1	5.622502E-1
2.093909E-1	5.623178E-1
2.094863E-1	5.624337E-1
2.093287E-1	5.623908E-1
2.094026E-1	5.624422E-1
2.092704E-1	5.624618E-1
2.092659E-1	5.625294E-1
2.091159E-1	5.626874E-1
2.091406E-1	5.627706E-1
2.090425E-1	5.627551E-1
2.091018E-1	5.628390E-1
2.090161E-1	5.627310E-1
2.089866E-1	5.628516E-1
2.088547E-1	5.629931E-1
2.088562E-1	5.630247E-1
2.087738E-1	5.630201E-1
2.087690E-1	5.631302E-1
2.087090E-1	5.631533E-1
2.086829E-1	5.632226E-1
2.085486E-1	5.632638E-1
2.085456E-1	5.632856E-1
2.085160E-1	5.633116E-1
2.084005E-1	5.632824E-1
2.084520E-1	5.633464E-1
2.083678E-1	5.633362E-1
2.083127E-1	5.634767E-1
2.081616E-1	5.634861E-1
2.082389E-1	5.635177E-1
2.081052E-1	5.635739E-1
2.082188E-1	5.635824E-1
2.080510E-1	5.635562E-1
2.080955E-1	5.635792E-1
2.078904E-1	5.636237E-1
2.079508E-1	5.636343E-1
2.078095E-1	5.636465E-1
2.079214E-1	5.636833E-1
2.077588E-1	5.637186E-1
2.077954E-1	5.637927E-1
2.076204E-1	5.637751E-1
2.076388E-1	5.638860E-1
2.075584E-1	5.639041E-1
2.075746E-1	5.639140E-1
2.073934E-1	5.638895E-1
2.074036E-1	5.639222E-1
2.075051E-1	5.638846E-1
2.073106E-1	5.638859E-1
2.073769E-1	5.639178E-1
2.073239E-1	5.640148E-1
2.072623E-1	5.639860E-1
2.073126E-1	5.640164E-1
2.070895E-1	5.640500E-1
2.071510E-1	5.640626E-1
2.069903E-1	5.640328E-1
2.070291E-1	5.640581E-1
2.070349E-1	5.640907E-1
2.068501E-1	5.641434E-1
2.069339E-1	5.641374E-1
2.067599E-1	5.641248E-1
2.068623E-1	5.641262E-1
2.067546E-1	5.641485E-1
2.068389E-1	5.641780E-1
2.067120E-1	5.642010E-1
2.066284E-1	5.641896E-1
2.065637E-1	5.641788E-1
2.065759E-1	5.642015E-1
2.065504E-1	5.642371E-1
2.065019E-1	5.642932E-1
2.064797E-1	5.642946E-1
2.064310E-1	5.643109E-1
2.062669E-1	5.642522E-1
2.063141E-1	5.642660E-1
2.062533E-1	5.642410E-1
2.062906E-1	5.642508E-1
2.061512E-1	5.642585E-1
2.061959E-1	5.643550E-1
2.060369E-1	5.644194E-1
2.061191E-1	5.644088E-1
2.059692E-1	5.645091E-1
2.060689E-1	5.643495E-1
2.059436E-1	5.644334E-1
2.058334E-1	5.644859E-1
2.058743E-1	5.645071E-1
2.058150E-1	5.645211E-1
2.057900E-1	5.644009E-1
2.056845E-1	5.644094E-1
2.057696E-1	5.644435E-1
2.056428E-1	5.644354E-1
2.056268E-1	5.644681E-1
2.055257E-1	5.644731E-1
2.055596E-1	5.645182E-1
2.054925E-1	5.645355E-1
2.055669E-1	5.645429E-1
2.053887E-1	5.644477E-1
2.054583E-1	5.645736E-1
2.052522E-1	5.645927E-1
2.053355E-1	5.645480E-1
2.051793E-1	5.645273E-1
2.052494E-1	5.645660E-1
2.051745E-1	5.645486E-1
2.050683E-1	5.645618E-1
2.051518E-1	5.646095E-1
2.049631E-1	5.645321E-1
2.050935E-1	5.645054E-1
2.050626E-1	5.645707E-1
2.049319E-1	5.645723E-1
2.049913E-1	5.645999E-1
2.048098E-1	5.646033E-1
2.047935E-1	5.646125E-1
2.047836E-1	5.646600E-1
2.047238E-1	5.646497E-1
2.048276E-1	5.647743E-1
2.046927E-1	5.647374E-1
2.046899E-1	5.647000E-1
2.045961E-1	5.647258E-1
2.044952E-1	5.647154E-1
2.045725E-1	5.647072E-1
2.044251E-1	5.647074E-1
2.045551E-1	5.647038E-1
2.043668E-1	5.647641E-1
2.044257E-1	5.648106E-1
2.042512E-1	5.648144E-1
2.043458E-1	5.648057E-1
2.042255E-1	5.647201E-1
2.042985E-1	5.646447E-1
2.041528E-1	5.646555E-1
2.042328E-1	5.647275E-1
2.041113E-1	5.647458E-1
2.041189E-1	5.647747E-1
2.039455E-1	5.647636E-1
2.040432E-1	5.647743E-1
2.040712E-1	5.648057E-1
2.039247E-1	5.648294E-1
2.039892E-1	5.647823E-1
2.038874E-1	5.647550E-1
2.039084E-1	5.647471E-1
2.037754E-1	5.647992E-1
2.038633E-1	5.648009E-1
2.036394E-1	5.648117E-1
2.037664E-1	5.647911E-1
2.036303E-1	5.648271E-1
2.037045E-1	5.648463E-1
2.035662E-1	5.648642E-1
2.037003E-1	5.648642E-1
2.035492E-1	5.648609E-1
2.035755E-1	5.648549E-1
2.034569E-1	5.648360E-1
2.035686E-1	5.648575E-1
2.034098E-1	5.648876E-1
2.034895E-1	5.649094E-1
2.033257E-1	5.649156E-1
2.033319E-1	5.648852E-1
2.033260E-1	5.649433E-1
2.033087E-1	5.648993E-1
2.034004E-1	5.648268E-1
2.032576E-1	5.648818E-1
2.033545E-1	5.649014E-1
2.032625E-1	5.649206E-1
2.033489E-1	5.649128E-1
2.031993E-1	5.649882E-1
2.032213E-1	5.650398E-1
2.031198E-1	5.649282E-1
2.030561E-1	5.649669E-1
2.030126E-1	5.649824E-1
2.029397E-1	5.649964E-1
2.029462E-1	5.648628E-1
2.028720E-1	5.649282E-1
2.029279E-1	5.649490E-1
2.028181E-1	5.649951E-1
2.027767E-1	5.650487E-1
2.027690E-1	5.650641E-1
2.026423E-1	5.650945E-1
2.027660E-1	5.650292E-1
2.026212E-1	5.649513E-1
2.026356E-1	5.650036E-1
2.026000E-1	5.649984E-1
2.024528E-1	5.650451E-1
2.025547E-1	5.649740E-1
2.026046E-1	5.649597E-1
2.024884E-1	5.649966E-1
2.025132E-1	5.650110E-1
2.024175E-1	5.649742E-1
2.023141E-1	5.649768E-1
2.023625E-1	5.650248E-1
2.023278E-1	5.649791E-1
2.021999E-1	5.650405E-1
2.022686E-1	5.650088E-1
2.022408E-1	5.650945E-1
2.021079E-1	5.650003E-1
2.022290E-1	5.649704E-1
2.021601E-1	5.649884E-1
2.021157E-1	5.650743E-1
2.021029E-1	5.650396E-1
2.020253E-1	5.650051E-1
2.019402E-1	5.650297E-1
2.019992E-1	5.650556E-1
2.019792E-1	5.650782E-1
2.020009E-1	5.650681E-1
2.019602E-1	5.650118E-1
2.018623E-1	5.651215E-1
2.018590E-1	5.650924E-1
2.018597E-1	5.650395E-1
2.017890E-1	5.650231E-1
2.018537E-1	5.650993E-1
2.016729E-1	5.650626E-1
2.017027E-1	5.650066E-1
2.016289E-1	5.651077E-1
2.016192E-1	5.651607E-1
2.016768E-1	5.651858E-1
2.015948E-1	5.652000E-1
2.016049E-1	5.651524E-1
2.014752E-1	5.651803E-1
2.015728E-1	5.650915E-1
2.014264E-1	5.650905E-1
2.015410E-1	5.651369E-1
2.014017E-1	5.650907E-1
2.013943E-1	5.651602E-1
2.013258E-1	5.651072E-1
2.012266E-1	5.650636E-1
2.013515E-1	5.650901E-1
2.012122E-1	5.650844E-1
2.013177E-1	5.650671E-1
2.011704E-1	5.651607E-1
2.011541E-1	5.651700E-1
2.012121E-1	5.651468E-1
2.010699E-1	5.651088E-1
2.011931E-1	5.650960E-1
2.010560E-1	5.651334E-1
2.010568E-1	5.651513E-1
2.010313E-1	5.651588E-1
2.009103E-1	5.652265E-1
2.010448E-1	5.651499E-1
2.010171E-1	5.651587E-1
2.009835E-1	5.651864E-1
2.010513E-1	5.651475E-1
2.009106E-1	5.651035E-1
2.008933E-1	5.651089E-1
2.009043E-1	5.650578E-1
2.008507E-1	5.650830E-1
2.008116E-1	5.651860E-1
2.009023E-1	5.651489E-1
2.008171E-1	5.652371E-1
2.007983E-1	5.651355E-1
2.007794E-1	5.650770E-1
2.007015E-1	5.651713E-1
2.007129E-1	5.652417E-1
2.006685E-1	5.651770E-1
2.005589E-1	5.652189E-1
2.006079E-1	5.651696E-1
2.005220E-1	5.652011E-1
2.005562E-1	5.652401E-1
2.005502E-1	5.651876E-1
2.004419E-1	5.651771E-1
2.005063E-1	5.651845E-1
2.004297E-1	5.652970E-1
2.003365E-1	5.652187E-1
2.004473E-1	5.652594E-1
2.003096E-1	5.652762E-1
2.003352E-1	5.651987E-1
2.003004E-1	5.651800E-1
2.001641E-1	5.651837E-1
2.002900E-1	5.650905E-1
2.002296E-1	5.651663E-1
2.002268E-1	5.652201E-1
2.002213E-1	5.652410E-1
2.001129E-1	5.652464E-1
2.001391E-1	5.652028E-1
2.000763E-1	5.652653E-1
2.000294E-1	5.652528E-1
2.001285E-1	5.652978E-1
1.999743E-1	5.652661E-1
2.000443E-1	5.652537E-1
1.999392E-1	5.652997E-1
1.998773E-1	5.652590E-1
2.000288E-1	5.652432E-1
1.999002E-1	5.652251E-1
1.998920E-1	5.652201E-1
1.998443E-1	5.652679E-1
1.997644E-1	5.652660E-1
1.998413E-1	5.652392E-1
1.997825E-1	5.652960E-1
1.997447E-1	5.652416E-1
1.997913E-1	5.652188E-1
1.996788E-1	5.651894E-1
1.996939E-1	5.652047E-1
1.997303E-1	5.651958E-1
1.996602E-1	5.652359E-1
1.997235E-1	5.652455E-1
1.995419E-1	5.652241E-1
1.995966E-1	5.652054E-1
1.995190E-1	5.652414E-1
1.995221E-1	5.652510E-1
1.995723E-1	5.652447E-1
1.994618E-1	5.652919E-1
1.995381E-1	5.652980E-1
1.994821E-1	5.653480E-1
1.993451E-1	5.652788E-1
1.994599E-1	5.652448E-1
1.993447E-1	5.652958E-1
1.993529E-1	5.653561E-1
1.993670E-1	5.653021E-1
1.993135E-1	5.652745E-1
1.992544E-1	5.652630E-1
1.993447E-1	5.652968E-1
1.993226E-1	5.653617E-1
1.992121E-1	5.653213E-1
1.992635E-1	5.652705E-1
1.991765E-1	5.652594E-1
1.990553E-1	5.652669E-1
1.991576E-1	5.652757E-1
1.991661E-1	5.652949E-1
1.991298E-1	5.652989E-1
1.991171E-1	5.651805E-1
1.991294E-1	5.652214E-1
1.989990E-1	5.652878E-1
1.989368E-1	5.653084E-1
1.990507E-1	5.652599E-1
1.989817E-1	5.653184E-1
1.989361E-1	5.652968E-1
1.990030E-1	5.653488E-1
1.989449E-1	5.653418E-1
1.989428E-1	5.653480E-1
1.989369E-1	5.652927E-1
1.989741E-1	5.653438E-1
1.988586E-1	5.653174E-1
1.987681E-1	5.652482E-1
1.988135E-1	5.652820E-1
1.988043E-1	5.653319E-1
1.987570E-1	5.653031E-1
1.988344E-1	5.652950E-1
1.987557E-1	5.652553E-1
1.986708E-1	5.652757E-1
1.986894E-1	5.653062E-1
1.987213E-1	5.652794E-1
1.986484E-1	5.652686E-1
1.986518E-1	5.652402E-1
1.986912E-1	5.653616E-1
1.986307E-1	5.653118E-1
1.985370E-1	5.652906E-1
1.985865E-1	5.652701E-1
1.984985E-1	5.653298E-1
1.985064E-1	5.653129E-1
1.985299E-1	5.653702E-1
1.984946E-1	5.654148E-1
1.984654E-1	5.653385E-1
1.984134E-1	5.653173E-1
1.984828E-1	5.653560E-1
1.984868E-1	5.653982E-1
1.983555E-1	5.653605E-1
1.982812E-1	5.653432E-1
1.983329E-1	5.652724E-1
1.983802E-1	5.652641E-1
1.983337E-1	5.653120E-1
1.983013E-1	5.653746E-1
1.984132E-1	5.653129E-1
1.982914E-1	5.653469E-1
1.983185E-1	5.653485E-1
1.982503E-1	5.653861E-1
1.982506E-1	5.653885E-1
1.982075E-1	5.653071E-1
1.981282E-1	5.653678E-1
1.981843E-1	5.653657E-1
1.981801E-1	5.652137E-1
1.981261E-1	5.652134E-1
1.980962E-1	5.653122E-1
1.981415E-1	5.653215E-1
1.980812E-1	5.653261E-1
1.979707E-1	5.653916E-1
1.980332E-1	5.653611E-1
1.981219E-1	5.654249E-1
1.980386E-1	5.654341E-1
1.979873E-1	5.653890E-1
1.979640E-1	5.653438E-1
1.979395E-1	5.653194E-1
1.979682E-1	5.653759E-1
1.979746E-1	5.653724E-1
1.979437E-1	5.652674E-1
1.980208E-1	5.653209E-1
1.979539E-1	5.654083E-1
1.978408E-1	5.654096E-1
1.978466E-1	5.653291E-1
1.979077E-1	5.653378E-1
1.977925E-1	5.653994E-1
1.978515E-1	5.654640E-1
1.978009E-1	5.654147E-1
1.977713E-1	5.654215E-1
1.977277E-1	5.654894E-1
1.976739E-1	5.654526E-1
1.977755E-1	5.653382E-1
1.977125E-1	5.653199E-1
1.977177E-1	5.653736E-1
1.977350E-1	5.653705E-1
1.975976E-1	5.653545E-1
1.975702E-1	5.653331E-1
1.977116E-1	5.653720E-1
1.976416E-1	5.654103E-1
1.976063E-1	5.654548E-1
1.976100E-1	5.653434E-1
1.975940E-1	5.652999E-1
1.975232E-1	5.653244E-1
1.975637E-1	5.653122E-1
1.976308E-1	5.653333E-1
1.975820E-1	5.653346E-1
1.974854E-1	5.653750E-1
1.974610E-1	5.653244E-1
1.975044E-1	5.653106E-1
1.975470E-1	5.653402E-1
1.974825E-1	5.653543E-1
1.974025E-1	5.653372E-1
1.974292E-1	5.653595E-1
1.973382E-1	5.653015E-1
1.973492E-1	5.654039E-1
1.973945E-1	5.655681E-1
1.973779E-1	5.655215E-1
1.973752E-1	5.655045E-1
1.974025E-1	5.653832E-1
1.973704E-1	5.653887E-1
1.973542E-1	5.653458E-1
1.973674E-1	5.653927E-1
1.973723E-1	5.654932E-1
1.972686E-1	5.654150E-1
1.972270E-1	5.654497E-1
1.972861E-1	5.653876E-1
1.973279E-1	5.653937E-1
1.973037E-1	5.653847E-1
1.972322E-1	5.653875E-1
1.972140E-1	5.654209E-1
1.972861E-1	5.653927E-1
1.972295E-1	5.653367E-1
1.971544E-1	5.653774E-1
1.971946E-1	5.653755E-1
1.972189E-1	5.654285E-1
1.971631E-1	5.654472E-1
1.971450E-1	5.653641E-1
1.971415E-1	5.654172E-1
1.972292E-1	5.652995E-1
1.971332E-1	5.653734E-1
1.970250E-1	5.653478E-1
1.970606E-1	5.653874E-1
1.970960E-1	5.653207E-1
1.970669E-1	5.653714E-1
1.970386E-1	5.654126E-1
1.970602E-1	5.653876E-1
1.970641E-1	5.653821E-1
1.969613E-1	5.653681E-1
1.969159E-1	5.654117E-1
1.970125E-1	5.653341E-1
1.970694E-1	5.653884E-1
1.970057E-1	5.653781E-1
1.969761E-1	5.654262E-1
1.969585E-1	5.654580E-1
1.969429E-1	5.654355E-1
1.969450E-1	5.654372E-1
1.969175E-1	5.654295E-1
1.969405E-1	5.655274E-1
1.970335E-1	5.654288E-1
1.969883E-1	5.653914E-1
1.969374E-1	5.653489E-1
1.969462E-1	5.654173E-1
1.969867E-1	5.654676E-1
1.968540E-1	5.655357E-1
1.967896E-1	5.654793E-1
1.969149E-1	5.654626E-1
1.968693E-1	5.654517E-1
1.968316E-1	5.654472E-1
1.968022E-1	5.654429E-1
1.968121E-1	5.654348E-1
1.968546E-1	5.654208E-1
1.967078E-1	5.654712E-1
1.967608E-1	5.654264E-1
1.968708E-1	5.653286E-1
1.968579E-1	5.654022E-1
1.967393E-1	5.654544E-1
1.967235E-1	5.654566E-1
1.967251E-1	5.654111E-1
1.966630E-1	5.654578E-1
1.967002E-1	5.653416E-1
1.967572E-1	5.653217E-1
1.967086E-1	5.653542E-1
1.966461E-1	5.654213E-1
1.966588E-1	5.654053E-1
1.966913E-1	5.654444E-1
1.965966E-1	5.654405E-1
1.966214E-1	5.654200E-1
1.966537E-1	5.654108E-1
1.965200E-1	5.653818E-1
1.965902E-1	5.654148E-1
1.965940E-1	5.653432E-1
1.965717E-1	5.653554E-1
1.965723E-1	5.653705E-1
1.966054E-1	5.654529E-1
1.965413E-1	5.654840E-1
1.964686E-1	5.655198E-1
1.965033E-1	5.655109E-1
1.965811E-1	5.654435E-1
1.964813E-1	5.653676E-1
1.965190E-1	5.653810E-1
1.964669E-1	5.654284E-1
1.964440E-1	5.654522E-1
1.964679E-1	5.654468E-1
1.964870E-1	5.654588E-1
1.964010E-1	5.654132E-1
1.964258E-1	5.654226E-1
1.963495E-1	5.654143E-1
1.964083E-1	5.653794E-1
1.964236E-1	5.654282E-1
1.963812E-1	5.654508E-1
1.964762E-1	5.654602E-1
1.963767E-1	5.654304E-1
1.963166E-1	5.655076E-1
1.963982E-1	5.654591E-1
1.964124E-1	5.654471E-1
1.964062E-1	5.654046E-1
1.963940E-1	5.654495E-1
1.963048E-1	5.654017E-1
1.962721E-1	5.653396E-1
1.961894E-1	5.653874E-1
1.961637E-1	5.654706E-1
1.960337E-1	5.654023E-1
1.957074E-1	5.654168E-1
1.954679E-1	5.653981E-1
1.950161E-1	5.654777E-1
1.945518E-1	5.655687E-1
1.936565E-1	5.655846E-1
1.923923E-1	5.656266E-1
1.915164E-1	5.657143E-1
1.899598E-1	5.657022E-1
1.892938E-1	5.656676E-1
1.887345E-1	5.657170E-1
1.881718E-1	5.656716E-1
1.881068E-1	5.656808E-1
1.878104E-1	5.657114E-1
1.875254E-1	5.656914E-1
1.875800E-1	5.657481E-1
1.874914E-1	5.657246E-1
1.873149E-1	5.656706E-1
1.875412E-1	5.657128E-1
1.875702E-1	5.657513E-1
1.873797E-1	5.657228E-1
1.875294E-1	5.657622E-1
1.876542E-1	5.657059E-1
1.875899E-1	5.656270E-1
1.877550E-1	5.656912E-1
1.878901E-1	5.657133E-1
1.879529E-1	5.655833E-1
1.880513E-1	5.656711E-1
1.884308E-1	5.656602E-1
1.885541E-1	5.656948E-1
1.885673E-1	5.656932E-1
1.888291E-1	5.656575E-1
1.891092E-1	5.656865E-1
1.891116E-1	5.656884E-1
1.893296E-1	5.656551E-1
1.897523E-1	5.656834E-1
1.898757E-1	5.657136E-1
1.899843E-1	5.656364E-1
1.903795E-1	5.656286E-1
1.905048E-1	5.656069E-1
1.906047E-1	5.656783E-1
1.911658E-1	5.656185E-1
1.914907E-1	5.656030E-1
1.914400E-1	5.656819E-1
1.918085E-1	5.657263E-1
1.918032E-1	5.657058E-1
1.923559E-1	5.656711E-1
1.923995E-1	5.657347E-1
1.927705E-1	5.656151E-1
1.930366E-1	5.655393E-1
1.931442E-1	5.655239E-1
1.936791E-1	5.655780E-1
1.935422E-1	5.656195E-1
1.941015E-1	5.655699E-1
1.942525E-1	5.655523E-1
1.945519E-1	5.655780E-1
1.949415E-1	5.654546E-1
1.949555E-1	5.655388E-1
1.955077E-1	5.654764E-1
1.954988E-1	5.654947E-1
1.959783E-1	5.655415E-1
1.961776E-1	5.655299E-1
1.963382E-1	5.654886E-1
1.967820E-1	5.655162E-1
1.967629E-1	5.655006E-1
1.973174E-1	5.654907E-1
1.974749E-1	5.654758E-1
1.977875E-1	5.654105E-1
1.981310E-1	5.654689E-1
1.981733E-1	5.653256E-1
1.987148E-1	5.653362E-1
1.985896E-1	5.653540E-1
1.983070E-1	5.653274E-1
1.984103E-1	5.653466E-1
1.983919E-1	5.653182E-1
1.985645E-1	5.652032E-1
1.987402E-1	5.652002E-1
1.988442E-1	5.652514E-1
1.990843E-1	5.652537E-1
1.991919E-1	5.651956E-1
1.991680E-1	5.651812E-1
1.993205E-1	5.652141E-1
1.992858E-1	5.651262E-1
1.993886E-1	5.651498E-1
1.994778E-1	5.650267E-1
1.994207E-1	5.651635E-1
1.994936E-1	5.651463E-1
1.995322E-1	5.651631E-1
1.994332E-1	5.651828E-1
1.995469E-1	5.652504E-1
1.994691E-1	5.651978E-1
1.993395E-1	5.652243E-1
1.994272E-1	5.651254E-1
1.993001E-1	5.651451E-1
1.992027E-1	5.652368E-1
1.992553E-1	5.652542E-1
1.991627E-1	5.652047E-1
1.990135E-1	5.651836E-1
1.989303E-1	5.651726E-1
1.988969E-1	5.652045E-1
1.987972E-1	5.652085E-1
1.986797E-1	5.652550E-1
1.985750E-1	5.652493E-1
1.983449E-1	5.652844E-1
1.981888E-1	5.653190E-1
1.980696E-1	5.652782E-1
1.978910E-1	5.653128E-1
1.976964E-1	5.653423E-1
1.976670E-1	5.653291E-1
1.974258E-1	5.653411E-1
1.971959E-1	5.653258E-1
1.970460E-1	5.652875E-1
1.968522E-1	5.653306E-1
1.967065E-1	5.653260E-1
1.965242E-1	5.653651E-1
1.963568E-1	5.654023E-1
1.961826E-1	5.654307E-1
1.959548E-1	5.654622E-1
1.957578E-1	5.654649E-1
1.955788E-1	5.655340E-1
1.954199E-1	5.654867E-1
1.952849E-1	5.655046E-1
1.950515E-1	5.655210E-1
1.948046E-1	5.654626E-1
1.945945E-1	5.654922E-1
1.944429E-1	5.655245E-1
1.943188E-1	5.655138E-1
1.940772E-1	5.655933E-1
1.938271E-1	5.655750E-1
1.936879E-1	5.655271E-1
1.935008E-1	5.655514E-1
1.932864E-1	5.655966E-1
1.931157E-1	5.655997E-1
1.928742E-1	5.655969E-1
1.926874E-1	5.655700E-1
1.924699E-1	5.655979E-1
1.922498E-1	5.657187E-1
1.918961E-1	5.656616E-1
1.917731E-1	5.655559E-1
1.916701E-1	5.655900E-1
1.914288E-1	5.655632E-1
1.912660E-1	5.655914E-1
1.911478E-1	5.656461E-1
1.909102E-1	5.656122E-1
1.907094E-1	5.655656E-1
1.905543E-1	5.656522E-1
1.903853E-1	5.656406E-1
1.901325E-1	5.656235E-1
1.899147E-1	5.655540E-1
1.897590E-1	5.655766E-1
1.895689E-1	5.656124E-1
1.893655E-1	5.656024E-1
1.891844E-1	5.656729E-1
1.889645E-1	5.656795E-1
1.888254E-1	5.657268E-1
1.886637E-1	5.657343E-1
1.884014E-1	5.656540E-1
1.881734E-1	5.656006E-1
1.879951E-1	5.657004E-1
1.878582E-1	5.656493E-1
1.876858E-1	5.656672E-1
1.874680E-1	5.656791E-1
1.872866E-1	5.656856E-1
1.870998E-1	5.656452E-1
1.868299E-1	5.657216E-1
1.867144E-1	5.656976E-1
1.865963E-1	5.656225E-1
1.864111E-1	5.656856E-1
1.862270E-1	5.657050E-1
1.859953E-1	5.656982E-1
1.858567E-1	5.656830E-1
1.856545E-1	5.656603E-1
1.853246E-1	5.657320E-1
1.852635E-1	5.657432E-1
1.851072E-1	5.656737E-1
1.848755E-1	5.657056E-1
1.846474E-1	5.656644E-1
1.845612E-1	5.656809E-1
1.843590E-1	5.656505E-1
1.841883E-1	5.656985E-1
1.840132E-1	5.657037E-1
1.838387E-1	5.656667E-1
1.836461E-1	5.656118E-1
1.834504E-1	5.656672E-1
1.833883E-1	5.656208E-1
1.831613E-1	5.656538E-1
1.829146E-1	5.657427E-1
1.827394E-1	5.656367E-1
1.825292E-1	5.656413E-1
1.823804E-1	5.657035E-1
1.822639E-1	5.657610E-1
1.820745E-1	5.657203E-1
1.818709E-1	5.656698E-1
1.817611E-1	5.656694E-1
1.815100E-1	5.656727E-1
1.813578E-1	5.656475E-1
1.812177E-1	5.656195E-1
1.810312E-1	5.656623E-1
1.808824E-1	5.656182E-1
1.806582E-1	5.655874E-1
1.804701E-1	5.655639E-1
1.803814E-1	5.656093E-1
1.800819E-1	5.655890E-1
1.800269E-1	5.656431E-1
1.799159E-1	5.656328E-1
1.796460E-1	5.656222E-1
1.794944E-1	5.656694E-1
1.793788E-1	5.656823E-1
1.791560E-1	5.656591E-1
1.790276E-1	5.655563E-1
1.789053E-1	5.655051E-1
1.786508E-1	5.655803E-1
1.785119E-1	5.655236E-1
1.783692E-1	5.655893E-1
1.782456E-1	5.656157E-1
1.780799E-1	5.655503E-1
1.778912E-1	5.656170E-1
1.776286E-1	5.655344E-1
1.775152E-1	5.655927E-1
1.774296E-1	5.656141E-1
1.772246E-1	5.655909E-1
1.771457E-1	5.655552E-1
1.769661E-1	5.656081E-1
1.767755E-1	5.656573E-1
1.766155E-1	5.656084E-1
1.764915E-1	5.656647E-1
1.762929E-1	5.655758E-1
1.761436E-1	5.655508E-1
1.760218E-1	5.655931E-1
1.758116E-1	5.656208E-1
1.756910E-1	5.656176E-1
1.755805E-1	5.656191E-1
1.753938E-1	5.656317E-1
1.752073E-1	5.654936E-1
1.750758E-1	5.655350E-1
1.749157E-1	5.655786E-1
1.747113E-1	5.655865E-1
1.745697E-1	5.655868E-1
1.745534E-1	5.655260E-1
1.743062E-1	5.655055E-1
1.741943E-1	5.654869E-1
1.740364E-1	5.655197E-1
1.738824E-1	5.654645E-1
1.737522E-1	5.655379E-1
1.736407E-1	5.655269E-1
1.734590E-1	5.655585E-1
1.732526E-1	5.654993E-1
1.731395E-1	5.655345E-1
1.730633E-1	5.655504E-1
1.729018E-1	5.655215E-1
1.727671E-1	5.654958E-1
1.726603E-1	5.655041E-1
1.724386E-1	5.655563E-1
1.722894E-1	5.654678E-1
1.721527E-1	5.655077E-1
1.720282E-1	5.654802E-1
1.718896E-1	5.654240E-1
1.717065E-1	5.654389E-1
1.715935E-1	5.654444E-1
1.714548E-1	5.654720E-1
1.712989E-1	5.654917E-1
1.711824E-1	5.654653E-1
1.710935E-1	5.654383E-1
1.708609E-1	5.654147E-1
1.707448E-1	5.654186E-1
1.705447E-1	5.654551E-1
1.704958E-1	5.653592E-1
1.703537E-1	5.654166E-1
1.702549E-1	5.654454E-1
1.701131E-1	5.654988E-1
1.699132E-1	5.654179E-1
1.698067E-1	5.654880E-1
1.697509E-1	5.655544E-1
1.696116E-1	5.655095E-1
1.694914E-1	5.655074E-1
1.693939E-1	5.655163E-1
1.692033E-1	5.654715E-1
1.690844E-1	5.654856E-1
1.689826E-1	5.654945E-1
1.688740E-1	5.654419E-1
1.686371E-1	5.654310E-1
1.684783E-1	5.653721E-1
1.683649E-1	5.654271E-1
1.682751E-1	5.654428E-1
1.681373E-1	5.653547E-1
1.680997E-1	5.654089E-1
1.679616E-1	5.655379E-1
1.677936E-1	5.655371E-1
1.676931E-1	5.654706E-1
1.675935E-1	5.654396E-1
1.675632E-1	5.654150E-1
1.674115E-1	5.654864E-1
1.672827E-1	5.654653E-1
1.671946E-1	5.654770E-1
1.670880E-1	5.654389E-1
1.669512E-1	5.654004E-1
1.668215E-1	5.653965E-1
1.667148E-1	5.653903E-1
1.664993E-1	5.654720E-1
1.663202E-1	5.654152E-1
1.662168E-1	5.653961E-1
1.661160E-1	5.654062E-1
1.659707E-1	5.654275E-1
1.658394E-1	5.653974E-1
1.656833E-1	5.653790E-1
1.655877E-1	5.653467E-1
1.654586E-1	5.653249E-1
1.653203E-1	5.652624E-1
1.652119E-1	5.653892E-1
1.651068E-1	5.654356E-1
1.649585E-1	5.654312E-1
1.647924E-1	5.653306E-1
1.647494E-1	5.653362E-1
1.645816E-1	5.653021E-1
1.644605E-1	5.653676E-1
1.643638E-1	5.654179E-1
1.642484E-1	5.652848E-1
1.640895E-1	5.652643E-1
1.639888E-1	5.652997E-1
1.639206E-1	5.653261E-1
1.637896E-1	5.652540E-1
1.636338E-1	5.653933E-1
1.635054E-1	5.653543E-1
1.634582E-1	5.653540E-1
1.633055E-1	5.653612E-1
1.631992E-1	5.654762E-1
1.631024E-1	5.654450E-1
1.629645E-1	5.653449E-1
1.628974E-1	5.653117E-1
1.627317E-1	5.653503E-1
1.625688E-1	5.653733E-1
1.624467E-1	5.652933E-1
1.624378E-1	5.652822E-1
1.623268E-1	5.653894E-1
1.621764E-1	5.653791E-1
1.620775E-1	5.653867E-1
1.619583E-1	5.653256E-1
1.619411E-1	5.653675E-1
1.618158E-1	5.653164E-1
1.616072E-1	5.652751E-1
1.615594E-1	5.652864E-1
1.613925E-1	5.652445E-1
1.613232E-1	5.651404E-1
1.612420E-1	5.652134E-1
1.611105E-1	5.652442E-1
1.609963E-1	5.653275E-1
1.609158E-1	5.652920E-1
1.607743E-1	5.653352E-1
1.607019E-1	5.653537E-1
1.606455E-1	5.652977E-1
1.604883E-1	5.652426E-1
1.603914E-1	5.652740E-1
1.603003E-1	5.652464E-1
1.601213E-1	5.652553E-1
1.600786E-1	5.652491E-1
1.600357E-1	5.652497E-1
1.598959E-1	5.652853E-1
1.598202E-1	5.652842E-1
1.596788E-1	5.652964E-1
1.595282E-1	5.651981E-1
1.594733E-1	5.651169E-1
1.593776E-1	5.652152E-1
1.592641E-1	5.652061E-1
1.591518E-1	5.652492E-1
1.590818E-1	5.653038E-1
1.590158E-1	5.652788E-1
1.589080E-1	5.652755E-1
1.588198E-1	5.652100E-1
1.587384E-1	5.652370E-1
1.585751E-1	5.652402E-1
1.584216E-1	5.652392E-1
1.583951E-1	5.652919E-1
1.582917E-1	5.652681E-1
1.582087E-1	5.653075E-1
1.580909E-1	5.652183E-1
1.579705E-1	5.652557E-1
1.578902E-1	5.652367E-1
1.577576E-1	5.652167E-1
1.576839E-1	5.652539E-1
1.576313E-1	5.651691E-1
1.575417E-1	5.652080E-1
1.573982E-1	5.652492E-1
1.573571E-1	5.652622E-1
1.572338E-1	5.652326E-1
1.571496E-1	5.652804E-1
1.570636E-1	5.652509E-1
1.569616E-1	5.652083E-1
1.567983E-1	5.652405E-1
1.567583E-1	5.652602E-1
1.567012E-1	5.651983E-1
1.566056E-1	5.653046E-1
1.565345E-1	5.651413E-1
1.564540E-1	5.651290E-1
1.562890E-1	5.651904E-1
1.562207E-1	5.651706E-1
1.561413E-1	5.652174E-1
1.560225E-1	5.652705E-1
1.559645E-1	5.652456E-1
1.559108E-1	5.652285E-1
1.557541E-1	5.652513E-1
1.556689E-1	5.652374E-1
1.555796E-1	5.652100E-1
1.555135E-1	5.652513E-1
1.554473E-1	5.652165E-1
1.553226E-1	5.652041E-1
1.551649E-1	5.652652E-1
1.551416E-1	5.651317E-1
1.550105E-1	5.652349E-1
1.550188E-1	5.652134E-1
1.549248E-1	5.652087E-1
1.548193E-1	5.651350E-1
1.547401E-1	5.651240E-1
1.545756E-1	5.651987E-1
1.545503E-1	5.652666E-1
1.544315E-1	5.652341E-1
1.543857E-1	5.651481E-1
1.542862E-1	5.651770E-1
1.541605E-1	5.652299E-1
1.541428E-1	5.651993E-1
1.539699E-1	5.652048E-1
1.538385E-1	5.652028E-1
1.538908E-1	5.651141E-1
1.537936E-1	5.651868E-1
1.537146E-1	5.652058E-1
1.535742E-1	5.652500E-1
1.535632E-1	5.651635E-1
1.534389E-1	5.651753E-1
1.533898E-1	5.652135E-1
1.532786E-1	5.652023E-1
1.531232E-1	5.651469E-1
1.531310E-1	5.651822E-1
1.530171E-1	5.651849E-1
1.529591E-1	5.652370E-1
1.529580E-1	5.651583E-1
1.528028E-1	5.651987E-1
1.527170E-1	5.651521E-1
1.526015E-1	5.651856E-1
1.525329E-1	5.652091E-1
1.524282E-1	5.651390E-1
1.524089E-1	5.651467E-1
1.523526E-1	5.651244E-1
1.522187E-1	5.651432E-1
1.521050E-1	5.652561E-1
1.520946E-1	5.651962E-1
1.519823E-1	5.651459E-1
1.519331E-1	5.651706E-1
1.518562E-1	5.651779E-1
1.517438E-1	5.651400E-1
1.516584E-1	5.650743E-1
1.516500E-1	5.650953E-1
1.515500E-1	5.651589E-1
1.514647E-1	5.651791E-1
1.514188E-1	5.651535E-1
1.512941E-1	5.651792E-1
1.512364E-1	5.650979E-1
1.511437E-1	5.651450E-1
1.510331E-1	5.651316E-1
1.510514E-1	5.651148E-1
1.509332E-1	5.651632E-1
1.508981E-1	5.652332E-1
1.507579E-1	5.652128E-1
1.506822E-1	5.651214E-1
1.506910E-1	5.652321E-1
1.505547E-1	5.651566E-1
1.504767E-1	5.651241E-1
1.504250E-1	5.651241E-1
1.502917E-1	5.650378E-1
1.502562E-1	5.650765E-1
1.501618E-1	5.651482E-1
1.501329E-1	5.652099E-1
1.500701E-1	5.652198E-1
1.499505E-1	5.651157E-1
1.498944E-1	5.651586E-1
1.497941E-1	5.650850E-1
1.498179E-1	5.651018E-1
1.496802E-1	5.651842E-1
1.496406E-1	5.651601E-1
1.495202E-1	5.651424E-1
1.494558E-1	5.651556E-1
1.493731E-1	5.651347E-1
1.493254E-1	5.650234E-1
1.492665E-1	5.650534E-1
1.492201E-1	5.649824E-1
1.491098E-1	5.650416E-1
1.490262E-1	5.650890E-1
1.490101E-1	5.651165E-1
1.488593E-1	5.651379E-1
1.489098E-1	5.650324E-1
1.487737E-1	5.651034E-1
1.487365E-1	5.651491E-1
1.485639E-1	5.650806E-1
1.485710E-1	5.651000E-1
1.484699E-1	5.650960E-1
1.484307E-1	5.651335E-1
1.483542E-1	5.651491E-1
1.482327E-1	5.650977E-1
1.482028E-1	5.650164E-1
1.481186E-1	5.650708E-1
1.480969E-1	5.651244E-1
1.480017E-1	5.651089E-1
1.480199E-1	5.651308E-1
1.478543E-1	5.650968E-1
1.478028E-1	5.650821E-1
1.477091E-1	5.650865E-1
1.476605E-1	5.650453E-1
1.476372E-1	5.651495E-1
1.474992E-1	5.651338E-1
1.474926E-1	5.650985E-1
1.473800E-1	5.651205E-1
1.473463E-1	5.650574E-1
1.472959E-1	5.651191E-1
1.472267E-1	5.651088E-1
1.472077E-1	5.651081E-1
1.470687E-1	5.650236E-1
1.469759E-1	5.650234E-1
1.469472E-1	5.650546E-1
1.468638E-1	5.650755E-1
1.468448E-1	5.650352E-1
1.467682E-1	5.650552E-1
1.466936E-1	5.650570E-1
1.466204E-1	5.650694E-1
1.465580E-1	5.650961E-1
1.464865E-1	5.650841E-1
1.465183E-1	5.651093E-1
1.463836E-1	5.650657E-1
1.463073E-1	5.650156E-1
1.462279E-1	5.650363E-1
1.461736E-1	5.650213E-1
1.461213E-1	5.650498E-1
1.460076E-1	5.650511E-1
1.459584E-1	5.650538E-1
1.459259E-1	5.651446E-1
1.458614E-1	5.651046E-1
1.458034E-1	5.650407E-1
1.457125E-1	5.649530E-1
1.456989E-1	5.649993E-1
1.456396E-1	5.650825E-1
1.455556E-1	5.651041E-1
1.454875E-1	5.650645E-1
1.454926E-1	5.651152E-1
1.454345E-1	5.651623E-1
1.453398E-1	5.650683E-1
1.452806E-1	5.650529E-1
1.451987E-1	5.651266E-1
1.450789E-1	5.650742E-1
1.450479E-1	5.651301E-1
1.450215E-1	5.650302E-1
1.449792E-1	5.650461E-1
1.449029E-1	5.650969E-1
1.448773E-1	5.650791E-1
1.447600E-1	5.650254E-1
1.446850E-1	5.650069E-1
1.446120E-1	5.650229E-1
1.445866E-1	5.649474E-1
1.445582E-1	5.650280E-1
1.444618E-1	5.650454E-1
1.444472E-1	5.651330E-1
1.443792E-1	5.651026E-1
1.443558E-1	5.650926E-1
1.442797E-1	5.649691E-1
1.442018E-1	5.649563E-1
1.441178E-1	5.649984E-1
1.440454E-1	5.650274E-1
1.440298E-1	5.650113E-1
1.439750E-1	5.649606E-1
1.439000E-1	5.649811E-1
1.438926E-1	5.650772E-1
1.438325E-1	5.650162E-1
1.437160E-1	5.650131E-1
1.436952E-1	5.650029E-1
1.436685E-1	5.649773E-1
1.435625E-1	5.649753E-1
1.435232E-1	5.650520E-1
1.434478E-1	5.650541E-1
1.433979E-1	5.650102E-1
1.433254E-1	5.650479E-1
1.433186E-1	5.650152E-1
1.432817E-1	5.649446E-1
1.431679E-1	5.650087E-1
1.430760E-1	5.650247E-1
1.430571E-1	5.649865E-1
1.430103E-1	5.649192E-1
1.429677E-1	5.649135E-1
1.429743E-1	5.650224E-1
1.428837E-1	5.650084E-1
1.428414E-1	5.650952E-1
1.427774E-1	5.650669E-1
1.427202E-1	5.650935E-1
1.426689E-1	5.650703E-1
1.426729E-1	5.649804E-1
1.425483E-1	5.649638E-1
1.425126E-1	5.650274E-1
1.424628E-1	5.649533E-1
1.423525E-1	5.649530E-1
1.423949E-1	5.650519E-1
1.423271E-1	5.650336E-1
1.422840E-1	5.649269E-1
1.421795E-1	5.649477E-1
1.421439E-1	5.649397E-1
1.420751E-1	5.649857E-1
1.420694E-1	5.651021E-1
1.419829E-1	5.650669E-1
1.419443E-1	5.650216E-1
1.418735E-1	5.650559E-1
1.418047E-1	5.650160E-1
1.417690E-1	5.649554E-1
1.417500E-1	5.649381E-1
1.416883E-1	5.649352E-1
1.416293E-1	5.649527E-1
1.416086E-1	5.649738E-1
1.414869E-1	5.649595E-1
1.414726E-1	5.649598E-1
1.414206E-1	5.650503E-1
1.414257E-1	5.650494E-1
1.412764E-1	5.650224E-1
1.412632E-1	5.650044E-1
1.411716E-1	5.650125E-1
1.411714E-1	5.650294E-1
1.411273E-1	5.650205E-1
1.410183E-1	5.650309E-1
1.410790E-1	5.649946E-1
1.409562E-1	5.650100E-1
1.409598E-1	5.650412E-1
1.408766E-1	5.649085E-1
1.408517E-1	5.649708E-1
1.408218E-1	5.649176E-1
1.407285E-1	5.648963E-1
1.407193E-1	5.649136E-1
1.405973E-1	5.648306E-1
1.406287E-1	5.649435E-1
1.405530E-1	5.649544E-1
1.405462E-1	5.649154E-1
1.405378E-1	5.649382E-1
1.403976E-1	5.650129E-1
1.403893E-1	5.649963E-1
1.402953E-1	5.649790E-1
1.403016E-1	5.649932E-1
1.402237E-1	5.649535E-1
1.401776E-1	5.650004E-1
1.401360E-1	5.649459E-1
1.400700E-1	5.650113E-1
1.400399E-1	5.650688E-1
1.399721E-1	5.650071E-1
1.400370E-1	5.649537E-1
1.399229E-1	5.649261E-1
1.399107E-1	5.650012E-1
1.398039E-1	5.649206E-1
1.397310E-1	5.650061E-1
1.397722E-1	5.650091E-1
1.396724E-1	5.649686E-1
1.396639E-1	5.649523E-1
1.395613E-1	5.649130E-1
1.395561E-1	5.649531E-1
1.394871E-1	5.649439E-1
1.394288E-1	5.649070E-1
1.394873E-1	5.649283E-1
1.393812E-1	5.649330E-1
1.393381E-1	5.649226E-1
1.392716E-1	5.649473E-1
1.392000E-1	5.648441E-1
1.391861E-1	5.649297E-1
1.391399E-1	5.649239E-1
1.390892E-1	5.649860E-1
1.390730E-1	5.649063E-1
1.389816E-1	5.649070E-1
1.389819E-1	5.649042E-1
1.389248E-1	5.648615E-1
1.388921E-1	5.649064E-1
1.388439E-1	5.649250E-1
1.388015E-1	5.649416E-1
1.387126E-1	5.649637E-1
1.386693E-1	5.649363E-1
1.386474E-1	5.649754E-1
1.386249E-1	5.649322E-1
1.386365E-1	5.649257E-1
1.385391E-1	5.648820E-1
1.384987E-1	5.649319E-1
1.384535E-1	5.649312E-1
1.384373E-1	5.648565E-1
1.383771E-1	5.649066E-1
1.383420E-1	5.650165E-1
1.383153E-1	5.649980E-1
1.382595E-1	5.649502E-1
1.381981E-1	5.648974E-1
1.381465E-1	5.649615E-1
1.381450E-1	5.649505E-1
1.381323E-1	5.649208E-1
1.380591E-1	5.648899E-1
1.379499E-1	5.649462E-1
1.379748E-1	5.649214E-1
1.379153E-1	5.649379E-1
1.378982E-1	5.648859E-1
1.378557E-1	5.649014E-1
1.378249E-1	5.648732E-1
1.377100E-1	5.647870E-1
1.376588E-1	5.648535E-1
1.376787E-1	5.648552E-1
1.376239E-1	5.648714E-1
1.376203E-1	5.648806E-1
1.375715E-1	5.649305E-1
1.375297E-1	5.648360E-1
1.374659E-1	5.648883E-1
1.374462E-1	5.649016E-1
1.373916E-1	5.649033E-1
1.373761E-1	5.649287E-1
1.373242E-1	5.648598E-1
1.372706E-1	5.648508E-1
1.372200E-1	5.648859E-1
1.371658E-1	5.648268E-1
1.371936E-1	5.648347E-1
1.371477E-1	5.648549E-1
1.370546E-1	5.648569E-1
1.370418E-1	5.648727E-1
1.369725E-1	5.648236E-1
1.369566E-1	5.648333E-1
1.369157E-1	5.648395E-1
1.368496E-1	5.648102E-1
1.368376E-1	5.648625E-1
1.367417E-1	5.648726E-1
1.367573E-1	5.648276E-1
1.367266E-1	5.648664E-1
1.366958E-1	5.648507E-1
1.366974E-1	5.648784E-1
1.365757E-1	5.648758E-1
1.365829E-1	5.649185E-1
1.364858E-1	5.648979E-1
1.364976E-1	5.648336E-1
1.364341E-1	5.648587E-1
1.364281E-1	5.648694E-1
1.363597E-1	5.648122E-1
1.363380E-1	5.648339E-1
1.363089E-1	5.648460E-1
1.362308E-1	5.648530E-1
1.361971E-1	5.648356E-1
1.361982E-1	5.649168E-1
1.361340E-1	5.649000E-1
1.361018E-1	5.648049E-1
1.361047E-1	5.648437E-1
1.359916E-1	5.648520E-1
1.360162E-1	5.649237E-1
1.359617E-1	5.648895E-1
1.359528E-1	5.648378E-1
1.358468E-1	5.648039E-1
1.358584E-1	5.648013E-1
1.357782E-1	5.648741E-1
1.358073E-1	5.647684E-1
1.357601E-1	5.649349E-1
1.357150E-1	5.648785E-1
1.356898E-1	5.647785E-1
1.355953E-1	5.648107E-1
1.356185E-1	5.647824E-1
1.355630E-1	5.647863E-1
1.355360E-1	5.648389E-1
1.354899E-1	5.648858E-1
1.354113E-1	5.648682E-1
1.354065E-1	5.648659E-1
1.353432E-1	5.648153E-1
1.353501E-1	5.648929E-1
1.353246E-1	5.648834E-1
1.352716E-1	5.648977E-1
1.352168E-1	5.648771E-1
1.351989E-1	5.648344E-1
1.351843E-1	5.648860E-1
1.351670E-1	5.648651E-1
1.351500E-1	5.648824E-1
1.350531E-1	5.648660E-1
1.350158E-1	5.648064E-1
1.349827E-1	5.647941E-1
1.349952E-1	5.648144E-1
1.349930E-1	5.647942E-1
1.350992E-1	5.647554E-1
1.352716E-1	5.647818E-1
1.352407E-1	5.648931E-1
1.353832E-1	5.648597E-1
1.355467E-1	5.648572E-1
1.355769E-1	5.647815E-1
1.357199E-1	5.647501E-1
1.358781E-1	5.647904E-1
1.359412E-1	5.648909E-1
1.360920E-1	5.648415E-1
1.362698E-1	5.648502E-1
1.363380E-1	5.647519E-1
1.364578E-1	5.647937E-1
1.366188E-1	5.649290E-1
1.367243E-1	5.648490E-1
1.368653E-1	5.648714E-1
1.370995E-1	5.648958E-1
1.372395E-1	5.649526E-1
1.373356E-1	5.648940E-1
1.375483E-1	5.648966E-1
1.376217E-1	5.649025E-1
1.377135E-1	5.649256E-1
1.379553E-1	5.649392E-1
1.380392E-1	5.649180E-1
1.382256E-1	5.648597E-1
1.383730E-1	5.649206E-1
1.384598E-1	5.649158E-1
1.387071E-1	5.648481E-1
1.388514E-1	5.648803E-1
1.389435E-1	5.648540E-1
1.391633E-1	5.648783E-1
1.392035E-1	5.649000E-1
1.393918E-1	5.649063E-1
1.395186E-1	5.649744E-1
1.396758E-1	5.649904E-1
1.399021E-1	5.649381E-1
1.399521E-1	5.649683E-1
1.401860E-1	5.648954E-1
1.402538E-1	5.649444E-1
1.404511E-1	5.649526E-1
1.406331E-1	5.649257E-1
1.407429E-1	5.649883E-1
1.409175E-1	5.650147E-1
1.409873E-1	5.649871E-1
1.411876E-1	5.648930E-1
1.412120E-1	5.649168E-1
1.414658E-1	5.650723E-1
1.415649E-1	5.650216E-1
1.417865E-1	5.649183E-1
1.418800E-1	5.649533E-1
1.419991E-1	5.649304E-1
1.422031E-1	5.648990E-1
1.422776E-1	5.649550E-1
1.425118E-1	5.649043E-1
1.425961E-1	5.649372E-1
1.427945E-1	5.649745E-1
1.428003E-1	5.649648E-1
1.430627E-1	5.648947E-1
1.431347E-1	5.649063E-1
1.433493E-1	5.650281E-1
1.434742E-1	5.649812E-1
1.436220E-1	5.649502E-1
1.437317E-1	5.649101E-1
1.439117E-1	5.649341E-1
1.440292E-1	5.649932E-1
1.441915E-1	5.650701E-1
1.443798E-1	5.649907E-1
1.445041E-1	5.650169E-1
1.445799E-1	5.650870E-1
1.447747E-1	5.650359E-1
1.449008E-1	5.650264E-1
1.450744E-1	5.650122E-1
1.451464E-1	5.650208E-1
1.453193E-1	5.650750E-1
1.454235E-1	5.650022E-1
1.455324E-1	5.650221E-1
1.457304E-1	5.649220E-1
1.458678E-1	5.649705E-1
1.460427E-1	5.650640E-1
1.461141E-1	5.650254E-1
1.463577E-1	5.649999E-1
1.465201E-1	5.650098E-1
1.468669E-1	5.650908E-1
1.470240E-1	5.651248E-1
1.470791E-1	5.650849E-1
1.472178E-1	5.650511E-1
1.472102E-1	5.650158E-1
1.473603E-1	5.650631E-1
1.474330E-1	5.650401E-1
1.476770E-1	5.650532E-1
1.477892E-1	5.650813E-1
1.478884E-1	5.650870E-1
1.481025E-1	5.651190E-1
1.481296E-1	5.650702E-1
1.484299E-1	5.650705E-1
1.485308E-1	5.650423E-1
1.487946E-1	5.650488E-1
1.489356E-1	5.651235E-1
1.490753E-1	5.650732E-1
1.493197E-1	5.650663E-1
1.494870E-1	5.650819E-1
1.497719E-1	5.651646E-1
1.499025E-1	5.652205E-1
1.502278E-1	5.651281E-1
1.503272E-1	5.650906E-1
1.506469E-1	5.651254E-1
1.507931E-1	5.651352E-1
1.510608E-1	5.651290E-1
1.512779E-1	5.651101E-1
1.514215E-1	5.651238E-1
1.517080E-1	5.650934E-1
1.517959E-1	5.651453E-1
1.521364E-1	5.650988E-1
1.523111E-1	5.652292E-1
1.526096E-1	5.652203E-1
1.528408E-1	5.652273E-1
1.529590E-1	5.651849E-1
1.532551E-1	5.651935E-1
1.534037E-1	5.651698E-1
1.537895E-1	5.651656E-1
1.538785E-1	5.652113E-1
1.541823E-1	5.651850E-1
1.543268E-1	5.652238E-1
1.545451E-1	5.652167E-1
1.549825E-1	5.652143E-1
1.549807E-1	5.651415E-1
1.553382E-1	5.651918E-1
1.554754E-1	5.652383E-1
1.558050E-1	5.652466E-1
1.559371E-1	5.652419E-1
1.561970E-1	5.652732E-1
1.565109E-1	5.652234E-1
1.566529E-1	5.652127E-1
1.569758E-1	5.652152E-1
1.570336E-1	5.651997E-1
1.573762E-1	5.652552E-1
1.574980E-1	5.651880E-1
1.578221E-1	5.652357E-1
1.580206E-1	5.652123E-1
1.582476E-1	5.651751E-1
1.584543E-1	5.652452E-1
1.585830E-1	5.652126E-1
1.589368E-1	5.653195E-1
1.590875E-1	5.652517E-1
1.594329E-1	5.653703E-1
1.595263E-1	5.654053E-1
1.597683E-1	5.653845E-1
1.599578E-1	5.652892E-1
1.601267E-1	5.652856E-1
1.604815E-1	5.652500E-1
1.605719E-1	5.652941E-1
1.608888E-1	5.652888E-1
1.610780E-1	5.653939E-1
1.613855E-1	5.653516E-1
1.616282E-1	5.653079E-1
1.617053E-1	5.652277E-1
1.620585E-1	5.652788E-1
1.622325E-1	5.653163E-1
1.624785E-1	5.653604E-1
1.627627E-1	5.652978E-1
1.628838E-1	5.653194E-1
1.633517E-1	5.653476E-1
1.634656E-1	5.653171E-1
1.638897E-1	5.652399E-1
1.640349E-1	5.653484E-1
1.643296E-1	5.653997E-1
1.646662E-1	5.654268E-1
1.648655E-1	5.653916E-1
1.653097E-1	5.654282E-1
1.654231E-1	5.654527E-1
1.658420E-1	5.654402E-1
1.663210E-1	5.654503E-1
1.663111E-1	5.654613E-1
1.666906E-1	5.654062E-1
1.668855E-1	5.653861E-1
1.673289E-1	5.654699E-1
1.674719E-1	5.654451E-1
1.679159E-1	5.653852E-1
1.681711E-1	5.653463E-1
1.683816E-1	5.653905E-1
1.688549E-1	5.654516E-1
1.690110E-1	5.654375E-1
1.693017E-1	5.655038E-1
1.696613E-1	5.654498E-1
1.698355E-1	5.655745E-1
1.702083E-1	5.655219E-1
1.706546E-1	5.655343E-1
1.708039E-1	5.654715E-1
1.711240E-1	5.655427E-1
1.714640E-1	5.655815E-1
1.716165E-1	5.655188E-1
1.720011E-1	5.654742E-1
1.723788E-1	5.655183E-1
1.725426E-1	5.655459E-1
1.728958E-1	5.655312E-1
1.732766E-1	5.655540E-1
1.734696E-1	5.655464E-1
1.737869E-1	5.655482E-1
1.742554E-1	5.655218E-1
1.744103E-1	5.655495E-1
1.745735E-1	5.628065E-1
1.754587E-1	5.641161E-1
1.752447E-1	5.659440E-1
1.756271E-1	5.659013E-1
1.759146E-1	5.665538E-1
1.764198E-1	5.648477E-1
1.766571E-1	5.650505E-1
1.770193E-1	5.652131E-1
1.769845E-1	5.657965E-1
1.773636E-1	5.654788E-1
1.776939E-1	5.654470E-1
1.781642E-1	5.656046E-1
1.783608E-1	5.657047E-1
1.786182E-1	5.655046E-1
1.788506E-1	5.656608E-1
1.792701E-1	5.655445E-1
1.795648E-1	5.655835E-1
1.797305E-1	5.655945E-1
1.801093E-1	5.656173E-1
1.803590E-1	5.656929E-1
1.805189E-1	5.657417E-1
1.810004E-1	5.656381E-1
1.812862E-1	5.656211E-1
1.814490E-1	5.656803E-1
1.819593E-1	5.658026E-1
1.820362E-1	5.656840E-1
1.824064E-1	5.656227E-1
1.827118E-1	5.656200E-1
1.829248E-1	5.656148E-1
1.833502E-1	5.657517E-1
1.834527E-1	5.656286E-1
1.838680E-1	5.656611E-1
1.840534E-1	5.657449E-1
1.844233E-1	5.656270E-1
1.847370E-1	5.656386E-1
1.849965E-1	5.656718E-1
1.853159E-1	5.657170E-1
1.854960E-1	5.657335E-1
1.859745E-1	5.657726E-1
1.860971E-1	5.656906E-1
1.865911E-1	5.656755E-1
1.866870E-1	5.656905E-1
1.871201E-1	5.656866E-1
1.871412E-1	5.656560E-1
1.876564E-1	5.656878E-1
1.878174E-1	5.656952E-1
1.882348E-1	5.656915E-1
1.883743E-1	5.657099E-1
1.887616E-1	5.655905E-1
1.888856E-1	5.655299E-1
1.893040E-1	5.655276E-1
1.894490E-1	5.654935E-1
1.899584E-1	5.655737E-1
1.902684E-1	5.655820E-1
1.904734E-1	5.656283E-1
1.909223E-1	5.656158E-1
1.909693E-1	5.655810E-1
1.912890E-1	5.654700E-1
1.914361E-1	5.654775E-1
1.918850E-1	5.655227E-1
1.919464E-1	5.655813E-1
1.923425E-1	5.655201E-1
1.928341E-1	5.655545E-1
1.927600E-1	5.655029E-1
1.932464E-1	5.655170E-1
1.933368E-1	5.654437E-1
1.937379E-1	5.654286E-1
1.939758E-1	5.653835E-1
1.941763E-1	5.652931E-1
1.946577E-1	5.653453E-1
1.947863E-1	5.652915E-1
1.950198E-1	5.653011E-1
1.953659E-1	5.652870E-1
1.954623E-1	5.652104E-1
1.958411E-1	5.652813E-1
1.961303E-1	5.652210E-1
1.962972E-1	5.651753E-1
1.967134E-1	5.651619E-1
1.969074E-1	5.651102E-1
1.973148E-1	5.650686E-1
1.974555E-1	5.650567E-1
1.978883E-1	5.649709E-1
1.979198E-1	5.650275E-1
1.982859E-1	5.650229E-1
1.983510E-1	5.649960E-1
1.986959E-1	5.649082E-1
1.991603E-1	5.649054E-1
1.991817E-1	5.649070E-1
1.996532E-1	5.648295E-1
1.997222E-1	5.647570E-1
2.000695E-1	5.646864E-1
2.002634E-1	5.645816E-1
2.004555E-1	5.644668E-1
2.008899E-1	5.644285E-1
2.009728E-1	5.644102E-1
2.014093E-1	5.643252E-1
2.013655E-1	5.641540E-1
2.018602E-1	5.641226E-1
2.019300E-1	5.640782E-1
2.024134E-1	5.639397E-1
2.027268E-1	5.638626E-1
2.029227E-1	5.635824E-1
2.030003E-1	5.634296E-1
2.033081E-1	5.632841E-1
2.035368E-1	5.630749E-1
2.037659E-1	5.627785E-1
2.041316E-1	5.624160E-1
2.041759E-1	5.619878E-1
2.045986E-1	5.613293E-1
2.046326E-1	5.601061E-1
2.051391E-1	5.563283E-1
2.053990E-1	5.475357E-1
2.055971E-1	5.281099E-1
2.059906E-1	4.783406E-1
2.060457E-1	3.765862E-1
2.064675E-1	2.557737E-1
2.068452E-1	2.085630E-1
2.068090E-1	1.201592E-1
2.071501E-1	8.540109E-2
2.071958E-1	6.242150E-2
2.074895E-1	4.543032E-2
2.077460E-1	3.253002E-2
2.078389E-1	2.281459E-2
2.082817E-1	1.560291E-2
2.085499E-1	1.266222E-2
2.086074E-1	6.435831E-3
2.089531E-1	4.107946E-3
2.091090E-1	2.702818E-3
2.092073E-1	1.870900E-3
2.096464E-1	1.480006E-3
2.098472E-1	1.126539E-3
2.102061E-1	9.953080E-4
2.103304E-1	7.429400E-4
2.105000E-1	4.482140E-4
2.106341E-1	3.402730E-4
2.110503E-1	3.515300E-4
2.112420E-1	2.925700E-4
2.113438E-1	1.862030E-4
2.116598E-1	2.500050E-4
2.118411E-1	1.968280E-4
2.120048E-1	1.528560E-4
2.124312E-1	1.138800E-4
2.125690E-1	8.852500E-5
2.128026E-1	8.369600E-5
2.131070E-1	1.810260E-4
2.131415E-1	1.222850E-4
2.133777E-1	5.370600E-5
2.137277E-1	1.012800E-4
2.137553E-1	7.822300E-5
2.141092E-1	9.569000E-5
2.142926E-1	7.305900E-5
2.143716E-1	1.326650E-4
2.147910E-1	1.532430E-4
2.148415E-1	1.172370E-4
2.152380E-1	8.913200E-5
2.153365E-1	6.391800E-5
2.155112E-1	5.610700E-5
2.158456E-1	6.722300E-5
2.158466E-1	1.708000E-5
2.162480E-1	6.056100E-5
2.163426E-1	8.058500E-5
2.165970E-1	9.762700E-5
2.168514E-1	1.061340E-4
2.168790E-1	1.750230E-4
2.173475E-1	3.182400E-5
2.174161E-1	8.528400E-5
2.177274E-1	4.890400E-5
2.178984E-1	1.007000E-5
2.180099E-1	1.228660E-4
2.183566E-1	4.703200E-5
2.186149E-1	5.118900E-5
2.187492E-1	1.175860E-4
2.188345E-1	7.969400E-5
2.190715E-1	1.079030E-4
2.192991E-1	4.641200E-5
2.195622E-1	2.250200E-5
2.197836E-1	1.125250E-4
2.198299E-1	1.564320E-4
2.201747E-1	6.581600E-5
2.202889E-1	1.108340E-4
2.204174E-1	1.054760E-4
2.207431E-1	1.245050E-4
2.207047E-1	8.818900E-5
2.211003E-1	8.037900E-5
2.212669E-1	1.023770E-4
2.214193E-1	7.570500E-5
2.217055E-1	8.648500E-5
2.216794E-1	8.256000E-5
2.218436E-1	6.691300E-5
2.219021E-1	5.299600E-5
2.221500E-1	7.694400E-5
2.223598E-1	1.323680E-4
2.223303E-1	8.910600E-5
2.224885E-1	1.064440E-4
2.225457E-1	1.573620E-4
2.227966E-1	1.843830E-4
2.227902E-1	8.683400E-5
2.229322E-1	1.038750E-4
2.229688E-1	1.038880E-4
2.230044E-1	5.610700E-5
2.231955E-1	1.334650E-4
2.232159E-1	1.294110E-4
2.233544E-1	7.937200E-5
2.233834E-1	7.289100E-5
2.233248E-1	6.819100E-5
2.235576E-1	1.208520E-4
2.235592E-1	1.413020E-4
2.235395E-1	1.140740E-4
2.237119E-1	4.575400E-5
2.235581E-1	1.629300E-5
2.236824E-1	2.479000E-6
2.237011E-1	2.552300E-5
2.236821E-1	6.829000E-6
2.239082E-1	5.299600E-5
2.238181E-1	1.083200E-5
2.238611E-1	-1.225200E-5
2.238896E-1	1.864200E-5
2.237978E-1	1.074100E-5
2.239354E-1	5.271200E-5
2.239569E-1	2.269600E-5
2.238904E-1	1.009700E-4
2.241152E-1	4.872300E-5
2.242322E-1	-1.362000E-5
2.242430E-1	1.243120E-4
2.244411E-1	9.194600E-5
2.243153E-1	3.984100E-5
2.242194E-1	2.450300E-5
2.242842E-1	7.036000E-5
2.241729E-1	6.094900E-5
2.241047E-1	9.372800E-5
2.242385E-1	2.820900E-5
2.241834E-1	6.038100E-5
2.242353E-1	-4.238400E-5
2.242925E-1	-6.959000E-6
2.241886E-1	7.032200E-5
2.241940E-1	9.029400E-5
2.243377E-1	3.740000E-7
2.242810E-1	-1.451100E-5
2.241809E-1	4.401100E-5
2.242237E-1	7.043800E-5
2.241708E-1	9.139100E-5
2.242247E-1	4.239700E-5
2.243380E-1	-2.184400E-5
2.242886E-1	-7.947500E-5
2.243103E-1	7.215500E-5
2.243459E-1	7.911300E-5
2.241700E-1	8.529700E-5
2.242343E-1	1.149910E-4
2.243041E-1	9.596100E-5
2.242129E-1	4.819400E-5
2.243690E-1	-1.137400E-5
2.243086E-1	8.869300E-5
2.243080E-1	-3.021000E-6
2.244547E-1	-4.969100E-5
2.243373E-1	2.283800E-5
2.244223E-1	2.119800E-5
2.243967E-1	7.955200E-5
2.243244E-1	9.521200E-5
2.243781E-1	6.610000E-5
2.243312E-1	1.111690E-4
2.243047E-1	5.413200E-5
2.244424E-1	1.052820E-4
2.243164E-1	4.468200E-5
2.244446E-1	5.974800E-5
2.243542E-1	1.301730E-4
2.243761E-1	1.496410E-4
2.244567E-1	8.090800E-5
2.243792E-1	1.194830E-4
2.244955E-1	1.546250E-4
2.243395E-1	1.331810E-4
2.243816E-1	1.461690E-4
2.244073E-1	9.405000E-5
2.243537E-1	5.884400E-5
2.245102E-1	1.404750E-4
2.243380E-1	4.398500E-5
2.244557E-1	3.632900E-5
2.243751E-1	6.469300E-5
2.243356E-1	2.481300E-5
2.243262E-1	7.768000E-5
2.243377E-1	1.359570E-4
2.242890E-1	8.502600E-5
2.241361E-1	1.163330E-4
2.240760E-1	7.174200E-5
2.239156E-1	1.197290E-4
2.239435E-1	8.578800E-5
2.237445E-1	7.019200E-5
2.235995E-1	8.404500E-5
2.233191E-1	8.213400E-5
2.232407E-1	4.222900E-5
2.230309E-1	1.570000E-4
2.228754E-1	1.376350E-4
2.226864E-1	4.157100E-5
2.223947E-1	9.225600E-5
2.222671E-1	7.152200E-5
2.219042E-1	6.233000E-5
2.215002E-1	-2.043700E-5
2.213163E-1	6.494000E-6
2.212042E-1	1.512170E-4
2.209484E-1	7.193500E-5
2.206425E-1	8.789200E-5
2.203776E-1	1.850670E-4
2.199881E-1	7.587300E-5
2.198101E-1	8.920900E-5
2.195023E-1	1.653530E-4
2.192881E-1	1.059280E-4
2.189107E-1	3.479300E-5
2.186162E-1	1.097230E-4
2.183733E-1	8.687200E-5
2.180679E-1	8.985500E-5
2.178561E-1	1.607300E-5
2.174947E-1	-4.319700E-5
2.171611E-1	1.097000E-6
2.169031E-1	1.104330E-4
2.165342E-1	7.511100E-5
2.161798E-1	7.700900E-5
2.159772E-1	4.146700E-5
2.157120E-1	9.177800E-5
2.153083E-1	5.324100E-5
2.150545E-1	5.736000E-5
2.146883E-1	1.668000E-5
2.145338E-1	-3.989000E-6
2.141469E-1	2.734400E-5
2.139768E-1	6.430500E-5
2.135567E-1	8.290900E-5
2.133097E-1	7.666000E-5
2.129456E-1	1.232140E-4
2.128104E-1	6.954700E-5
2.124081E-1	9.414100E-5
2.118796E-1	4.540500E-5
2.117337E-1	4.497900E-5
2.116491E-1	4.224200E-5
2.112166E-1	9.161000E-5
2.111412E-1	1.201420E-4
2.107987E-1	1.329490E-4
2.106686E-1	1.874810E-4
2.103612E-1	2.398580E-4
2.103105E-1	2.855210E-4
2.100397E-1	2.882190E-4
2.100039E-1	3.116120E-4
2.098378E-1	3.811200E-4
2.098386E-1	3.657190E-4
2.096003E-1	4.637840E-4
2.095549E-1	6.794350E-4
2.093619E-1	6.648720E-4
2.093399E-1	6.273300E-4
2.092525E-1	6.759240E-4
2.090869E-1	7.163060E-4
2.091245E-1	7.806890E-4
2.089581E-1	9.043170E-4
2.089098E-1	9.436670E-4
2.089113E-1	9.283300E-4
2.088308E-1	1.080889E-3
2.087885E-1	1.143413E-3
2.087761E-1	1.191219E-3
2.085591E-1	1.261618E-3
2.085468E-1	1.287154E-3
2.086275E-1	1.387092E-3
2.084728E-1	1.386343E-3
2.084871E-1	1.410072E-3
2.084404E-1	1.483686E-3
2.083609E-1	1.532834E-3
2.083284E-1	1.580938E-3
2.083740E-1	1.789114E-3
2.083016E-1	1.785602E-3
2.081680E-1	1.884468E-3
2.081158E-1	2.058368E-3
2.081127E-1	2.031037E-3
2.080986E-1	2.224136E-3
2.080324E-1	2.360712E-3
2.079778E-1	2.446397E-3
2.080954E-1	2.559529E-3
2.079152E-1	2.801387E-3
2.078352E-1	2.854926E-3
2.078612E-1	3.044214E-3
2.078701E-1	3.208186E-3
2.078155E-1	3.316696E-3
2.077289E-1	3.563021E-3
2.077919E-1	3.851227E-3
2.077673E-1	4.247636E-3
2.076408E-1	4.478186E-3
2.077113E-1	4.740688E-3
2.076538E-1	5.036846E-3
2.075163E-1	5.299310E-3
2.075846E-1	5.666306E-3
2.075522E-1	6.006915E-3
2.074864E-1	6.392259E-3
2.075006E-1	6.759966E-3
2.074955E-1	7.035249E-3
2.074090E-1	7.256683E-3
2.072934E-1	8.054002E-3
2.073706E-1	8.464612E-3
2.072644E-1	8.895049E-3
2.072869E-1	9.227318E-3
2.073657E-1	9.588892E-3
2.072428E-1	1.013919E-2
2.071485E-1	1.066712E-2
2.072620E-1	1.127909E-2
2.071977E-1	1.179718E-2
2.070966E-1	1.232072E-2
2.072040E-1	1.283912E-2
2.070354E-1	1.337200E-2
2.070787E-1	1.395159E-2
2.070875E-1	1.443813E-2
2.069720E-1	1.492396E-2
2.071087E-1	1.544611E-2
2.069856E-1	1.607774E-2
2.069824E-1	1.656373E-2
2.069331E-1	1.705849E-2
2.068716E-1	1.762756E-2
2.069725E-1	1.823486E-2
2.068018E-1	1.879958E-2
2.069189E-1	1.951262E-2
2.067864E-1	2.021514E-2
2.068284E-1	2.085084E-2
2.067632E-1	2.151286E-2
2.066932E-1	2.170439E-2
2.068609E-1	2.273318E-2
2.067412E-1	2.348223E-2
2.067124E-1	2.424193E-2
2.066292E-1	2.484481E-2
2.066920E-1	2.570036E-2
2.065636E-1	2.649412E-2
2.066691E-1	2.722961E-2
2.066017E-1	2.784685E-2
2.066114E-1	2.852377E-2
2.064794E-1	2.930642E-2
2.064722E-1	2.994050E-2
2.065589E-1	3.084918E-2
2.064893E-1	3.156687E-2
2.065475E-1	3.235987E-2
2.063560E-1	3.303407E-2
2.064649E-1	3.153120E-2
2.064407E-1	2.752013E-2
2.067178E-1	2.391385E-2
2.066444E-1	2.279971E-2
2.067678E-1	2.335579E-2
2.065819E-1	2.460059E-2
2.066383E-1	2.615506E-2
2.064340E-1	2.816769E-2
2.065086E-1	3.029027E-2
2.063906E-1	3.267450E-2
2.064270E-1	3.494160E-2
2.062432E-1	3.682924E-2
2.063210E-1	3.853365E-2
2.062150E-1	4.020008E-2
2.062473E-1	4.131583E-2
2.062103E-1	4.255189E-2
2.061961E-1	4.415031E-2
2.061677E-1	4.555408E-2
2.060966E-1	4.686831E-2
2.061405E-1	4.723793E-2
2.060924E-1	4.780262E-2
2.060801E-1	4.840812E-2
2.060969E-1	4.975691E-2
2.060622E-1	5.127414E-2
2.059463E-1	5.271232E-2
2.059961E-1	5.431646E-2
2.059331E-1	5.599541E-2
2.059307E-1	5.694870E-2
2.060600E-1	5.658855E-2
2.059856E-1	5.543939E-2
2.059253E-1	5.699862E-2
