-1.000000E+5	-1.000000E+5	1.048054E+0	3.957175E-2
-8.750000E+4	-1.000000E+5	1.098911E+0	3.131708E-2
-7.500000E+4	-1.000000E+5	1.069673E+0	3.482601E-2
-6.250000E+4	-1.000000E+5	1.025412E+0	2.781206E-2
-5.000000E+4	-1.000000E+5	9.373634E-1	3.961848E-2
-3.750000E+4	-1.000000E+5	8.424953E-1	5.016808E-2
-2.500000E+4	-1.000000E+5	7.690629E-1	3.518216E-2
-1.250000E+4	-1.000000E+5	5.972200E-1	2.641102E-2
0.000000E+0	-1.000000E+5	4.793607E-1	1.605765E-2
1.250000E+4	-1.000000E+5	4.143926E-1	4.478931E-2
2.500000E+4	-1.000000E+5	3.457206E-1	5.756456E-2
3.750000E+4	-1.000000E+5	2.835830E-1	3.945472E-2
5.000000E+4	-1.000000E+5	2.267240E-1	2.278522E-2
6.250000E+4	-1.000000E+5	2.448992E-1	4.182750E-2
7.500000E+4	-1.000000E+5	2.092782E-1	2.966590E-2
8.750000E+4	-1.000000E+5	1.916294E-1	3.697514E-2
1.000000E+5	-1.000000E+5	1.609740E-1	3.038700E-2
-1.000000E+5	-8.750000E+4	1.116295E+0	3.611026E-2
-8.750000E+4	-8.750000E+4	1.149626E+0	3.039480E-2
-7.500000E+4	-8.750000E+4	1.154800E+0	3.297132E-2
-6.250000E+4	-8.750000E+4	1.113178E+0	2.974052E-2
-5.000000E+4	-8.750000E+4	1.007666E+0	4.589252E-2
-3.750000E+4	-8.750000E+4	8.732876E-1	3.721437E-2
-2.500000E+4	-8.750000E+4	7.607126E-1	3.407264E-2
-1.250000E+4	-8.750000E+4	6.500263E-1	2.698386E-2
0.000000E+0	-8.750000E+4	5.098410E-1	3.175083E-2
1.250000E+4	-8.750000E+4	4.158652E-1	2.712350E-2
2.500000E+4	-8.750000E+4	3.401770E-1	3.035660E-2
3.750000E+4	-8.750000E+4	3.107568E-1	2.705716E-2
5.000000E+4	-8.750000E+4	2.777365E-1	3.282883E-2
6.250000E+4	-8.750000E+4	2.469019E-1	2.713585E-2
7.500000E+4	-8.750000E+4	1.793504E-1	3.366854E-2
8.750000E+4	-8.750000E+4	2.037989E-1	4.094791E-2
1.000000E+5	-8.750000E+4	1.501324E-1	4.320277E-2
-1.000000E+5	-7.500000E+4	1.162052E+0	2.455963E-2
-8.750000E+4	-7.500000E+4	1.154614E+0	5.993795E-2
-7.500000E+4	-7.500000E+4	1.153312E+0	2.730882E-2
-6.250000E+4	-7.500000E+4	1.078667E+0	3.553226E-2
-5.000000E+4	-7.500000E+4	1.007730E+0	5.971194E-2
-3.750000E+4	-7.500000E+4	9.046423E-1	3.246486E-2
-2.500000E+4	-7.500000E+4	7.594922E-1	3.537758E-2
-1.250000E+4	-7.500000E+4	6.674650E-1	2.982242E-2
0.000000E+0	-7.500000E+4	5.552033E-1	5.016933E-2
1.250000E+4	-7.500000E+4	4.470231E-1	3.294226E-2
2.500000E+4	-7.500000E+4	4.054138E-1	5.647582E-2
3.750000E+4	-7.500000E+4	3.360645E-1	2.503560E-2
5.000000E+4	-7.500000E+4	2.460299E-1	4.121503E-2
6.250000E+4	-7.500000E+4	2.698204E-1	2.599482E-2
7.500000E+4	-7.500000E+4	2.466655E-1	2.941806E-2
8.750000E+4	-7.500000E+4	1.760223E-1	3.221875E-2
1.000000E+5	-7.500000E+4	1.743506E-1	3.802417E-2
-1.000000E+5	-6.250000E+4	1.118879E+0	6.155289E-2
-8.750000E+4	-6.250000E+4	1.123337E+0	2.992567E-2
-7.500000E+4	-6.250000E+4	1.146710E+0	3.039233E-2
-6.250000E+4	-6.250000E+4	1.079418E+0	3.697166E-2
-5.000000E+4	-6.250000E+4	1.018065E+0	3.354330E-2
-3.750000E+4	-6.250000E+4	8.743586E-1	4.937126E-2
-2.500000E+4	-6.250000E+4	7.655900E-1	4.490956E-2
-1.250000E+4	-6.250000E+4	6.153021E-1	4.595250E-2
0.000000E+0	-6.250000E+4	5.416240E-1	3.562516E-2
1.250000E+4	-6.250000E+4	4.555429E-1	4.412919E-2
2.500000E+4	-6.250000E+4	3.900622E-1	3.687338E-2
3.750000E+4	-6.250000E+4	3.305744E-1	7.095501E-2
5.000000E+4	-6.250000E+4	3.058394E-1	3.832652E-2
6.250000E+4	-6.250000E+4	2.615871E-1	4.892619E-2
7.500000E+4	-6.250000E+4	2.005738E-1	4.426592E-2
8.750000E+4	-6.250000E+4	1.845289E-1	3.557210E-2
1.000000E+5	-6.250000E+4	1.753064E-1	3.739356E-2
-1.000000E+5	-5.000000E+4	1.080510E+0	2.420210E-2
-8.750000E+4	-5.000000E+4	1.064314E+0	4.107655E-2
-7.500000E+4	-5.000000E+4	1.071322E+0	3.810321E-2
-6.250000E+4	-5.000000E+4	1.034245E+0	2.013536E-2
-5.000000E+4	-5.000000E+4	9.695309E-1	3.708702E-2
-3.750000E+4	-5.000000E+4	8.498451E-1	4.272463E-2
-2.500000E+4	-5.000000E+4	7.189132E-1	4.117728E-2
-1.250000E+4	-5.000000E+4	6.165310E-1	5.879459E-2
0.000000E+0	-5.000000E+4	5.450240E-1	3.493123E-2
1.250000E+4	-5.000000E+4	4.118314E-1	3.299289E-2
2.500000E+4	-5.000000E+4	3.784845E-1	2.049027E-2
3.750000E+4	-5.000000E+4	3.239218E-1	5.375405E-2
5.000000E+4	-5.000000E+4	2.965675E-1	4.092215E-2
6.250000E+4	-5.000000E+4	2.725289E-1	3.273881E-2
7.500000E+4	-5.000000E+4	2.512021E-1	3.625430E-2
8.750000E+4	-5.000000E+4	2.118552E-1	3.707223E-2
1.000000E+5	-5.000000E+4	1.842008E-1	3.853361E-2
-1.000000E+5	-3.750000E+4	1.000646E+0	4.364231E-2
-8.750000E+4	-3.750000E+4	9.824572E-1	3.662768E-2
-7.500000E+4	-3.750000E+4	9.676246E-1	4.175958E-2
-6.250000E+4	-3.750000E+4	9.210459E-1	2.684549E-2
-5.000000E+4	-3.750000E+4	8.676066E-1	3.342425E-2
-3.750000E+4	-3.750000E+4	7.834481E-1	5.389568E-2
-2.500000E+4	-3.750000E+4	6.820245E-1	4.911062E-2
-1.250000E+4	-3.750000E+4	5.872966E-1	3.633787E-2
0.000000E+0	-3.750000E+4	5.020260E-1	2.598496E-2
1.250000E+4	-3.750000E+4	4.078980E-1	3.278028E-2
2.500000E+4	-3.750000E+4	4.009214E-1	3.424932E-2
3.750000E+4	-3.750000E+4	3.664583E-1	3.937667E-2
5.000000E+4	-3.750000E+4	3.039151E-1	3.995464E-2
6.250000E+4	-3.750000E+4	2.848697E-1	5.220818E-2
7.500000E+4	-3.750000E+4	2.483092E-1	3.166549E-2
8.750000E+4	-3.750000E+4	2.209535E-1	4.188426E-2
1.000000E+5	-3.750000E+4	2.019212E-1	3.989196E-2
-1.000000E+5	-2.500000E+4	9.071951E-1	2.606806E-2
-8.750000E+4	-2.500000E+4	8.939345E-1	2.868569E-2
-7.500000E+4	-2.500000E+4	8.629117E-1	3.265867E-2
-6.250000E+4	-2.500000E+4	8.200530E-1	2.218407E-2
-5.000000E+4	-2.500000E+4	7.818215E-1	4.334630E-2
-3.750000E+4	-2.500000E+4	6.706518E-1	3.295187E-2
-2.500000E+4	-2.500000E+4	6.107299E-1	3.945870E-2
-1.250000E+4	-2.500000E+4	5.250580E-1	4.006200E-2
0.000000E+0	-2.500000E+4	4.557913E-1	5.557440E-2
1.250000E+4	-2.500000E+4	3.895563E-1	4.921424E-2
2.500000E+4	-2.500000E+4	4.029398E-1	4.797955E-2
3.750000E+4	-2.500000E+4	3.419584E-1	4.476495E-2
5.000000E+4	-2.500000E+4	3.206697E-1	2.887750E-2
6.250000E+4	-2.500000E+4	2.624073E-1	2.859670E-2
7.500000E+4	-2.500000E+4	1.993016E-1	4.860672E-2
8.750000E+4	-2.500000E+4	2.082859E-1	6.613777E-2
1.000000E+5	-2.500000E+4	1.811577E-1	6.100816E-2
-1.000000E+5	-1.250000E+4	7.713786E-1	4.048096E-2
-8.750000E+4	-1.250000E+4	7.278983E-1	5.217926E-2
-7.500000E+4	-1.250000E+4	7.493781E-1	3.073692E-2
-6.250000E+4	-1.250000E+4	7.340887E-1	3.233645E-2
-5.000000E+4	-1.250000E+4	6.404084E-1	4.033335E-2
-3.750000E+4	-1.250000E+4	5.936140E-1	3.292036E-2
-2.500000E+4	-1.250000E+4	5.166310E-1	4.946960E-2
-1.250000E+4	-1.250000E+4	4.718290E-1	3.297207E-2
0.000000E+0	-1.250000E+4	4.006519E-1	3.964486E-2
1.250000E+4	-1.250000E+4	3.829718E-1	2.622557E-2
2.500000E+4	-1.250000E+4	3.663928E-1	2.530868E-2
3.750000E+4	-1.250000E+4	3.513356E-1	4.036918E-2
5.000000E+4	-1.250000E+4	2.944022E-1	3.293372E-2
6.250000E+4	-1.250000E+4	2.893486E-1	4.860859E-2
7.500000E+4	-1.250000E+4	2.282175E-1	2.966525E-2
8.750000E+4	-1.250000E+4	1.994334E-1	6.306749E-2
1.000000E+5	-1.250000E+4	1.674571E-1	4.387159E-2
-1.000000E+5	0.000000E+0	6.217791E-1	3.821063E-2
-8.750000E+4	0.000000E+0	6.016691E-1	4.435627E-2
-7.500000E+4	0.000000E+0	5.998503E-1	3.646416E-2
-6.250000E+4	0.000000E+0	6.138046E-1	3.612599E-2
-5.000000E+4	0.000000E+0	5.413989E-1	3.278209E-2
-3.750000E+4	0.000000E+0	5.023141E-1	3.736214E-2
-2.500000E+4	0.000000E+0	4.728993E-1	3.665596E-2
-1.250000E+4	0.000000E+0	4.362985E-1	3.006757E-2
0.000000E+0	0.000000E+0	4.242030E-1	4.647600E-2
1.250000E+4	0.000000E+0	4.136153E-1	3.967989E-2
2.500000E+4	0.000000E+0	3.476672E-1	3.724460E-2
3.750000E+4	0.000000E+0	3.603302E-1	4.929027E-2
5.000000E+4	0.000000E+0	3.037481E-1	4.475220E-2
6.250000E+4	0.000000E+0	2.678257E-1	2.829449E-2
7.500000E+4	0.000000E+0	2.497667E-1	3.703908E-2
8.750000E+4	0.000000E+0	2.330635E-1	3.273344E-2
1.000000E+5	0.000000E+0	1.878876E-1	2.111574E-2
-1.000000E+5	1.250000E+4	5.502270E-1	4.273936E-2
-8.750000E+4	1.250000E+4	5.020645E-1	3.304047E-2
-7.500000E+4	1.250000E+4	5.491710E-1	3.322988E-2
-6.250000E+4	1.250000E+4	4.895813E-1	3.818324E-2
-5.000000E+4	1.250000E+4	4.637515E-1	2.693270E-2
-3.750000E+4	1.250000E+4	4.235906E-1	4.463601E-2
-2.500000E+4	1.250000E+4	4.002376E-1	3.144767E-2
-1.250000E+4	1.250000E+4	3.813238E-1	5.012750E-2
0.000000E+0	1.250000E+4	3.739388E-1	5.273178E-2
1.250000E+4	1.250000E+4	3.687210E-1	3.617106E-2
2.500000E+4	1.250000E+4	3.456232E-1	3.185915E-2
3.750000E+4	1.250000E+4	3.105067E-1	3.072359E-2
5.000000E+4	1.250000E+4	3.124403E-1	5.080305E-2
6.250000E+4	1.250000E+4	2.836059E-1	5.171411E-2
7.500000E+4	1.250000E+4	2.526379E-1	3.215756E-2
8.750000E+4	1.250000E+4	2.105641E-1	2.502541E-2
1.000000E+5	1.250000E+4	2.072169E-1	4.189884E-2
-1.000000E+5	2.500000E+4	4.601501E-1	5.016222E-2
-8.750000E+4	2.500000E+4	4.136688E-1	4.205600E-2
-7.500000E+4	2.500000E+4	4.116672E-1	3.344137E-2
-6.250000E+4	2.500000E+4	4.275583E-1	2.598815E-2
-5.000000E+4	2.500000E+4	4.009359E-1	2.594859E-2
-3.750000E+4	2.500000E+4	3.557877E-1	3.361414E-2
-2.500000E+4	2.500000E+4	3.703193E-1	3.386394E-2
-1.250000E+4	2.500000E+4	3.764028E-1	5.661336E-2
0.000000E+0	2.500000E+4	3.693051E-1	4.376151E-2
1.250000E+4	2.500000E+4	3.914514E-1	3.605932E-2
2.500000E+4	2.500000E+4	3.381423E-1	4.001628E-2
3.750000E+4	2.500000E+4	3.367758E-1	4.229162E-2
5.000000E+4	2.500000E+4	3.004643E-1	3.030140E-2
6.250000E+4	2.500000E+4	2.796050E-1	3.279085E-2
7.500000E+4	2.500000E+4	2.105983E-1	3.591165E-2
8.750000E+4	2.500000E+4	1.807447E-1	3.856968E-2
1.000000E+5	2.500000E+4	1.912243E-1	2.759914E-2
-1.000000E+5	3.750000E+4	3.110434E-1	2.162180E-2
-8.750000E+4	3.750000E+4	3.536097E-1	2.888462E-2
-7.500000E+4	3.750000E+4	3.119801E-1	3.503031E-2
-6.250000E+4	3.750000E+4	3.705915E-1	3.566823E-2
-5.000000E+4	3.750000E+4	3.542530E-1	2.866163E-2
-3.750000E+4	3.750000E+4	3.786872E-1	4.108164E-2
-2.500000E+4	3.750000E+4	3.410760E-1	1.767086E-2
-1.250000E+4	3.750000E+4	3.696393E-1	3.421444E-2
0.000000E+0	3.750000E+4	3.594547E-1	3.440303E-2
1.250000E+4	3.750000E+4	3.729034E-1	4.505635E-2
2.500000E+4	3.750000E+4	3.342750E-1	4.041525E-2
3.750000E+4	3.750000E+4	3.025269E-1	3.702812E-2
5.000000E+4	3.750000E+4	3.230346E-1	4.911541E-2
6.250000E+4	3.750000E+4	2.946895E-1	3.200128E-2
7.500000E+4	3.750000E+4	2.346435E-1	3.421217E-2
8.750000E+4	3.750000E+4	2.409450E-1	3.196746E-2
1.000000E+5	3.750000E+4	1.685008E-1	3.847275E-2
-1.000000E+5	5.000000E+4	2.856070E-1	3.998661E-2
-8.750000E+4	5.000000E+4	3.157066E-1	2.057206E-2
-7.500000E+4	5.000000E+4	3.268448E-1	3.571220E-2
-6.250000E+4	5.000000E+4	2.991182E-1	4.715937E-2
-5.000000E+4	5.000000E+4	3.390053E-1	5.428759E-2
-3.750000E+4	5.000000E+4	3.327254E-1	3.609010E-2
-2.500000E+4	5.000000E+4	3.274274E-1	5.063837E-2
-1.250000E+4	5.000000E+4	3.331170E-1	3.434454E-2
0.000000E+0	5.000000E+4	3.280196E-1	2.960459E-2
1.250000E+4	5.000000E+4	3.320399E-1	3.381790E-2
2.500000E+4	5.000000E+4	2.956836E-1	3.470220E-2
3.750000E+4	5.000000E+4	3.122847E-1	4.029356E-2
5.000000E+4	5.000000E+4	2.881050E-1	4.948837E-2
6.250000E+4	5.000000E+4	3.034572E-1	3.210155E-2
7.500000E+4	5.000000E+4	2.352882E-1	2.346212E-2
8.750000E+4	5.000000E+4	2.490429E-1	3.579407E-2
1.000000E+5	5.000000E+4	2.157355E-1	3.655653E-2
-1.000000E+5	6.250000E+4	2.512207E-1	2.978859E-2
-8.750000E+4	6.250000E+4	2.664910E-1	3.749771E-2
-7.500000E+4	6.250000E+4	2.757464E-1	4.408798E-2
-6.250000E+4	6.250000E+4	3.035293E-1	5.259505E-2
-5.000000E+4	6.250000E+4	3.251132E-1	5.007331E-2
-3.750000E+4	6.250000E+4	3.268343E-1	3.871512E-2
-2.500000E+4	6.250000E+4	3.036494E-1	4.446931E-2
-1.250000E+4	6.250000E+4	3.540954E-1	4.306511E-2
0.000000E+0	6.250000E+4	3.187097E-1	2.681845E-2
1.250000E+4	6.250000E+4	2.897994E-1	3.810577E-2
2.500000E+4	6.250000E+4	2.557162E-1	3.905988E-2
3.750000E+4	6.250000E+4	2.700353E-1	2.572770E-2
5.000000E+4	6.250000E+4	2.617826E-1	2.980175E-2
6.250000E+4	6.250000E+4	2.391229E-1	3.349500E-2
7.500000E+4	6.250000E+4	2.250421E-1	3.395735E-2
8.750000E+4	6.250000E+4	2.150765E-1	4.418915E-2
1.000000E+5	6.250000E+4	1.610750E-1	4.251972E-2
-1.000000E+5	7.500000E+4	1.988891E-1	3.863152E-2
-8.750000E+4	7.500000E+4	2.627443E-1	2.977332E-2
-7.500000E+4	7.500000E+4	2.803513E-1	2.496330E-2
-6.250000E+4	7.500000E+4	2.763606E-1	3.785334E-2
-5.000000E+4	7.500000E+4	2.658725E-1	3.583959E-2
-3.750000E+4	7.500000E+4	2.717480E-1	7.258200E-2
-2.500000E+4	7.500000E+4	3.004671E-1	3.098456E-2
-1.250000E+4	7.500000E+4	3.166632E-1	2.993645E-2
0.000000E+0	7.500000E+4	2.971918E-1	3.370800E-2
1.250000E+4	7.500000E+4	2.706046E-1	4.181109E-2
2.500000E+4	7.500000E+4	2.295565E-1	5.211346E-2
3.750000E+4	7.500000E+4	2.865738E-1	2.686647E-2
5.000000E+4	7.500000E+4	2.562985E-1	3.445869E-2
6.250000E+4	7.500000E+4	2.296671E-1	2.712265E-2
7.500000E+4	7.500000E+4	2.184402E-1	2.440665E-2
8.750000E+4	7.500000E+4	1.903435E-1	3.643689E-2
1.000000E+5	7.500000E+4	1.951592E-1	2.046125E-2
-1.000000E+5	8.750000E+4	2.015092E-1	3.543324E-2
-8.750000E+4	8.750000E+4	2.019640E-1	4.739248E-2
-7.500000E+4	8.750000E+4	2.239578E-1	3.086121E-2
-6.250000E+4	8.750000E+4	2.917003E-1	4.792901E-2
-5.000000E+4	8.750000E+4	2.665938E-1	5.283380E-2
-3.750000E+4	8.750000E+4	2.946095E-1	4.137002E-2
-2.500000E+4	8.750000E+4	2.813221E-1	3.660280E-2
-1.250000E+4	8.750000E+4	2.608358E-1	4.111558E-2
0.000000E+0	8.750000E+4	2.463150E-1	2.738167E-2
1.250000E+4	8.750000E+4	2.413448E-1	3.579475E-2
2.500000E+4	8.750000E+4	2.514741E-1	4.515868E-2
3.750000E+4	8.750000E+4	2.196663E-1	2.988028E-2
5.000000E+4	8.750000E+4	2.250498E-1	5.426838E-2
6.250000E+4	8.750000E+4	1.938067E-1	3.156191E-2
7.500000E+4	8.750000E+4	2.189973E-1	3.083655E-2
8.750000E+4	8.750000E+4	1.971605E-1	2.651636E-2
1.000000E+5	8.750000E+4	1.464012E-1	3.228389E-2
-1.000000E+5	1.000000E+5	2.182569E-1	2.651580E-2
-8.750000E+4	1.000000E+5	2.103729E-1	3.171768E-2
-7.500000E+4	1.000000E+5	2.419411E-1	3.873274E-2
-6.250000E+4	1.000000E+5	2.435671E-1	3.940221E-2
-5.000000E+4	1.000000E+5	2.341272E-1	4.329536E-2
-3.750000E+4	1.000000E+5	2.057436E-1	2.822788E-2
-2.500000E+4	1.000000E+5	2.305717E-1	1.859230E-2
-1.250000E+4	1.000000E+5	2.505341E-1	3.405462E-2
0.000000E+0	1.000000E+5	2.737705E-1	3.015624E-2
1.250000E+4	1.000000E+5	2.236187E-1	3.851112E-2
2.500000E+4	1.000000E+5	2.139425E-1	3.236416E-2
3.750000E+4	1.000000E+5	2.215746E-1	4.411201E-2
5.000000E+4	1.000000E+5	2.072251E-1	4.868102E-2
6.250000E+4	1.000000E+5	1.928323E-1	3.504845E-2
7.500000E+4	1.000000E+5	1.512113E-1	2.861204E-2
8.750000E+4	1.000000E+5	1.786401E-1	5.953869E-2
1.000000E+5	1.000000E+5	1.455897E-1	3.687648E-2
