1.221304E-2	3.386273E-2
1.221309E-2	3.386707E-2
1.221349E-2	3.386655E-2
1.221292E-2	3.386734E-2
1.221282E-2	3.386644E-2
1.221259E-2	3.386351E-2
1.221284E-2	3.386449E-2
1.223265E-2	3.400369E-2
1.227657E-2	3.404036E-2
1.229265E-2	3.407879E-2
1.230733E-2	3.411097E-2
1.233443E-2	3.413932E-2
1.233956E-2	3.419429E-2
1.235218E-2	3.422316E-2
1.236549E-2	3.425757E-2
1.238230E-2	3.429750E-2
1.241255E-2	3.437186E-2
1.242736E-2	3.439676E-2
1.243831E-2	3.443330E-2
1.245106E-2	3.447983E-2
1.247109E-2	3.451013E-2
1.248130E-2	3.454447E-2
1.249514E-2	3.458691E-2
1.252000E-2	3.463406E-2
1.253686E-2	3.464768E-2
1.253936E-2	3.468208E-2
1.279287E-2	3.469500E-2
1.255256E-2	3.471275E-2
1.256094E-2	3.471323E-2
1.256670E-2	3.474089E-2
1.257762E-2	3.476958E-2
1.259189E-2	3.479350E-2
1.259761E-2	3.480865E-2
1.260270E-2	3.483412E-2
1.261900E-2	3.487063E-2
1.263367E-2	3.489534E-2
1.263550E-2	3.491719E-2
1.265089E-2	3.493617E-2
1.266098E-2	3.496023E-2
1.266333E-2	3.496932E-2
1.267300E-2	3.500363E-2
1.268674E-2	3.504793E-2
1.270966E-2	3.508999E-2
1.271868E-2	3.512520E-2
1.274132E-2	3.513692E-2
1.275665E-2	3.522052E-2
1.277729E-2	3.525523E-2
1.279484E-2	3.530909E-2
1.281099E-2	3.535253E-2
1.283355E-2	3.540173E-2
1.284595E-2	3.543097E-2
1.286427E-2	3.547439E-2
1.288131E-2	3.551788E-2
1.290135E-2	3.557338E-2
1.291862E-2	3.560540E-2
1.293314E-2	3.564376E-2
1.295007E-2	3.568798E-2
1.306060E-2	3.574600E-2
1.299207E-2	3.579126E-2
1.301405E-2	3.583473E-2
1.305955E-2	3.596023E-2
1.305239E-2	3.592775E-2
1.306985E-2	3.597973E-2
1.310349E-2	3.629528E-2
1.311062E-2	3.606734E-2
1.312743E-2	3.612846E-2
1.315513E-2	3.618884E-2
1.318341E-2	3.619051E-2
1.319315E-2	3.626139E-2
1.319495E-2	3.626552E-2
1.320209E-2	3.628945E-2
1.320992E-2	3.630232E-2
1.322055E-2	3.632797E-2
1.322695E-2	3.635104E-2
1.323518E-2	3.637084E-2
1.324853E-2	3.648225E-2
1.337756E-2	3.665628E-2
1.327716E-2	3.649486E-2
1.347866E-2	3.674722E-2
1.333214E-2	3.674067E-2
1.348120E-2	3.687524E-2
1.335423E-2	3.684428E-2
1.336895E-2	3.683956E-2
1.336353E-2	3.667265E-2
1.344605E-2	3.691566E-2
1.341900E-2	3.684062E-2
1.346272E-2	3.704913E-2
1.351639E-2	3.746177E-2
1.371328E-2	3.710245E-2
1.353876E-2	3.709909E-2
1.353970E-2	3.710313E-2
1.353946E-2	3.710384E-2
1.356457E-2	3.720673E-2
1.360154E-2	3.727066E-2
1.362958E-2	3.735743E-2
1.365978E-2	3.746494E-2
1.369412E-2	3.752358E-2
1.372387E-2	3.758459E-2
1.373723E-2	3.761897E-2
1.375930E-2	3.766786E-2
1.378573E-2	3.776036E-2
1.383289E-2	3.786104E-2
1.387322E-2	3.793203E-2
1.389874E-2	3.802000E-2
1.393694E-2	3.817903E-2
1.399945E-2	3.826753E-2
1.403842E-2	3.837419E-2
1.406621E-2	3.841296E-2
1.409040E-2	3.848392E-2
1.411422E-2	3.852825E-2
1.413139E-2	3.856620E-2
1.414927E-2	3.860253E-2
1.417391E-2	3.871046E-2
1.422181E-2	3.883140E-2
1.427818E-2	3.895061E-2
1.432860E-2	3.906511E-2
1.435579E-2	3.912808E-2
1.438582E-2	3.926764E-2
1.446033E-2	3.939801E-2
1.450468E-2	3.949438E-2
1.453408E-2	3.956547E-2
1.457315E-2	3.971046E-2
1.466081E-2	3.993481E-2
1.472380E-2	4.008540E-2
1.476619E-2	4.012566E-2
1.479514E-2	4.022409E-2
1.482838E-2	4.032875E-2
1.489393E-2	4.053972E-2
1.498378E-2	4.070432E-2
1.504256E-2	4.084228E-2
1.508653E-2	4.095632E-2
1.514981E-2	4.110591E-2
1.520439E-2	4.120871E-2
1.523908E-2	4.134615E-2
1.531388E-2	4.146870E-2
1.538483E-2	4.168120E-2
1.544794E-2	4.190072E-2
1.553055E-2	4.208598E-2
1.559076E-2	4.221379E-2
1.566580E-2	4.233538E-2
1.570910E-2	4.247450E-2
1.579053E-2	4.262508E-2
1.582684E-2	4.278248E-2
1.589605E-2	4.291317E-2
1.594008E-2	4.298440E-2
1.596567E-2	4.305939E-2
1.600717E-2	4.317309E-2
1.605233E-2	4.330657E-2
1.612183E-2	4.354087E-2
1.621107E-2	4.368867E-2
1.626392E-2	4.380645E-2
1.635826E-2	4.398009E-2
1.641132E-2	4.422101E-2
1.650310E-2	4.442950E-2
1.657920E-2	4.461133E-2
1.664261E-2	4.477344E-2
1.672888E-2	4.499079E-2
1.681274E-2	4.518026E-2
1.688643E-2	4.525951E-2
1.690660E-2	4.529205E-2
1.691207E-2	4.538977E-2
1.694602E-2	4.546940E-2
1.702864E-2	4.563956E-2
1.707842E-2	4.579710E-2
1.715047E-2	4.603205E-2
1.725294E-2	4.628583E-2
1.736865E-2	4.653985E-2
1.746404E-2	4.679172E-2
1.754276E-2	4.694237E-2
1.762097E-2	4.719042E-2
1.773869E-2	4.744792E-2
1.781275E-2	4.765348E-2
1.792157E-2	4.799274E-2
1.807633E-2	4.834362E-2
1.821337E-2	4.863478E-2
1.832737E-2	4.891349E-2
1.847073E-2	4.937548E-2
1.860782E-2	4.958982E-2
1.871708E-2	4.981096E-2
1.880783E-2	5.006306E-2
1.892878E-2	5.016956E-2
1.896297E-2	5.039829E-2
1.906474E-2	5.077127E-2
1.918189E-2	5.095748E-2
1.933680E-2	5.110743E-2
1.937950E-2	5.147681E-2
1.947471E-2	5.165310E-2
1.954012E-2	5.183853E-2
1.962387E-2	5.202108E-2
1.973824E-2	5.248011E-2
1.992060E-2	5.285025E-2
2.005694E-2	5.310221E-2
2.015737E-2	5.341714E-2
2.029380E-2	5.348874E-2
2.035683E-2	5.388092E-2
2.048505E-2	5.416897E-2
2.057722E-2	5.435570E-2
2.063786E-2	5.455577E-2
2.072297E-2	5.472768E-2
2.082775E-2	5.503600E-2
2.094152E-2	5.532452E-2
2.109511E-2	5.566171E-2
2.122284E-2	5.598032E-2
2.138188E-2	5.635179E-2
2.149212E-2	5.666910E-2
2.164384E-2	5.696294E-2
2.175575E-2	5.742283E-2
2.194127E-2	5.791489E-2
2.214201E-2	5.826709E-2
2.232775E-2	5.885850E-2
2.263164E-2	5.965697E-2
2.301106E-2	6.043772E-2
2.318134E-2	6.074703E-2
2.335961E-2	6.123786E-2
2.355876E-2	6.171353E-2
2.373959E-2	6.219267E-2
2.396654E-2	6.283394E-2
2.426989E-2	6.347640E-2
2.450979E-2	6.420081E-2
2.478827E-2	6.467128E-2
2.497774E-2	6.542212E-2
2.525223E-2	6.584126E-2
2.548007E-2	6.667082E-2
2.578117E-2	6.709062E-2
2.599470E-2	6.780732E-2
2.622076E-2	6.829980E-2
2.659144E-2	6.937361E-2
2.716706E-2	6.981046E-2
2.738703E-2	7.101208E-2
2.745198E-2	7.140709E-2
2.776503E-2	7.218593E-2
2.803749E-2	7.279234E-2
2.831583E-2	7.330952E-2
2.847230E-2	7.372657E-2
2.864887E-2	7.402492E-2
2.877897E-2	7.462290E-2
2.904491E-2	7.544655E-2
2.938327E-2	7.584329E-2
2.955579E-2	7.623762E-2
2.959608E-2	7.642148E-2
2.983563E-2	7.708808E-2
3.031276E-2	7.740804E-2
3.049545E-2	7.843949E-2
3.049852E-2	7.845968E-2
3.046158E-2	7.833847E-2
3.045340E-2	7.833059E-2
3.037003E-2	7.796350E-2
3.025613E-2	7.778386E-2
3.020808E-2	7.768382E-2
3.014519E-2	7.743872E-2
3.006964E-2	7.728782E-2
2.996870E-2	7.707028E-2
2.990476E-2	7.679240E-2
2.978835E-2	7.665208E-2
2.971976E-2	7.639134E-2
2.961659E-2	7.611888E-2
2.950797E-2	7.591475E-2
2.941124E-2	7.568876E-2
2.928365E-2	7.546987E-2
2.925855E-2	7.531137E-2
2.909014E-2	7.517175E-2
2.904956E-2	7.472582E-2
2.890492E-2	7.433257E-2
2.872290E-2	7.403038E-2
2.864213E-2	7.378512E-2
2.854511E-2	7.363433E-2
2.851756E-2	7.337268E-2
2.831603E-2	7.289562E-2
2.813532E-2	7.249153E-2
2.802772E-2	7.228738E-2
2.792722E-2	7.213035E-2
2.785364E-2	7.181288E-2
2.769984E-2	7.142359E-2
2.761658E-2	7.121508E-2
2.740584E-2	7.087046E-2
2.730975E-2	7.053746E-2
2.719184E-2	7.037615E-2
2.714512E-2	7.022381E-2
2.706678E-2	7.005235E-2
2.698955E-2	6.972637E-2
2.688375E-2	6.946162E-2
2.677175E-2	6.908836E-2
2.653507E-2	6.860125E-2
2.635023E-2	6.803665E-2
2.614259E-2	6.775346E-2
2.603951E-2	6.740132E-2
2.590127E-2	6.714704E-2
2.577772E-2	6.671487E-2
2.567880E-2	6.658567E-2
2.556451E-2	6.628788E-2
2.545352E-2	6.602298E-2
2.534597E-2	6.571173E-2
2.521287E-2	6.537965E-2
2.505176E-2	6.501950E-2
2.474220E-2	6.473152E-2
2.463904E-2	6.371946E-2
2.430852E-2	6.325209E-2
2.416930E-2	6.278819E-2
2.396992E-2	6.241572E-2
2.380120E-2	6.185404E-2
2.358838E-2	6.133867E-2
2.336537E-2	6.075916E-2
2.317504E-2	6.039837E-2
2.305216E-2	6.011258E-2
2.291654E-2	5.975347E-2
2.279157E-2	5.941203E-2
2.255912E-2	5.883364E-2
2.240250E-2	5.850584E-2
2.225031E-2	5.811356E-2
2.202416E-2	5.766336E-2
2.181466E-2	5.752983E-2
2.170427E-2	5.672475E-2
2.149975E-2	5.640997E-2
2.142345E-2	5.611693E-2
2.126680E-2	5.580198E-2
2.113578E-2	5.546443E-2
2.100841E-2	5.519467E-2
2.086376E-2	5.478110E-2
2.066097E-2	5.425338E-2
2.046416E-2	5.366927E-2
2.018117E-2	5.345858E-2
2.013401E-2	5.293240E-2
1.992603E-2	5.258394E-2
1.983154E-2	5.227572E-2
1.967073E-2	5.183044E-2
1.943737E-2	5.121178E-2
1.928899E-2	5.083397E-2
1.910342E-2	5.035200E-2
1.869681E-2	4.995708E-2
1.846272E-2	4.874012E-2
1.819008E-2	4.809336E-2
1.797089E-2	4.768683E-2
1.773276E-2	4.745160E-2
1.764045E-2	4.691317E-2
1.748479E-2	4.668778E-2
1.738332E-2	4.612454E-2
1.709661E-2	4.551785E-2
1.675884E-2	4.519984E-2
1.664879E-2	4.456157E-2
1.645570E-2	4.406455E-2
1.630228E-2	4.360048E-2
1.609891E-2	4.312606E-2
1.575879E-2	4.278115E-2
1.568500E-2	4.208385E-2
1.554452E-2	4.175150E-2
1.531446E-2	4.163331E-2
1.522130E-2	4.095958E-2
1.497981E-2	4.044572E-2
1.475189E-2	3.981730E-2
1.453910E-2	3.941761E-2
1.439325E-2	3.900594E-2
1.420582E-2	3.846595E-2
1.400978E-2	3.807907E-2
1.385359E-2	3.765502E-2
1.367321E-2	3.704401E-2
1.332442E-2	3.582902E-2
1.279347E-2	3.507371E-2
1.255014E-2	3.414174E-2
1.220723E-2	3.387938E-2
1.220639E-2	3.387913E-2
1.220656E-2	3.712614E-2
1.220639E-2	4.033228E-2
1.220636E-2	4.033183E-2
1.220640E-2	4.033532E-2
