1.240266E-2	6.949038E-3
1.240286E-2	6.956020E-3
1.241668E-2	6.909221E-3
1.244822E-2	6.883617E-3
1.246124E-2	6.861989E-3
1.247367E-2	6.848524E-3
1.248690E-2	6.824547E-3
1.249906E-2	6.811423E-3
1.250822E-2	6.797368E-3
1.252792E-2	6.785990E-3
1.253383E-2	6.759782E-3
1.254664E-2	6.751816E-3
1.255010E-2	6.733731E-3
1.256015E-2	6.722327E-3
1.257331E-2	6.705830E-3
1.258900E-2	6.682627E-3
1.260716E-2	6.648007E-3
1.262919E-2	6.630579E-3
1.264352E-2	6.603754E-3
1.266056E-2	6.580053E-3
1.267315E-2	6.561417E-3
1.269455E-2	6.534645E-3
1.270589E-2	6.516416E-3
1.272335E-2	6.491560E-3
1.274666E-2	6.480667E-3
1.276401E-2	6.426611E-3
1.278630E-2	6.402791E-3
1.280928E-2	6.369798E-3
1.282246E-2	6.342409E-3
1.284324E-2	6.315230E-3
1.286144E-2	6.277248E-3
1.289412E-2	6.234963E-3
1.291863E-2	6.207351E-3
1.294249E-2	6.171103E-3
1.296552E-2	6.135171E-3
1.299838E-2	6.089172E-3
1.303071E-2	6.040365E-3
1.306120E-2	5.999813E-3
1.309003E-2	5.958972E-3
1.312184E-2	5.890939E-3
1.316238E-2	5.858340E-3
1.318228E-2	5.830478E-3
1.320289E-2	5.793456E-3
1.323248E-2	5.760358E-3
1.325321E-2	5.715082E-3
1.329623E-2	5.664870E-3
1.332539E-2	5.612047E-3
1.336908E-2	5.541941E-3
1.342031E-2	5.473750E-3
1.346194E-2	5.426688E-3
1.349241E-2	5.378446E-3
1.353314E-2	5.305701E-3
1.357680E-2	5.239427E-3
1.362247E-2	5.182260E-3
1.366146E-2	5.121615E-3
1.370590E-2	5.062703E-3
1.375077E-2	4.976113E-3
1.380670E-2	4.932188E-3
1.384131E-2	4.866333E-3
1.388202E-2	4.818944E-3
1.391455E-2	4.748220E-3
1.397203E-2	4.685778E-3
1.400025E-2	4.635291E-3
1.404202E-2	4.594253E-3
1.406658E-2	4.548176E-3
1.409622E-2	4.507702E-3
1.413313E-2	4.450115E-3
1.417353E-2	4.401807E-3
1.420825E-2	4.341530E-3
1.425178E-2	4.280111E-3
1.428803E-2	4.235031E-3
1.431363E-2	4.184162E-3
1.435280E-2	4.141943E-3
1.437926E-2	4.094947E-3
1.442924E-2	4.029591E-3
1.446326E-2	3.970469E-3
1.453482E-2	3.923827E-3
1.455382E-2	3.832460E-3
1.460633E-2	3.779112E-3
1.463374E-2	3.715646E-3
1.468123E-2	3.653834E-3
1.472836E-2	3.602730E-3
1.475343E-2	3.570091E-3
1.478650E-2	3.510405E-3
1.482929E-2	3.453002E-3
1.486791E-2	3.377501E-3
1.492683E-2	3.312710E-3
1.497066E-2	3.236395E-3
1.504530E-2	3.128479E-3
1.508500E-2	3.080604E-3
1.512193E-2	3.041745E-3
1.516115E-2	2.938160E-3
1.522947E-2	2.882200E-3
1.525750E-2	2.818931E-3
1.533259E-2	2.711527E-3
1.538984E-2	2.621393E-3
1.554052E-2	2.523556E-3
1.558290E-2	2.316333E-3
1.565288E-2	2.257198E-3
1.569820E-2	2.180516E-3
1.574958E-2	2.100829E-3
1.585898E-2	1.946912E-3
1.594288E-2	1.847185E-3
1.608168E-2	1.783916E-3
1.612128E-2	1.568031E-3
1.616714E-2	1.519723E-3
1.618995E-2	1.466113E-3
1.628713E-2	1.328983E-3
1.636567E-2	1.204164E-3
1.644231E-2	1.119070E-3
1.648569E-2	1.038766E-3
1.657221E-2	9.041830E-4
1.667628E-2	7.556230E-4
1.678353E-2	5.660510E-4
1.685373E-2	4.524920E-4
1.699491E-2	3.149550E-4
1.707549E-2	1.577600E-4
1.718370E-2	1.780900E-5
1.726014E-2	-2.833400E-5
1.726676E-2	-1.269850E-4
1.736600E-2	-2.770800E-4
1.749485E-2	-4.202730E-4
1.755724E-2	-5.553030E-4
1.770067E-2	-7.185740E-4
1.782881E-2	-9.373200E-4
1.794183E-2	-1.038493E-3
1.806570E-2	-1.311531E-3
1.820286E-2	-1.393488E-3
1.830112E-2	-1.598139E-3
1.840862E-2	-1.711082E-3
1.852048E-2	-1.974277E-3
1.867329E-2	-2.077418E-3
1.869259E-2	-2.167066E-3
1.882866E-2	-2.368449E-3
1.898909E-2	-2.601644E-3
1.911487E-2	-2.692604E-3
1.915259E-2	-2.888121E-3
1.933202E-2	-3.039266E-3
1.947666E-2	-3.321741E-3
1.956396E-2	-3.450077E-3
1.976715E-2	-3.720858E-3
1.990077E-2	-3.939958E-3
2.006515E-2	-4.223025E-3
2.020780E-2	-4.323710E-3
2.035346E-2	-4.784588E-3
2.067163E-2	-5.122811E-3
2.084469E-2	-5.174217E-3
2.100794E-2	-5.248445E-3
2.103388E-2	-5.454828E-3
2.114493E-2	-5.619806E-3
2.130444E-2	-6.017401E-3
2.143693E-2	-6.297790E-3
2.177045E-2	-6.718221E-3
2.203464E-2	-7.001968E-3
2.221569E-2	-7.178941E-3
2.241331E-2	-7.602376E-3
2.253158E-2	-7.702352E-3
2.273725E-2	-7.980154E-3
2.289636E-2	-8.322158E-3
2.312396E-2	-8.628860E-3
2.331484E-2	-8.864680E-3
2.342885E-2	-8.954446E-3
2.359873E-2	-9.289008E-3
2.378183E-2	-9.592820E-3
2.400487E-2	-9.860111E-3
2.416718E-2	-1.023823E-2
2.449395E-2	-1.060932E-2
2.471525E-2	-1.078031E-2
2.492929E-2	-1.118913E-2
2.522232E-2	-1.181357E-2
2.555041E-2	-1.207675E-2
2.591434E-2	-1.259635E-2
2.617950E-2	-1.330065E-2
2.684202E-2	-1.382666E-2
2.710233E-2	-1.426708E-2
2.729437E-2	-1.478702E-2
2.805619E-2	-1.528819E-2
2.812034E-2	-1.593990E-2
2.847036E-2	-1.615900E-2
2.848836E-2	-1.644854E-2
2.873423E-2	-1.707119E-2
2.938067E-2	-1.741265E-2
2.984584E-2	-1.817712E-2
3.004688E-2	-1.840924E-2
3.003267E-2	-1.844135E-2
3.051641E-2	-1.948706E-2
3.079276E-2	-1.959091E-2
3.136797E-2	-2.107866E-2
3.223653E-2	-2.158689E-2
3.224075E-2	-2.164394E-2
3.293452E-2	-2.266200E-2
3.299759E-2	-2.281031E-2
3.360278E-2	-2.358112E-2
3.400027E-2	-2.438379E-2
3.448315E-2	-2.517211E-2
3.534218E-2	-2.557059E-2
3.577780E-2	-2.675144E-2
3.582751E-2	-2.675160E-2
3.548413E-2	-2.651386E-2
3.541934E-2	-2.603049E-2
3.520781E-2	-2.574849E-2
3.506285E-2	-2.553881E-2
3.494116E-2	-2.539004E-2
3.480880E-2	-2.521589E-2
3.470062E-2	-2.506488E-2
3.456345E-2	-2.484141E-2
3.444332E-2	-2.469186E-2
3.428441E-2	-2.432192E-2
3.408967E-2	-2.403338E-2
3.386416E-2	-2.376735E-2
3.368388E-2	-2.359117E-2
3.343336E-2	-2.319551E-2
3.325592E-2	-2.285702E-2
3.294448E-2	-2.228402E-2
3.250111E-2	-2.170889E-2
3.208215E-2	-2.089979E-2
3.142666E-2	-2.005440E-2
3.116978E-2	-2.000838E-2
3.114832E-2	-1.997160E-2
3.084998E-2	-1.939336E-2
3.059760E-2	-1.899461E-2
3.041536E-2	-1.871561E-2
3.007681E-2	-1.839609E-2
2.986422E-2	-1.792411E-2
2.954606E-2	-1.758048E-2
2.936539E-2	-1.743435E-2
2.919385E-2	-1.691534E-2
2.896790E-2	-1.663203E-2
2.868158E-2	-1.628068E-2
2.855335E-2	-1.598318E-2
2.829408E-2	-1.567047E-2
2.811500E-2	-1.538293E-2
2.774339E-2	-1.500301E-2
2.755091E-2	-1.482890E-2
2.733962E-2	-1.435164E-2
2.702500E-2	-1.386338E-2
2.685419E-2	-1.375904E-2
2.660632E-2	-1.318736E-2
2.620834E-2	-1.263512E-2
2.602623E-2	-1.234759E-2
2.572717E-2	-1.221147E-2
2.534031E-2	-1.161894E-2
2.507211E-2	-1.119816E-2
2.473515E-2	-1.059857E-2
2.426166E-2	-9.795608E-3
2.402262E-2	-9.467253E-3
2.381429E-2	-9.359338E-3
2.351736E-2	-8.972806E-3
2.319790E-2	-8.556365E-3
2.284188E-2	-8.062414E-3
2.239705E-2	-7.317159E-3
2.192259E-2	-6.633507E-3
2.155564E-2	-6.141262E-3
2.135676E-2	-5.885455E-3
2.115345E-2	-5.556116E-3
2.083949E-2	-5.112024E-3
2.056692E-2	-4.716633E-3
2.020214E-2	-4.159992E-3
1.976452E-2	-3.401310E-3
1.921189E-2	-2.309445E-3
1.864999E-2	-2.009344E-3
1.864527E-2	-1.778616E-3
1.840360E-2	-1.358107E-3
1.798665E-2	-8.791030E-4
1.754071E-2	-6.094510E-4
1.738853E-2	2.308590E-4
1.693976E-2	5.767730E-4
1.661459E-2	1.012178E-3
1.637879E-2	1.573438E-3
1.607074E-2	1.846398E-3
1.581189E-2	2.263182E-3
1.554715E-2	2.786935E-3
1.504632E-2	3.442004E-3
1.463834E-2	4.073569E-3
1.397408E-2	5.226250E-3
1.357777E-2	5.409077E-3
1.336006E-2	5.990836E-3
1.269318E-2	6.885100E-3
1.225879E-2	7.188834E-3
1.225705E-2	7.193113E-3
1.225724E-2	7.192181E-3
1.225719E-2	7.191971E-3
