-1.000000E+5	-1.000000E+5	-1.871063E-3	4.735101E-3
-8.750000E+4	-1.000000E+5	1.960977E-2	4.110103E-3
-7.500000E+4	-1.000000E+5	-8.874751E-3	3.910276E-3
-6.250000E+4	-1.000000E+5	-8.876789E-3	3.910131E-3
-5.000000E+4	-1.000000E+5	-8.731070E-3	3.964236E-3
-3.750000E+4	-1.000000E+5	-8.911436E-3	3.874807E-3
-2.500000E+4	-1.000000E+5	-8.878827E-3	3.850418E-3
-1.250000E+4	-1.000000E+5	-1.216856E-3	1.212311E-2
0.000000E+0	-1.000000E+5	1.318453E-3	1.085040E-2
1.250000E+4	-1.000000E+5	-4.013032E-3	8.592623E-3
2.500000E+4	-1.000000E+5	-7.111856E-3	4.958561E-3
3.750000E+4	-1.000000E+5	1.959652E-2	4.092634E-3
5.000000E+4	-1.000000E+5	1.415804E-2	7.967642E-3
6.250000E+4	-1.000000E+5	-8.897170E-3	3.860492E-3
7.500000E+4	-1.000000E+5	-8.911436E-3	3.894195E-3
8.750000E+4	-1.000000E+5	-8.924683E-3	3.866669E-3
1.000000E+5	-1.000000E+5	-8.911436E-3	3.886853E-3
-1.000000E+5	-8.750000E+4	1.954149E-2	4.192357E-3
-8.750000E+4	-8.750000E+4	-8.933854E-3	3.900993E-3
-7.500000E+4	-8.750000E+4	1.808125E-2	5.192304E-3
-6.250000E+4	-8.750000E+4	-8.840105E-3	3.874550E-3
-5.000000E+4	-8.750000E+4	-3.827571E-3	6.386921E-3
-3.750000E+4	-8.750000E+4	-8.478354E-3	4.175200E-3
-2.500000E+4	-8.750000E+4	-1.041585E-3	7.243479E-3
-1.250000E+4	-8.750000E+4	-3.162155E-3	1.048410E-2
0.000000E+0	-8.750000E+4	5.860202E-3	1.449244E-2
1.250000E+4	-8.750000E+4	-8.919588E-3	3.862728E-3
2.500000E+4	-8.750000E+4	-2.439673E-3	8.639648E-3
3.750000E+4	-8.750000E+4	-5.952217E-3	5.157698E-3
5.000000E+4	-8.750000E+4	-8.915512E-3	3.865752E-3
6.250000E+4	-8.750000E+4	-8.847238E-3	3.867725E-3
7.500000E+4	-8.750000E+4	-8.376453E-3	4.058676E-3
8.750000E+4	-8.750000E+4	-8.857428E-3	3.886483E-3
1.000000E+5	-8.750000E+4	4.718905E-3	1.383657E-2
-1.000000E+5	-7.500000E+4	1.246103E-3	5.124813E-3
-8.750000E+4	-7.500000E+4	2.882166E-2	5.809074E-3
-7.500000E+4	-7.500000E+4	1.155038E-2	1.243534E-2
-6.250000E+4	-7.500000E+4	-8.824819E-3	3.883171E-3
-5.000000E+4	-7.500000E+4	-8.456955E-3	4.054925E-3
-3.750000E+4	-7.500000E+4	-8.856409E-3	3.898227E-3
-2.500000E+4	-7.500000E+4	-8.234810E-3	4.602881E-3
-1.250000E+4	-7.500000E+4	1.114650E-3	6.472718E-3
0.000000E+0	-7.500000E+4	1.957614E-2	4.109271E-3
1.250000E+4	-7.500000E+4	1.839103E-2	8.560029E-3
2.500000E+4	-7.500000E+4	-5.287819E-3	6.417557E-3
3.750000E+4	-7.500000E+4	-2.931857E-3	6.976458E-3
5.000000E+4	-7.500000E+4	8.184574E-3	1.081833E-2
6.250000E+4	-7.500000E+4	1.962811E-2	4.130665E-3
7.500000E+4	-7.500000E+4	-8.875770E-3	3.891229E-3
8.750000E+4	-7.500000E+4	-5.125796E-3	6.775737E-3
1.000000E+5	-7.500000E+4	-4.309565E-3	9.688841E-3
-1.000000E+5	-6.250000E+4	-3.638035E-3	5.249478E-3
-8.750000E+4	-6.250000E+4	5.136701E-3	9.816777E-3
-7.500000E+4	-6.250000E+4	1.968585E-3	1.248233E-2
-6.250000E+4	-6.250000E+4	-8.857428E-3	3.892492E-3
-5.000000E+4	-6.250000E+4	-3.373091E-3	6.786696E-3
-3.750000E+4	-6.250000E+4	-8.852333E-3	3.867730E-3
-2.500000E+4	-6.250000E+4	-8.851314E-3	3.876850E-3
-1.250000E+4	-6.250000E+4	-2.906382E-3	7.098154E-3
0.000000E+0	-6.250000E+4	-8.901246E-3	3.900331E-3
1.250000E+4	-6.250000E+4	1.536761E-2	9.295538E-3
2.500000E+4	-6.250000E+4	4.420334E-3	1.175791E-2
3.750000E+4	-6.250000E+4	9.920975E-3	1.184382E-2
5.000000E+4	-6.250000E+4	-8.886979E-3	3.861266E-3
6.250000E+4	-6.250000E+4	-8.874751E-3	3.928828E-3
7.500000E+4	-6.250000E+4	-8.879846E-3	3.942654E-3
8.750000E+4	-6.250000E+4	-8.646492E-3	3.917075E-3
1.000000E+5	-6.250000E+4	-8.818705E-3	3.873479E-3
-1.000000E+5	-5.000000E+4	8.568395E-4	1.002689E-2
-8.750000E+4	-5.000000E+4	1.121309E-2	1.136754E-2
-7.500000E+4	-5.000000E+4	-8.460012E-3	4.227792E-3
-6.250000E+4	-5.000000E+4	1.109386E-2	6.870235E-3
-5.000000E+4	-5.000000E+4	-8.659739E-3	3.957457E-3
-3.750000E+4	-5.000000E+4	8.913170E-3	1.330845E-2
-2.500000E+4	-5.000000E+4	1.859177E-2	5.459246E-3
-1.250000E+4	-5.000000E+4	1.136390E-2	1.034730E-2
0.000000E+0	-5.000000E+4	-7.219871E-3	5.361505E-3
1.250000E+4	-5.000000E+4	1.023177E-2	1.387613E-2
2.500000E+4	-5.000000E+4	6.282074E-3	1.365638E-2
3.750000E+4	-5.000000E+4	-8.812591E-3	3.832709E-3
5.000000E+4	-5.000000E+4	1.958124E-2	4.063639E-3
6.250000E+4	-5.000000E+4	8.948835E-3	1.132281E-2
7.500000E+4	-5.000000E+4	-8.846219E-3	3.849281E-3
8.750000E+4	-5.000000E+4	-8.836029E-3	3.895524E-3
1.000000E+5	-5.000000E+4	-8.932835E-3	3.860594E-3
-1.000000E+5	-3.750000E+4	1.941004E-2	4.215280E-3
-8.750000E+4	-3.750000E+4	1.870386E-2	4.866985E-3
-7.500000E+4	-3.750000E+4	1.343861E-2	6.254393E-3
-6.250000E+4	-3.750000E+4	8.958007E-3	1.021047E-2
-5.000000E+4	-3.750000E+4	1.075962E-2	1.169935E-2
-3.750000E+4	-3.750000E+4	1.064753E-2	1.024067E-2
-2.500000E+4	-3.750000E+4	-2.893135E-3	9.156174E-3
-1.250000E+4	-3.750000E+4	-8.858447E-3	3.852522E-3
0.000000E+0	-3.750000E+4	1.395729E-2	1.195419E-2
1.250000E+4	-3.750000E+4	1.955984E-2	4.069199E-3
2.500000E+4	-3.750000E+4	9.628518E-3	1.112526E-2
3.750000E+4	-3.750000E+4	1.471340E-2	7.891238E-3
5.000000E+4	-3.750000E+4	1.281294E-2	1.125075E-2
6.250000E+4	-3.750000E+4	-8.906341E-3	3.906254E-3
7.500000E+4	-3.750000E+4	-7.997380E-3	4.348362E-3
8.750000E+4	-3.750000E+4	-8.868637E-3	3.876017E-3
1.000000E+5	-3.750000E+4	1.124569E-2	1.135815E-2
-1.000000E+5	-2.500000E+4	-8.120680E-3	4.222388E-3
-8.750000E+4	-2.500000E+4	-8.882903E-3	3.850793E-3
-7.500000E+4	-2.500000E+4	-8.741260E-3	3.932309E-3
-6.250000E+4	-2.500000E+4	1.662304E-2	9.558700E-3
-5.000000E+4	-2.500000E+4	-8.906341E-3	3.870857E-3
-3.750000E+4	-2.500000E+4	6.863931E-3	8.880355E-3
-2.500000E+4	-2.500000E+4	1.965257E-2	4.164456E-3
-1.250000E+4	-2.500000E+4	2.010195E-2	4.929297E-3
0.000000E+0	-2.500000E+4	1.788661E-2	5.693996E-3
1.250000E+4	-2.500000E+4	4.830997E-3	1.197838E-2
2.500000E+4	-2.500000E+4	-7.542899E-3	4.635675E-3
3.750000E+4	-2.500000E+4	1.957206E-2	4.098662E-3
5.000000E+4	-2.500000E+4	-2.781043E-3	7.823445E-3
6.250000E+4	-2.500000E+4	-2.335734E-3	1.176797E-2
7.500000E+4	-2.500000E+4	1.935094E-2	4.368968E-3
8.750000E+4	-2.500000E+4	1.104291E-2	9.460736E-3
1.000000E+5	-2.500000E+4	1.371884E-2	8.411407E-3
-1.000000E+5	-1.250000E+4	1.129053E-2	4.219328E-3
-8.750000E+4	-1.250000E+4	-5.272534E-3	6.388339E-3
-7.500000E+4	-1.250000E+4	-1.470590E-3	7.095290E-3
-6.250000E+4	-1.250000E+4	-2.405027E-3	9.073216E-3
-5.000000E+4	-1.250000E+4	1.157687E-2	9.670075E-3
-3.750000E+4	-1.250000E+4	-8.851314E-3	3.881537E-3
-2.500000E+4	-1.250000E+4	1.871778E-3	1.328867E-2
-1.250000E+4	-1.250000E+4	-8.307160E-3	4.275644E-3
0.000000E+0	-1.250000E+4	1.959958E-2	4.110550E-3
1.250000E+4	-1.250000E+4	1.691142E-2	6.692693E-3
2.500000E+4	-1.250000E+4	-8.868637E-3	3.904056E-3
3.750000E+4	-1.250000E+4	2.025888E-2	4.411785E-3
5.000000E+4	-1.250000E+4	1.245934E-2	1.169641E-2
6.250000E+4	-1.250000E+4	3.572514E-3	1.216679E-2
7.500000E+4	-1.250000E+4	-8.874751E-3	3.905624E-3
8.750000E+4	-1.250000E+4	-8.624074E-3	3.954236E-3
1.000000E+5	-1.250000E+4	-2.484510E-3	8.118318E-3
-1.000000E+5	0.000000E+0	1.611353E-2	6.307349E-3
-8.750000E+4	0.000000E+0	1.245221E-2	1.063349E-2
-7.500000E+4	0.000000E+0	1.188019E-3	1.187546E-2
-6.250000E+4	0.000000E+0	2.319126E-3	1.378247E-2
-5.000000E+4	0.000000E+0	1.577283E-3	1.360532E-2
-3.750000E+4	0.000000E+0	-2.020858E-3	9.536666E-3
-2.500000E+4	0.000000E+0	1.068795E-3	1.154394E-2
-1.250000E+4	0.000000E+0	1.956085E-2	4.034876E-3
0.000000E+0	0.000000E+0	-8.813610E-3	3.870076E-3
1.250000E+4	0.000000E+0	-8.845200E-3	3.863825E-3
2.500000E+4	0.000000E+0	-8.404985E-3	4.297539E-3
3.750000E+4	0.000000E+0	-5.054465E-3	6.035678E-3
5.000000E+4	0.000000E+0	-8.841124E-3	3.880849E-3
6.250000E+4	0.000000E+0	3.451251E-3	1.185329E-2
7.500000E+4	0.000000E+0	-8.879846E-3	3.894939E-3
8.750000E+4	0.000000E+0	3.488954E-3	1.286833E-2
1.000000E+5	0.000000E+0	-7.130198E-3	5.003109E-3
-1.000000E+5	1.250000E+4	1.207624E-5	7.214707E-3
-8.750000E+4	1.250000E+4	-9.284743E-4	1.152018E-2
-7.500000E+4	1.250000E+4	-3.720923E-4	1.086910E-2
-6.250000E+4	1.250000E+4	2.096404E-2	5.186949E-3
-5.000000E+4	1.250000E+4	-3.244695E-3	9.770181E-3
-3.750000E+4	1.250000E+4	2.736146E-5	9.937317E-3
-2.500000E+4	1.250000E+4	-8.886979E-3	3.860594E-3
-1.250000E+4	1.250000E+4	-2.721940E-3	5.915351E-3
0.000000E+0	1.250000E+4	-8.329578E-3	4.028210E-3
1.250000E+4	1.250000E+4	-8.839086E-3	3.888997E-3
2.500000E+4	1.250000E+4	-7.613211E-3	5.347976E-3
3.750000E+4	1.250000E+4	-8.751450E-3	3.874707E-3
5.000000E+4	1.250000E+4	-8.615921E-3	4.075882E-3
6.250000E+4	1.250000E+4	-8.800363E-3	3.919793E-3
7.500000E+4	1.250000E+4	-1.615290E-3	6.304663E-3
8.750000E+4	1.250000E+4	1.316348E-2	1.187931E-2
1.000000E+5	1.250000E+4	-8.893093E-3	3.891624E-3
-1.000000E+5	2.500000E+4	2.218787E-2	4.547823E-3
-8.750000E+4	2.500000E+4	-8.772850E-3	3.872127E-3
-7.500000E+4	2.500000E+4	1.795896E-2	6.483236E-3
-6.250000E+4	2.500000E+4	1.153713E-2	1.261579E-2
-5.000000E+4	2.500000E+4	-8.737184E-3	3.858453E-3
-3.750000E+4	2.500000E+4	9.155695E-3	1.197014E-2
-2.500000E+4	2.500000E+4	1.791616E-2	5.266471E-3
-1.250000E+4	2.500000E+4	4.053489E-3	1.401501E-2
0.000000E+0	2.500000E+4	1.106498E-3	1.354980E-2
1.250000E+4	2.500000E+4	8.965810E-4	1.023388E-2
2.500000E+4	2.500000E+4	-8.838067E-3	3.828150E-3
3.750000E+4	2.500000E+4	1.642942E-2	8.886498E-3
5.000000E+4	2.500000E+4	6.529694E-3	1.179836E-2
6.250000E+4	2.500000E+4	1.743621E-2	5.520374E-3
7.500000E+4	2.500000E+4	-2.713788E-3	1.129641E-2
8.750000E+4	2.500000E+4	-8.051387E-3	4.146871E-3
1.000000E+5	2.500000E+4	-8.471221E-3	4.135300E-3
-1.000000E+5	3.750000E+4	8.565686E-3	1.145384E-2
-8.750000E+4	3.750000E+4	8.436271E-3	1.415281E-2
-7.500000E+4	3.750000E+4	2.437331E-3	1.127521E-2
-6.250000E+4	3.750000E+4	-6.051061E-3	6.830286E-3
-5.000000E+4	3.750000E+4	1.963015E-2	4.129307E-3
-3.750000E+4	3.750000E+4	-8.806477E-3	3.856687E-3
-2.500000E+4	3.750000E+4	-4.728380E-3	6.602947E-3
-1.250000E+4	3.750000E+4	1.636115E-2	9.456457E-3
0.000000E+0	3.750000E+4	-8.790173E-3	3.855511E-3
1.250000E+4	3.750000E+4	6.969909E-3	1.199100E-2
2.500000E+4	3.750000E+4	1.937947E-2	4.136705E-3
3.750000E+4	3.750000E+4	-8.477335E-3	4.265322E-3
5.000000E+4	3.750000E+4	-3.737898E-3	1.084963E-2
6.250000E+4	3.750000E+4	-8.802401E-3	3.843414E-3
7.500000E+4	3.750000E+4	4.033779E-4	1.270514E-2
8.750000E+4	3.750000E+4	-6.392431E-3	5.202537E-3
1.000000E+5	3.750000E+4	-6.516751E-3	6.691514E-3
-1.000000E+5	5.000000E+4	2.404554E-2	4.486446E-3
-8.750000E+4	5.000000E+4	1.280988E-2	8.675006E-3
-7.500000E+4	5.000000E+4	-8.802401E-3	3.899760E-3
-6.250000E+4	5.000000E+4	7.205301E-3	1.236319E-2
-5.000000E+4	5.000000E+4	1.386727E-3	1.105052E-2
-3.750000E+4	5.000000E+4	1.239718E-2	1.076544E-2
-2.500000E+4	5.000000E+4	-8.848257E-3	3.880731E-3
-1.250000E+4	5.000000E+4	1.744640E-2	7.196868E-3
0.000000E+0	5.000000E+4	1.961690E-2	4.132146E-3
1.250000E+4	5.000000E+4	-8.800363E-3	3.827270E-3
2.500000E+4	5.000000E+4	6.687642E-3	1.119135E-2
3.750000E+4	5.000000E+4	-8.378491E-3	3.961647E-3
5.000000E+4	5.000000E+4	4.441733E-3	1.214301E-2
6.250000E+4	5.000000E+4	-8.814629E-3	3.881745E-3
7.500000E+4	5.000000E+4	-8.798325E-3	3.853076E-3
