-2.500000E+5	-2.500000E+5	1.118554E+0	6.683898E-3
-2.250000E+5	-2.500000E+5	1.083677E+0	1.618161E-2
-2.000000E+5	-2.500000E+5	1.132530E+0	6.885218E-3
-1.750000E+5	-2.500000E+5	1.142046E+0	4.750884E-3
-1.500000E+5	-2.500000E+5	1.159187E+0	6.256996E-3
-1.250000E+5	-2.500000E+5	1.165138E+0	1.503789E-2
-1.000000E+5	-2.500000E+5	1.172853E+0	6.411943E-3
-7.500000E+4	-2.500000E+5	1.160166E+0	1.296028E-2
-5.000000E+4	-2.500000E+5	1.207892E+0	8.857579E-3
-2.500000E+4	-2.500000E+5	1.142888E+0	6.371543E-3
0.000000E+0	-2.500000E+5	1.157754E+0	2.691612E-2
2.500000E+4	-2.500000E+5	1.139464E+0	9.928120E-3
5.000000E+4	-2.500000E+5	1.192761E+0	7.447318E-3
7.500000E+4	-2.500000E+5	1.331245E+0	5.415307E-3
1.000000E+5	-2.500000E+5	1.244495E+0	1.557951E-2
1.250000E+5	-2.500000E+5	1.278347E+0	9.406771E-3
1.500000E+5	-2.500000E+5	1.239657E+0	1.546817E-2
1.750000E+5	-2.500000E+5	1.345998E+0	1.186931E-2
2.000000E+5	-2.500000E+5	1.288824E+0	1.466981E-2
2.250000E+5	-2.500000E+5	1.252224E+0	1.042812E-2
2.500000E+5	-2.500000E+5	1.293500E+0	1.536871E-2
-2.500000E+5	-2.250000E+5	1.101843E+0	9.102464E-3
-2.250000E+5	-2.250000E+5	1.146123E+0	8.492108E-3
-2.000000E+5	-2.250000E+5	1.188242E+0	5.350455E-3
-1.750000E+5	-2.250000E+5	1.166167E+0	7.022518E-3
-1.500000E+5	-2.250000E+5	1.216246E+0	4.684679E-3
-1.250000E+5	-2.250000E+5	1.245161E+0	1.137876E-2
-1.000000E+5	-2.250000E+5	1.229600E+0	6.072795E-3
-7.500000E+4	-2.250000E+5	1.235046E+0	2.437953E-2
-5.000000E+4	-2.250000E+5	1.264127E+0	7.857969E-3
-2.500000E+4	-2.250000E+5	1.301631E+0	1.147346E-2
0.000000E+0	-2.250000E+5	1.281617E+0	2.270698E-2
2.500000E+4	-2.250000E+5	1.352732E+0	8.468646E-3
5.000000E+4	-2.250000E+5	1.324065E+0	2.800334E-2
7.500000E+4	-2.250000E+5	1.360691E+0	7.736156E-3
1.000000E+5	-2.250000E+5	1.321372E+0	1.127143E-2
1.250000E+5	-2.250000E+5	1.389379E+0	2.102487E-2
1.500000E+5	-2.250000E+5	1.312370E+0	1.128081E-2
1.750000E+5	-2.250000E+5	1.408767E+0	1.028943E-2
2.000000E+5	-2.250000E+5	1.354742E+0	7.756896E-3
2.250000E+5	-2.250000E+5	1.334880E+0	9.320765E-3
2.500000E+5	-2.250000E+5	1.298347E+0	1.817032E-2
-2.500000E+5	-2.000000E+5	1.139134E+0	5.393501E-3
-2.250000E+5	-2.000000E+5	1.143359E+0	1.966806E-2
-2.000000E+5	-2.000000E+5	1.212764E+0	6.254782E-3
-1.750000E+5	-2.000000E+5	1.272662E+0	5.423746E-3
-1.500000E+5	-2.000000E+5	1.247877E+0	9.187909E-3
-1.250000E+5	-2.000000E+5	1.303828E+0	5.262222E-3
-1.000000E+5	-2.000000E+5	1.384888E+0	6.736468E-3
-7.500000E+4	-2.000000E+5	1.377828E+0	1.646774E-2
-5.000000E+4	-2.000000E+5	1.418614E+0	7.207320E-3
-2.500000E+4	-2.000000E+5	1.470210E+0	7.352601E-3
0.000000E+0	-2.000000E+5	1.427628E+0	1.171965E-2
2.500000E+4	-2.000000E+5	1.469209E+0	7.309380E-3
5.000000E+4	-2.000000E+5	1.422153E+0	1.319367E-2
7.500000E+4	-2.000000E+5	1.378784E+0	2.020170E-2
1.000000E+5	-2.000000E+5	1.364507E+0	2.029524E-2
1.250000E+5	-2.000000E+5	1.365764E+0	1.315785E-2
1.500000E+5	-2.000000E+5	1.386035E+0	1.262609E-2
1.750000E+5	-2.000000E+5	1.422721E+0	1.402921E-2
2.000000E+5	-2.000000E+5	1.359050E+0	1.301218E-2
2.250000E+5	-2.000000E+5	1.434829E+0	8.341011E-3
2.500000E+5	-2.000000E+5	1.328140E+0	7.487995E-3
-2.500000E+5	-1.750000E+5	1.156370E+0	5.404464E-3
-2.250000E+5	-1.750000E+5	1.251056E+0	5.958943E-3
-2.000000E+5	-1.750000E+5	1.266190E+0	4.342218E-3
-1.750000E+5	-1.750000E+5	1.279084E+0	1.120461E-2
-1.500000E+5	-1.750000E+5	1.357802E+0	9.734620E-3
-1.250000E+5	-1.750000E+5	1.513803E+0	6.644724E-3
-1.000000E+5	-1.750000E+5	1.483401E+0	1.118591E-2
-7.500000E+4	-1.750000E+5	1.621542E+0	1.792891E-2
-5.000000E+4	-1.750000E+5	1.627730E+0	5.502881E-3
-2.500000E+4	-1.750000E+5	1.641515E+0	5.328688E-3
0.000000E+0	-1.750000E+5	1.617928E+0	8.914057E-3
2.500000E+4	-1.750000E+5	1.530989E+0	5.896038E-3
5.000000E+4	-1.750000E+5	1.535137E+0	1.017791E-2
7.500000E+4	-1.750000E+5	1.424494E+0	7.320821E-3
1.000000E+5	-1.750000E+5	1.428989E+0	8.583210E-3
1.250000E+5	-1.750000E+5	1.481718E+0	7.997941E-3
1.500000E+5	-1.750000E+5	1.458336E+0	1.512203E-2
1.750000E+5	-1.750000E+5	1.470470E+0	4.735204E-3
2.000000E+5	-1.750000E+5	1.441593E+0	5.876159E-3
2.250000E+5	-1.750000E+5	1.407389E+0	6.521269E-3
2.500000E+5	-1.750000E+5	1.348472E+0	1.214687E-2
-2.500000E+5	-1.500000E+5	1.192106E+0	1.162915E-2
-2.250000E+5	-1.500000E+5	1.318861E+0	1.411045E-2
-2.000000E+5	-1.500000E+5	1.306135E+0	6.890634E-3
-1.750000E+5	-1.500000E+5	1.458754E+0	1.633150E-2
-1.500000E+5	-1.500000E+5	1.553032E+0	5.393912E-3
-1.250000E+5	-1.500000E+5	1.650045E+0	9.465312E-3
-1.000000E+5	-1.500000E+5	1.855674E+0	4.607079E-3
-7.500000E+4	-1.500000E+5	1.914374E+0	1.479138E-2
-5.000000E+4	-1.500000E+5	2.004499E+0	8.962369E-3
-2.500000E+4	-1.500000E+5	1.966218E+0	1.335213E-2
0.000000E+0	-1.500000E+5	1.862275E+0	1.126733E-2
2.500000E+4	-1.500000E+5	1.751832E+0	9.281939E-3
5.000000E+4	-1.500000E+5	1.655615E+0	7.401057E-3
7.500000E+4	-1.500000E+5	1.563651E+0	8.328348E-3
1.000000E+5	-1.500000E+5	1.558268E+0	4.818529E-3
1.250000E+5	-1.500000E+5	1.532447E+0	2.824718E-2
1.500000E+5	-1.500000E+5	1.546914E+0	1.258028E-2
1.750000E+5	-1.500000E+5	1.549218E+0	2.452936E-2
2.000000E+5	-1.500000E+5	1.533822E+0	5.897849E-3
2.250000E+5	-1.500000E+5	1.555418E+0	1.130032E-2
2.500000E+5	-1.500000E+5	1.419143E+0	1.249426E-2
-2.500000E+5	-1.250000E+5	1.298482E+0	1.020701E-2
-2.250000E+5	-1.250000E+5	1.421445E+0	8.282029E-3
-2.000000E+5	-1.250000E+5	1.476519E+0	8.482108E-3
-1.750000E+5	-1.250000E+5	1.646777E+0	6.043185E-3
-1.500000E+5	-1.250000E+5	1.802801E+0	1.563987E-2
-1.250000E+5	-1.250000E+5	2.011036E+0	2.269142E-2
-1.000000E+5	-1.250000E+5	2.246466E+0	5.364448E-3
-7.500000E+4	-1.250000E+5	2.369488E+0	1.148018E-2
-5.000000E+4	-1.250000E+5	2.447999E+0	9.497369E-3
-2.500000E+4	-1.250000E+5	2.352780E+0	1.652748E-2
0.000000E+0	-1.250000E+5	2.228709E+0	9.558206E-3
2.500000E+4	-1.250000E+5	2.003195E+0	1.332932E-2
5.000000E+4	-1.250000E+5	1.762847E+0	1.882270E-2
7.500000E+4	-1.250000E+5	1.743628E+0	5.740662E-3
1.000000E+5	-1.250000E+5	1.662295E+0	2.547631E-2
1.250000E+5	-1.250000E+5	1.644498E+0	6.537912E-3
1.500000E+5	-1.250000E+5	1.620882E+0	5.696864E-3
1.750000E+5	-1.250000E+5	1.639474E+0	1.432184E-2
2.000000E+5	-1.250000E+5	1.641152E+0	1.986080E-2
2.250000E+5	-1.250000E+5	1.610531E+0	1.375132E-2
2.500000E+5	-1.250000E+5	1.561534E+0	1.538005E-2
-2.500000E+5	-1.000000E+5	1.361281E+0	1.282981E-2
-2.250000E+5	-1.000000E+5	1.545710E+0	1.878515E-2
-2.000000E+5	-1.000000E+5	1.606043E+0	6.943814E-3
-1.750000E+5	-1.000000E+5	1.892310E+0	7.012502E-3
-1.500000E+5	-1.000000E+5	2.200144E+0	5.206423E-3
-1.250000E+5	-1.000000E+5	2.418462E+0	1.472498E-2
-1.000000E+5	-1.000000E+5	2.771121E+0	1.817677E-2
-7.500000E+4	-1.000000E+5	2.907045E+0	5.880402E-3
-5.000000E+4	-1.000000E+5	2.936794E+0	9.827581E-3
-2.500000E+4	-1.000000E+5	2.882761E+0	1.164828E-2
0.000000E+0	-1.000000E+5	2.587372E+0	1.393273E-2
2.500000E+4	-1.000000E+5	2.295794E+0	4.642432E-3
5.000000E+4	-1.000000E+5	2.007692E+0	1.423628E-2
7.500000E+4	-1.000000E+5	1.842986E+0	8.993000E-3
1.000000E+5	-1.000000E+5	1.667075E+0	1.150870E-2
1.250000E+5	-1.000000E+5	1.701989E+0	6.368752E-3
1.500000E+5	-1.000000E+5	1.656163E+0	6.013795E-3
1.750000E+5	-1.000000E+5	1.699788E+0	2.018403E-2
2.000000E+5	-1.000000E+5	1.650777E+0	1.138715E-2
2.250000E+5	-1.000000E+5	1.662956E+0	1.743288E-2
2.500000E+5	-1.000000E+5	1.582821E+0	7.906524E-3
-2.500000E+5	-7.500000E+4	1.412392E+0	1.335475E-2
-2.250000E+5	-7.500000E+4	1.635991E+0	1.705401E-2
-2.000000E+5	-7.500000E+4	1.827362E+0	1.133709E-2
-1.750000E+5	-7.500000E+4	2.170190E+0	1.408724E-2
-1.500000E+5	-7.500000E+4	2.582112E+0	7.793029E-3
-1.250000E+5	-7.500000E+4	2.957062E+0	2.368091E-2
-1.000000E+5	-7.500000E+4	3.373010E+0	9.310601E-3
-7.500000E+4	-7.500000E+4	3.519199E+0	1.512177E-2
-5.000000E+4	-7.500000E+4	3.602373E+0	1.125405E-2
-2.500000E+4	-7.500000E+4	3.449941E+0	1.679263E-2
0.000000E+0	-7.500000E+4	3.149873E+0	6.345098E-3
2.500000E+4	-7.500000E+4	2.801375E+0	2.959568E-2
5.000000E+4	-7.500000E+4	2.396472E+0	8.232557E-3
7.500000E+4	-7.500000E+4	2.089024E+0	6.051716E-3
1.000000E+5	-7.500000E+4	1.822043E+0	2.664070E-2
1.250000E+5	-7.500000E+4	1.744955E+0	8.319457E-3
1.500000E+5	-7.500000E+4	1.736987E+0	1.373506E-2
1.750000E+5	-7.500000E+4	1.792416E+0	1.024107E-2
2.000000E+5	-7.500000E+4	1.731169E+0	1.431908E-2
2.250000E+5	-7.500000E+4	1.648839E+0	7.512194E-3
2.500000E+5	-7.500000E+4	1.596034E+0	1.213294E-2
-2.500000E+5	-5.000000E+4	1.476718E+0	1.527306E-2
-2.250000E+5	-5.000000E+4	1.736204E+0	5.368339E-3
-2.000000E+5	-5.000000E+4	2.065969E+0	6.682085E-3
-1.750000E+5	-5.000000E+4	2.512134E+0	5.802352E-3
-1.500000E+5	-5.000000E+4	3.027337E+0	6.710320E-3
-1.250000E+5	-5.000000E+4	3.499529E+0	1.684989E-2
-1.000000E+5	-5.000000E+4	3.947762E+0	6.147187E-3
-7.500000E+4	-5.000000E+4	4.235430E+0	1.570375E-2
-5.000000E+4	-5.000000E+4	4.283575E+0	2.104076E-2
-2.500000E+4	-5.000000E+4	4.248372E+0	6.375512E-3
0.000000E+0	-5.000000E+4	3.900830E+0	3.934904E-3
2.500000E+4	-5.000000E+4	3.438499E+0	1.802467E-2
5.000000E+4	-5.000000E+4	2.916930E+0	9.646577E-3
7.500000E+4	-5.000000E+4	2.451317E+0	7.356245E-3
1.000000E+5	-5.000000E+4	2.119831E+0	1.228639E-2
1.250000E+5	-5.000000E+4	1.972244E+0	7.817187E-3
1.500000E+5	-5.000000E+4	1.822697E+0	8.388833E-3
1.750000E+5	-5.000000E+4	1.796842E+0	1.145574E-2
2.000000E+5	-5.000000E+4	1.743847E+0	5.474207E-3
2.250000E+5	-5.000000E+4	1.643656E+0	1.438515E-2
2.500000E+5	-5.000000E+4	1.589059E+0	8.264378E-3
-2.500000E+5	-2.500000E+4	1.488497E+0	1.897005E-2
-2.250000E+5	-2.500000E+4	1.810197E+0	2.743208E-2
-2.000000E+5	-2.500000E+4	2.220265E+0	7.571496E-3
-1.750000E+5	-2.500000E+4	2.849361E+0	1.137208E-2
-1.500000E+5	-2.500000E+4	3.436769E+0	1.334097E-2
-1.250000E+5	-2.500000E+4	4.007373E+0	1.741733E-2
-1.000000E+5	-2.500000E+4	4.516924E+0	1.424402E-2
-7.500000E+4	-2.500000E+4	4.890560E+0	1.762009E-2
-5.000000E+4	-2.500000E+4	5.167964E+0	1.866281E-2
-2.500000E+4	-2.500000E+4	5.088865E+0	7.283918E-3
0.000000E+0	-2.500000E+4	4.793522E+0	6.069901E-3
2.500000E+4	-2.500000E+4	4.215130E+0	5.457114E-3
5.000000E+4	-2.500000E+4	3.567705E+0	7.573494E-3
7.500000E+4	-2.500000E+4	2.997293E+0	1.426964E-2
1.000000E+5	-2.500000E+4	2.543901E+0	1.003468E-2
1.250000E+5	-2.500000E+4	2.214564E+0	6.018868E-3
1.500000E+5	-2.500000E+4	2.025253E+0	1.268323E-2
1.750000E+5	-2.500000E+4	1.784024E+0	5.255593E-3
2.000000E+5	-2.500000E+4	1.697902E+0	7.704703E-3
2.250000E+5	-2.500000E+4	1.629408E+0	1.100009E-2
2.500000E+5	-2.500000E+4	1.607871E+0	7.444439E-3
-2.500000E+5	0.000000E+0	1.589461E+0	8.024843E-3
-2.250000E+5	0.000000E+0	1.930158E+0	1.306146E-2
-2.000000E+5	0.000000E+0	2.580698E+0	2.918459E-1
-1.750000E+5	0.000000E+0	2.356826E+0	8.351475E-1
-1.500000E+5	0.000000E+0	3.640371E+0	6.290784E-3
-1.250000E+5	0.000000E+0	4.358072E+0	1.449748E-1
-1.000000E+5	0.000000E+0	4.118094E+0	5.759457E-1
-7.500000E+4	0.000000E+0	5.448445E+0	7.537281E-3
-5.000000E+4	0.000000E+0	5.857440E+0	5.817074E-3
-2.500000E+4	0.000000E+0	5.890836E+0	1.327295E-2
0.000000E+0	0.000000E+0	5.670741E+0	7.658294E-3
2.500000E+4	0.000000E+0	5.062776E+0	6.160959E-3
5.000000E+4	0.000000E+0	4.346901E+0	5.872320E-3
7.500000E+4	0.000000E+0	3.658965E+0	2.486059E-2
1.000000E+5	0.000000E+0	3.109624E+0	1.507311E-2
1.250000E+5	0.000000E+0	2.606790E+0	4.841514E-3
1.500000E+5	0.000000E+0	2.206002E+0	1.333533E-2
1.750000E+5	0.000000E+0	2.062190E+0	2.289118E-2
2.000000E+5	0.000000E+0	1.807665E+0	9.412947E-3
2.250000E+5	0.000000E+0	1.702992E+0	1.057848E-2
2.500000E+5	0.000000E+0	1.617744E+0	4.890919E-3
-2.500000E+5	2.500000E+4	1.598746E+0	9.488213E-3
-2.250000E+5	2.500000E+4	1.966269E+0	7.277264E-3
-2.000000E+5	2.500000E+4	2.501043E+0	5.611505E-3
-1.750000E+5	2.500000E+4	3.154555E+0	5.409436E-3
-1.500000E+5	2.500000E+4	3.790619E+0	1.109085E-2
-1.250000E+5	2.500000E+4	4.445062E+0	8.080537E-3
-1.000000E+5	2.500000E+4	5.131612E+0	5.675270E-3
-7.500000E+4	2.500000E+4	5.868629E+0	7.454873E-3
-5.000000E+4	2.500000E+4	6.367296E+0	9.232639E-3
-2.500000E+4	2.500000E+4	6.521612E+0	7.027292E-3
0.000000E+0	2.500000E+4	6.356423E+0	1.041936E-2
2.500000E+4	2.500000E+4	5.705753E+0	9.344112E-3
5.000000E+4	2.500000E+4	5.049268E+0	6.966069E-3
7.500000E+4	2.500000E+4	4.370603E+0	7.871100E-3
1.000000E+5	2.500000E+4	3.689790E+0	1.269160E-2
1.250000E+5	2.500000E+4	3.110126E+0	6.245379E-3
1.500000E+5	2.500000E+4	2.601420E+0	5.495105E-3
1.750000E+5	2.500000E+4	2.206612E+0	1.797171E-2
2.000000E+5	2.500000E+4	1.986770E+0	1.106940E-2
2.250000E+5	2.500000E+4	1.767914E+0	1.788148E-2
2.500000E+5	2.500000E+4	1.586013E+0	1.735679E-2
-2.500000E+5	5.000000E+4	1.553091E+0	4.552394E-3
-2.250000E+5	5.000000E+4	1.921164E+0	5.719668E-3
-2.000000E+5	5.000000E+4	2.441489E+0	6.184510E-3
-1.750000E+5	5.000000E+4	3.002267E+0	2.021992E-2
-1.500000E+5	5.000000E+4	3.672914E+0	8.357912E-3
-1.250000E+5	5.000000E+4	4.403591E+0	5.377537E-3
-1.000000E+5	5.000000E+4	5.184233E+0	1.118950E-2
-7.500000E+4	5.000000E+4	5.921047E+0	1.825626E-2
-5.000000E+4	5.000000E+4	6.551379E+0	1.471060E-2
-2.500000E+4	5.000000E+4	6.809543E+0	7.560853E-3
0.000000E+0	5.000000E+4	6.641455E+0	1.095699E-2
2.500000E+4	5.000000E+4	6.178477E+0	2.035408E-2
5.000000E+4	5.000000E+4	5.615500E+0	6.633938E-3
7.500000E+4	5.000000E+4	4.781243E+0	5.495738E-2
1.000000E+5	5.000000E+4	4.260153E+0	1.908600E-2
1.250000E+5	5.000000E+4	3.611384E+0	1.035426E-2
1.500000E+5	5.000000E+4	2.948952E+0	7.820053E-3
1.750000E+5	5.000000E+4	2.412058E+0	1.528081E-2
2.000000E+5	5.000000E+4	2.080688E+0	1.142648E-2
2.250000E+5	5.000000E+4	1.885277E+0	6.984192E-3
2.500000E+5	5.000000E+4	1.655901E+0	1.288279E-2
-2.500000E+5	7.500000E+4	1.549862E+0	1.180142E-2
-2.250000E+5	7.500000E+4	1.792390E+0	2.079870E-2
-2.000000E+5	7.500000E+4	2.260069E+0	4.948770E-3
-1.750000E+5	7.500000E+4	2.769503E+0	1.461157E-2
-1.500000E+5	7.500000E+4	3.421625E+0	8.227079E-3
-1.250000E+5	7.500000E+4	4.131846E+0	5.901544E-3
-1.000000E+5	7.500000E+4	4.910472E+0	6.826067E-3
-7.500000E+4	7.500000E+4	5.669535E+0	1.017166E-2
-5.000000E+4	7.500000E+4	6.373634E+0	5.389500E-3
-2.500000E+4	7.500000E+4	6.782625E+0	9.992761E-3
0.000000E+0	7.500000E+4	6.721636E+0	8.676795E-3
2.500000E+4	7.500000E+4	6.373735E+0	6.217016E-3
5.000000E+4	7.500000E+4	5.981401E+0	9.383952E-3
7.500000E+4	7.500000E+4	5.458182E+0	1.804363E-2
1.000000E+5	7.500000E+4	4.759942E+0	9.875192E-3
1.250000E+5	7.500000E+4	3.966429E+0	6.797560E-3
1.500000E+5	7.500000E+4	3.188664E+0	1.932057E-2
1.750000E+5	7.500000E+4	2.597354E+0	2.668805E-2
2.000000E+5	7.500000E+4	2.164570E+0	1.916453E-2
2.250000E+5	7.500000E+4	1.900130E+0	1.017589E-2
2.500000E+5	7.500000E+4	1.693402E+0	1.384185E-2
-2.500000E+5	1.000000E+5	1.476234E+0	1.190110E-2
-2.250000E+5	1.000000E+5	1.708271E+0	5.583849E-3
-2.000000E+5	1.000000E+5	2.033412E+0	9.730621E-3
-1.750000E+5	1.000000E+5	2.466294E+0	1.923925E-2
-1.500000E+5	1.000000E+5	3.074242E+0	4.730127E-3
-1.250000E+5	1.000000E+5	3.676107E+0	5.690481E-3
-1.000000E+5	1.000000E+5	4.462401E+0	1.994683E-2
-7.500000E+4	1.000000E+5	5.245562E+0	2.236692E-2
-5.000000E+4	1.000000E+5	5.970113E+0	1.000467E-2
-2.500000E+4	1.000000E+5	6.445416E+0	1.117054E-2
0.000000E+0	1.000000E+5	6.575064E+0	2.382413E-2
2.500000E+4	1.000000E+5	6.451516E+0	6.737007E-3
5.000000E+4	1.000000E+5	6.098319E+0	6.492921E-3
7.500000E+4	1.000000E+5	5.654869E+0	5.542531E-3
1.000000E+5	1.000000E+5	4.960241E+0	4.757236E-3
1.250000E+5	1.000000E+5	4.112105E+0	1.309879E-2
1.500000E+5	1.000000E+5	3.328632E+0	7.361922E-3
1.750000E+5	1.000000E+5	2.643077E+0	4.486019E-3
2.000000E+5	1.000000E+5	2.161304E+0	1.906523E-2
2.250000E+5	1.000000E+5	1.978678E+0	5.687328E-3
2.500000E+5	1.000000E+5	1.704324E+0	5.587456E-3
-2.500000E+5	1.250000E+5	1.413881E+0	6.672878E-3
-2.250000E+5	1.250000E+5	1.575530E+0	7.523721E-3
-2.000000E+5	1.250000E+5	1.750964E+0	1.698958E-2
-1.750000E+5	1.250000E+5	2.242157E+0	1.337906E-2
-1.500000E+5	1.250000E+5	2.638659E+0	4.989010E-3
-1.250000E+5	1.250000E+5	3.275439E+0	6.386072E-3
-1.000000E+5	1.250000E+5	3.891412E+0	6.146939E-3
-7.500000E+4	1.250000E+5	4.607785E+0	1.373324E-2
-5.000000E+4	1.250000E+5	5.177330E+0	4.948838E-2
-2.500000E+4	1.250000E+5	5.950032E+0	9.896358E-3
0.000000E+0	1.250000E+5	6.407648E+0	1.572899E-1
2.500000E+4	1.250000E+5	6.103316E+0	2.680444E-2
5.000000E+4	1.250000E+5	5.980950E+0	7.709049E-3
7.500000E+4	1.250000E+5	5.614810E+0	4.169143E-3
1.000000E+5	1.250000E+5	4.952218E+0	1.726547E-2
1.250000E+5	1.250000E+5	4.119191E+0	1.075564E-2
1.500000E+5	1.250000E+5	3.217707E+0	9.902216E-3
1.750000E+5	1.250000E+5	2.616871E+0	9.874333E-3
2.000000E+5	1.250000E+5	2.128858E+0	9.852202E-3
2.250000E+5	1.250000E+5	1.870550E+0	7.301543E-3
2.500000E+5	1.250000E+5	1.675090E+0	1.113284E-2
-2.500000E+5	1.500000E+5	1.356628E+0	9.795295E-3
-2.250000E+5	1.500000E+5	1.447369E+0	1.289483E-2
-2.000000E+5	1.500000E+5	1.740982E+0	8.841664E-3
-1.750000E+5	1.500000E+5	2.006242E+0	1.475737E-2
-1.500000E+5	1.500000E+5	2.324560E+0	1.073461E-2
-1.250000E+5	1.500000E+5	2.751954E+0	6.961182E-3
-1.000000E+5	1.500000E+5	3.262642E+0	9.630133E-3
-7.500000E+4	1.500000E+5	3.909800E+0	8.632455E-3
-5.000000E+4	1.500000E+5	4.601240E+0	1.305626E-2
-2.500000E+4	1.500000E+5	5.086824E+0	1.490528E-2
0.000000E+0	1.500000E+5	5.544792E+0	1.210329E-2
2.500000E+4	1.500000E+5	5.677464E+0	6.387092E-3
5.000000E+4	1.500000E+5	5.643913E+0	9.054408E-3
7.500000E+4	1.500000E+5	5.219026E+0	1.053395E-2
1.000000E+5	1.500000E+5	4.642344E+0	5.859635E-3
1.250000E+5	1.500000E+5	3.836817E+0	1.120373E-2
1.500000E+5	1.500000E+5	3.067498E+0	2.266735E-2
1.750000E+5	1.500000E+5	2.445070E+0	1.098091E-2
2.000000E+5	1.500000E+5	2.039456E+0	1.900682E-2
2.250000E+5	1.500000E+5	1.796103E+0	1.629339E-2
2.500000E+5	1.500000E+5	1.558685E+0	8.670283E-3
-2.500000E+5	1.750000E+5	1.315445E+0	4.687068E-3
-2.250000E+5	1.750000E+5	1.427649E+0	1.348133E-2
-2.000000E+5	1.750000E+5	1.556005E+0	1.168211E-2
-1.750000E+5	1.750000E+5	1.722029E+0	1.200276E-2
-1.500000E+5	1.750000E+5	2.119076E+0	8.492435E-3
-1.250000E+5	1.750000E+5	2.345843E+0	1.954302E-2
-1.000000E+5	1.750000E+5	2.727018E+0	9.315407E-3
-7.500000E+4	1.750000E+5	3.208484E+0	2.278003E-2
-5.000000E+4	1.750000E+5	3.802271E+0	4.304847E-3
-2.500000E+4	1.750000E+5	4.245517E+0	9.222055E-3
0.000000E+0	1.750000E+5	4.680976E+0	1.632416E-2
2.500000E+4	1.750000E+5	4.918552E+0	9.034089E-3
5.000000E+4	1.750000E+5	4.947576E+0	1.205565E-2
7.500000E+4	1.750000E+5	4.620695E+0	2.367273E-2
1.000000E+5	1.750000E+5	4.110226E+0	4.387612E-3
1.250000E+5	1.750000E+5	3.411274E+0	1.788520E-2
1.500000E+5	1.750000E+5	2.789646E+0	1.120951E-2
1.750000E+5	1.750000E+5	2.243213E+0	9.230523E-3
2.000000E+5	1.750000E+5	1.875656E+0	1.283724E-2
2.250000E+5	1.750000E+5	1.641944E+0	7.902032E-3
2.500000E+5	1.750000E+5	1.548680E+0	1.048689E-2
-2.500000E+5	2.000000E+5	1.337220E+0	1.092499E-2
-2.250000E+5	2.000000E+5	1.406210E+0	1.110577E-2
-2.000000E+5	2.000000E+5	1.476178E+0	1.392189E-2
-1.750000E+5	2.000000E+5	1.610454E+0	9.818372E-3
-1.500000E+5	2.000000E+5	1.755217E+0	5.921308E-3
-1.250000E+5	2.000000E+5	1.953818E+0	6.472094E-3
-1.000000E+5	2.000000E+5	2.237995E+0	5.161154E-3
-7.500000E+4	2.000000E+5	2.554710E+0	4.789782E-3
-5.000000E+4	2.000000E+5	2.988553E+0	5.606802E-3
-2.500000E+4	2.000000E+5	3.471943E+0	6.537195E-3
0.000000E+0	2.000000E+5	3.826562E+0	1.176918E-2
2.500000E+4	2.000000E+5	4.083622E+0	8.554784E-3
5.000000E+4	2.000000E+5	4.146988E+0	6.994399E-3
7.500000E+4	2.000000E+5	3.895242E+0	9.876826E-3
1.000000E+5	2.000000E+5	3.486532E+0	4.641336E-3
1.250000E+5	2.000000E+5	2.908902E+0	1.502894E-2
1.500000E+5	2.000000E+5	2.401529E+0	1.366489E-2
1.750000E+5	2.000000E+5	2.037100E+0	1.525527E-2
2.000000E+5	2.000000E+5	1.802485E+0	8.991563E-3
2.250000E+5	2.000000E+5	1.633286E+0	1.158294E-2
2.500000E+5	2.000000E+5	1.426231E+0	1.864337E-2
-2.500000E+5	2.250000E+5	1.394262E+0	1.119448E-2
-2.250000E+5	2.250000E+5	1.363365E+0	1.363697E-2
-2.000000E+5	2.250000E+5	1.399468E+0	6.430271E-3
-1.750000E+5	2.250000E+5	1.423448E+0	8.090880E-3
-1.500000E+5	2.250000E+5	1.554864E+0	1.294034E-2
-1.250000E+5	2.250000E+5	1.754584E+0	5.967042E-3
-1.000000E+5	2.250000E+5	1.853522E+0	1.470076E-2
-7.500000E+4	2.250000E+5	2.105550E+0	8.118439E-3
-5.000000E+4	2.250000E+5	2.383850E+0	4.377465E-3
-2.500000E+4	2.250000E+5	2.674971E+0	7.048983E-3
0.000000E+0	2.250000E+5	3.024781E+0	6.337194E-3
2.500000E+4	2.250000E+5	3.207431E+0	1.277745E-2
5.000000E+4	2.250000E+5	3.219438E+0	6.221309E-3
7.500000E+4	2.250000E+5	3.114439E+0	5.803585E-3
1.000000E+5	2.250000E+5	2.804806E+0	1.150882E-2
1.250000E+5	2.250000E+5	2.405878E+0	2.134489E-2
1.500000E+5	2.250000E+5	2.089049E+0	4.933793E-3
1.750000E+5	2.250000E+5	1.818088E+0	5.857830E-3
2.000000E+5	2.250000E+5	1.622536E+0	1.560163E-2
2.250000E+5	2.250000E+5	1.515432E+0	6.721786E-3
2.500000E+5	2.250000E+5	1.410576E+0	4.189999E-3
-2.500000E+5	2.500000E+5	1.367226E+0	5.211178E-3
-2.250000E+5	2.500000E+5	1.423839E+0	1.621867E-2
-2.000000E+5	2.500000E+5	1.515212E+0	3.728667E-2
-1.750000E+5	2.500000E+5	3.933555E+0	6.812014E-1
-1.500000E+5	2.500000E+5	1.401330E+0	8.205522E-3
-1.250000E+5	2.500000E+5	1.829186E+0	7.016638E-2
-1.000000E+5	2.500000E+5	1.691372E+0	9.972287E-3
-7.500000E+4	2.500000E+5	1.824100E+0	5.822540E-3
-5.000000E+4	2.500000E+5	1.954915E+0	8.738388E-3
-2.500000E+4	2.500000E+5	2.199400E+0	1.852294E-2
0.000000E+0	2.500000E+5	2.380677E+0	5.748441E-3
2.500000E+4	2.500000E+5	2.526201E+0	6.753429E-3
5.000000E+4	2.500000E+5	2.589680E+0	1.046130E-2
7.500000E+4	2.500000E+5	2.464693E+0	1.199696E-2
1.000000E+5	2.500000E+5	2.319026E+0	1.209216E-2
1.250000E+5	2.500000E+5	2.084506E+0	1.139358E-2
1.500000E+5	2.500000E+5	1.831067E+0	3.099055E-1
1.750000E+5	2.500000E+5	2.103484E+0	9.963973E-2
2.000000E+5	2.500000E+5	1.523029E+0	1.287042E-2
2.250000E+5	2.500000E+5	1.459799E+0	1.684067E-2
2.500000E+5	2.500000E+5	1.445362E+0	1.489441E-2
