-3.504500E+4	3.447688E-1	1.311674E-2
-4.358700E+4	3.720358E-1	5.523583E-3
-4.092200E+4	2.770116E-1	4.335248E-3
-4.042200E+4	2.861057E-1	5.569452E-3
-3.992200E+4	2.171922E-1	4.890806E-3
-3.942200E+4	2.261413E-1	4.372167E-3
-3.892200E+4	1.285793E-2	4.073771E-3
-3.842200E+4	1.339710E-2	4.157276E-3
-3.792200E+4	1.135030E-2	4.231345E-3
-3.742200E+4	1.163343E-2	4.072160E-3
-3.692200E+4	5.851067E-3	4.146601E-3
-3.642200E+4	7.360574E-3	3.909596E-3
-3.592200E+4	6.877347E-3	3.974532E-3
-3.542200E+4	7.757130E-3	4.015328E-3
-3.492200E+4	1.018778E-2	4.065931E-3
-3.442200E+4	1.010747E-2	3.987437E-3
-3.392200E+4	1.602532E-2	4.202876E-3
-3.342200E+4	1.507452E-2	4.334945E-3
-3.292200E+4	1.471068E-2	4.065977E-3
-3.242200E+4	1.398081E-2	4.072869E-3
-3.192200E+4	1.659665E-3	4.368221E-3
-3.142200E+4	3.374372E-3	4.433702E-3
-3.092200E+4	1.317126E-2	3.990428E-3
-3.042200E+4	1.266406E-2	4.068601E-3
-2.992200E+4	1.649532E-2	4.466722E-3
-2.942200E+4	1.561884E-2	4.154640E-3
-2.892200E+4	1.503235E-2	4.116701E-3
-2.842200E+4	1.926764E-2	4.094597E-3
-2.792200E+4	1.838090E-2	4.349107E-3
-2.742200E+4	1.499677E-2	4.033032E-3
-2.692200E+4	1.465955E-2	4.175167E-3
-2.642200E+4	8.239667E-3	3.928522E-3
-2.592200E+4	9.471297E-3	3.932882E-3
-2.542200E+4	1.394778E-2	4.091641E-3
-2.492200E+4	1.505322E-2	4.165468E-3
-2.442200E+4	2.443764E-2	4.005456E-3
-2.392200E+4	2.398544E-2	4.119105E-3
-2.342200E+4	2.586808E-2	3.920852E-3
-2.292200E+4	2.531577E-2	3.938104E-3
-2.242200E+4	2.785706E-2	3.988885E-3
-2.192200E+4	2.726601E-2	3.998604E-3
-2.142200E+4	1.900199E-2	4.083333E-3
-2.092200E+4	2.034287E-2	4.244118E-3
-2.042200E+4	3.532257E-2	4.219121E-3
-1.992200E+4	3.452853E-2	4.073846E-3
-1.942200E+4	3.263880E-2	4.094376E-3
-1.892200E+4	3.270951E-2	4.090588E-3
-1.842200E+4	2.600431E-2	4.107207E-3
-1.792200E+4	2.794928E-2	4.028669E-3
-1.742200E+4	3.713446E-2	4.237258E-3
-1.692200E+4	3.755119E-2	4.292399E-3
-1.642200E+4	4.634373E-2	3.917853E-3
-1.592200E+4	4.600828E-2	4.089725E-3
-1.542200E+4	4.737910E-2	3.957514E-3
-1.492200E+4	4.697662E-2	4.050578E-3
-1.442200E+4	4.612576E-2	3.991831E-3
-1.392200E+4	4.638385E-2	3.984642E-3
-1.342200E+4	5.019910E-2	3.908412E-3
-1.292200E+4	5.037484E-2	4.042986E-3
-1.242200E+4	5.717417E-2	4.544207E-3
-1.192200E+4	5.631608E-2	4.274956E-3
-1.142200E+4	4.589417E-2	3.955911E-3
-1.092200E+4	4.739291E-2	3.980053E-3
-1.042200E+4	6.021214E-2	4.332579E-3
-9.922000E+3	5.991792E-2	4.256361E-3
-9.422000E+3	5.451765E-2	4.069234E-3
-8.922000E+3	5.527987E-2	4.267267E-3
-8.422000E+3	4.827823E-2	4.019779E-3
-7.922000E+3	5.014860E-2	4.083456E-3
-7.422000E+3	6.153359E-2	4.120451E-3
-6.922000E+3	6.161930E-2	4.206823E-3
-6.422000E+3	6.585214E-2	3.947365E-3
-5.922000E+3	6.555147E-2	3.897761E-3
-5.422000E+3	5.747388E-2	4.256414E-3
-4.922000E+3	5.860117E-2	4.488253E-3
-4.422000E+3	5.236518E-2	4.300722E-3
-3.922000E+3	5.448801E-2	4.221988E-3
-3.422000E+3	6.033475E-2	4.398020E-3
-2.922000E+3	6.140210E-2	4.225941E-3
-2.422000E+3	7.060664E-2	4.064463E-3
-1.922000E+3	6.974155E-2	3.993728E-3
-1.422000E+3	6.747330E-2	3.990522E-3
-9.220000E+2	6.731619E-2	4.006911E-3
-4.220000E+2	5.721504E-2	4.443435E-3
7.800000E+1	5.877764E-2	4.434919E-3
5.780000E+2	6.026663E-2	4.307658E-3
1.078000E+3	6.105821E-2	4.182495E-3
1.578000E+3	6.215118E-2	4.244857E-3
2.078000E+3	6.208544E-2	4.292741E-3
2.578000E+3	6.198997E-2	4.136130E-3
3.078000E+3	6.206167E-2	4.166208E-3
3.578000E+3	6.139736E-2	4.327192E-3
4.078000E+3	6.156048E-2	4.161753E-3
4.578000E+3	5.731040E-2	4.230471E-3
5.078000E+3	5.772786E-2	4.348255E-3
5.578000E+3	6.122026E-2	4.204951E-3
6.078000E+3	6.055077E-2	4.247073E-3
6.578000E+3	5.714692E-2	4.239327E-3
7.078000E+3	5.663735E-2	4.341557E-3
7.578000E+3	5.566200E-2	4.187559E-3
8.078000E+3	5.465543E-2	4.205613E-3
8.578000E+3	4.740634E-2	4.062304E-3
9.078000E+3	4.793138E-2	3.860637E-3
9.578000E+3	3.541793E-2	4.149781E-3
1.007800E+4	3.697199E-2	4.298387E-3
1.057800E+4	3.838779E-2	4.227338E-3
1.107800E+4	3.918016E-2	4.269035E-3
1.157800E+4	4.485881E-2	4.247066E-3
1.207800E+4	4.413044E-2	4.204291E-3
1.257800E+4	4.116692E-2	4.311981E-3
1.307800E+4	4.362591E-2	5.404142E-3
1.357800E+4	2.420605E-2	4.110205E-3
1.407800E+4	2.570039E-2	4.097652E-3
1.457800E+4	2.875619E-2	3.935008E-3
1.507800E+4	2.870042E-2	3.988429E-3
1.557800E+4	3.421909E-2	3.967215E-3
1.607800E+4	3.302173E-2	4.029270E-3
1.657800E+4	1.909735E-2	4.180691E-3
1.707800E+4	2.012115E-2	4.170104E-3
1.757800E+4	1.972402E-2	4.281677E-3
1.807800E+4	2.038812E-2	4.168082E-3
1.857800E+4	2.552750E-2	3.930311E-3
1.907800E+4	2.487685E-2	4.052183E-3
1.957800E+4	1.303503E-2	3.983315E-3
2.007800E+4	1.372289E-2	4.139852E-3
2.057800E+4	1.719010E-2	4.499270E-3
2.107800E+4	1.717542E-2	4.228386E-3
2.157800E+4	2.130431E-2	4.127103E-3
2.207800E+4	2.000802E-2	4.353766E-3
2.257800E+4	1.165909E-2	4.103389E-3
2.307800E+4	1.195364E-2	4.108110E-3
2.357800E+4	6.182565E-3	3.934581E-3
2.407800E+4	7.125541E-3	3.969221E-3
2.457800E+4	4.343434E-3	4.435323E-3
2.507800E+4	5.899285E-3	4.024028E-3
2.557800E+4	1.841619E-2	4.367623E-3
2.607800E+4	1.712564E-2	4.332741E-3
2.657800E+4	1.258546E-2	4.128052E-3
2.707800E+4	1.210297E-2	4.282367E-3
2.757800E+4	-8.410349E-5	4.193926E-3
2.807800E+4	2.256714E-3	4.373846E-3
2.857800E+4	2.885752E-3	4.335636E-3
2.907800E+4	4.301983E-3	4.155988E-3
2.957800E+4	1.350035E-1	1.042235E-2
3.007800E+4	1.563273E-1	5.266209E-3
3.057800E+4	-8.385168E-3	4.038156E-3
3.107800E+4	-8.423371E-3	3.976715E-3
3.157800E+4	-8.557729E-3	3.949066E-3
3.207800E+4	-8.431176E-3	3.978347E-3
3.257800E+4	-8.435120E-3	4.010261E-3
3.307800E+4	-8.423371E-3	4.028463E-3
3.357800E+4	-6.943380E-3	3.897640E-3
3.407800E+4	-6.891206E-3	3.944667E-3
