0.000000E+0	-3.826022E+1	0.000000E+0
2.616006E+0	5.338034E+1	8.833414E-3
5.232013E+0	-4.236776E+1	1.768616E-2
7.848019E+0	5.240996E+1	2.657823E-2
1.046403E+1	3.817938E+2	3.553099E-2
1.308003E+1	-1.601668E+1	4.456800E-2
1.569604E+1	2.782412E+1	5.371602E-2
1.831204E+1	-2.585617E-2	6.300622E-2
2.092805E+1	8.019280E+0	7.247590E-2
2.354406E+1	-3.807565E+0	8.217073E-2
2.616006E+1	8.299764E+0	9.214792E-2
2.877607E+1	-2.056258E+0	1.024809E-1
3.139208E+1	3.908953E+0	1.132659E-1
3.400808E+1	-2.503372E+0	1.246330E-1
3.662409E+1	3.101555E+0	1.367622E-1
3.924010E+1	3.170925E-2	1.499118E-1
4.185610E+1	3.294354E+0	1.644658E-1
4.447211E+1	-1.603641E-1	1.810238E-1
4.708811E+1	3.839907E+0	2.005759E-1
4.970412E+1	-1.889962E+0	2.248849E-1
5.232013E+1	1.043713E+0	2.574196E-1
5.493613E+1	-1.553375E+0	3.060574E-1
5.755214E+1	2.786706E+0	3.931450E-1
6.016815E+1	-4.300262E+0	6.125711E-1
6.278415E+1	7.259603E+0	1.640562E+0
6.540016E+1	-3.666050E+0	2.810368E+0
6.801617E+1	2.085011E+0	3.056860E+0
7.063217E+1	-1.934373E+0	-3.132939E+0
7.324818E+1	-2.032781E+0	-3.081832E+0
7.586418E+1	-2.779358E-1	-3.047949E+0
7.848019E+1	-1.489254E-2	-3.022692E+0
8.109620E+1	2.397283E-1	-3.002328E+0
8.371220E+1	1.558621E+0	-2.984968E+0
8.632821E+1	3.761936E-1	-2.969547E+0
8.894422E+1	-9.480265E-1	-2.955407E+0
9.156022E+1	2.913325E-1	-2.942100E+0
9.417623E+1	-9.832423E-2	-2.929297E+0
9.679224E+1	-1.040757E-1	-2.916719E+0
9.940824E+1	-1.557228E-2	-2.904093E+0
1.020242E+2	3.857246E-1	-2.891106E+0
1.046403E+2	-1.001776E+0	-2.877328E+0
1.072563E+2	7.186268E-1	-2.862074E+0
1.098723E+2	4.794574E-1	-2.844083E+0
1.124883E+2	-5.046310E-1	-2.820611E+0
1.151043E+2	-7.969234E-1	-2.784145E+0
1.177203E+2	-3.224673E-1	-2.703774E+0
1.203363E+2	-3.234190E+0	-2.170805E+0
1.229523E+2	9.913272E-1	2.202869E-2
1.255683E+2	-1.891954E-1	1.813905E-1
1.281843E+2	1.134152E+0	2.318827E-1
1.308003E+2	3.411237E-3	2.597601E-1
1.334163E+2	-1.574340E-1	2.792298E-1
1.360323E+2	-1.018507E+0	2.946605E-1
1.386483E+2	1.620976E+0	3.078451E-1
1.412643E+2	2.587479E-1	3.196593E-1
1.438804E+2	4.586379E-1	3.305861E-1
1.464964E+2	1.287412E+0	3.409184E-1
1.491124E+2	-8.886781E-1	3.508497E-1
1.517284E+2	2.211589E-1	3.605194E-1
1.543444E+2	8.364694E-1	3.700387E-1
1.569604E+2	8.527058E-1	3.795074E-1
1.595764E+2	-1.132305E-1	3.890288E-1
1.621924E+2	3.635393E-1	3.987256E-1
1.648084E+2	1.111573E+0	4.087646E-1
1.674244E+2	1.184012E+0	4.194007E-1
1.700404E+2	1.340260E+0	4.310702E-1
1.726564E+2	2.061001E-1	4.446174E-1
1.752724E+2	-1.754468E-1	4.619548E-1
1.778884E+2	2.308984E-1	4.885963E-1
1.805044E+2	6.323368E-1	5.497505E-1
1.831204E+2	2.993090E+0	1.312219E+0
1.857365E+2	-2.288005E+0	-2.832501E+0
1.883525E+2	1.737707E+0	-2.751354E+0
1.909685E+2	5.723580E-2	-2.721346E+0
1.935845E+2	8.219363E-1	-2.703257E+0
1.962005E+2	-7.503116E-1	-2.689848E+0
1.988165E+2	-7.067083E-1	-2.678796E+0
2.014325E+2	1.259642E+0	-2.669132E+0
2.040485E+2	8.946371E-1	-2.660389E+0
2.066645E+2	-9.119121E-1	-2.652326E+0
2.092805E+2	-6.671533E-1	-2.644815E+0
2.118965E+2	7.509087E-1	-2.637800E+0
2.145125E+2	-8.084637E-1	-2.631277E+0
2.171285E+2	1.322195E+0	-2.625290E+0
2.197445E+2	2.503248E-1	-2.619942E+0
2.223605E+2	-4.093810E-1	-2.615420E+0
2.249765E+2	1.067831E+0	-2.612053E+0
2.275926E+2	1.236259E-1	-2.610446E+0
2.302086E+2	-7.373832E-1	-2.611791E+0
2.328246E+2	2.817962E-1	-2.618781E+0
2.354406E+2	-4.294921E-1	-2.638974E+0
2.380566E+2	-1.468182E+0	-2.704515E+0
2.406726E+2	9.222524E-1	2.982042E+0
2.432886E+2	-8.767186E-1	8.579515E-1
2.459046E+2	1.311821E+0	7.316086E-1
2.485206E+2	-5.564924E-2	7.001062E-1
2.511366E+2	4.792878E-1	6.890999E-1
2.537526E+2	3.637428E-1	6.858293E-1
2.563686E+2	-3.008613E-1	6.863181E-1
2.589846E+2	3.593149E-1	6.889331E-1
2.616006E+2	-4.407916E-1	6.928859E-1
2.642166E+2	-2.339139E+0	6.977559E-1
2.668326E+2	7.596404E-1	7.033056E-1
2.694487E+2	4.271783E-1	7.094001E-1
2.720647E+2	-7.715964E-1	7.159690E-1
2.746807E+2	-3.829263E-1	7.229894E-1
2.772967E+2	9.478160E-1	7.304813E-1
2.799127E+2	8.950785E-1	7.385117E-1
2.825287E+2	1.401765E+0	7.472127E-1
2.851447E+2	9.547139E-1	7.568190E-1
2.877607E+2	6.716246E-2	7.677499E-1
2.903767E+2	2.735560E-1	7.807990E-1
2.929927E+2	8.978126E-1	7.976297E-1
2.956087E+2	-1.174316E+0	8.223626E-1
2.982247E+2	7.428370E-1	8.686382E-1
3.008407E+2	-1.044849E+0	1.022824E+0
3.034567E+2	3.380546E+0	-2.959719E+0
3.060727E+2	-1.317477E+0	-2.510797E+0
3.086888E+2	1.310573E-2	-2.441114E+0
3.113048E+2	-7.876634E-1	-2.410073E+0
3.139208E+2	-2.091320E-1	-2.390785E+0
3.165368E+2	6.450103E-1	-2.376644E+0
3.191528E+2	1.092772E+0	-2.365250E+0
3.217688E+2	-1.004361E+0	-2.355534E+0
3.243848E+2	-1.477163E+0	-2.346955E+0
3.270008E+2	-1.792197E-1	-2.339228E+0
3.296168E+2	1.123823E+0	-2.332200E+0
3.322328E+2	-1.558032E+0	-2.325804E+0
3.348488E+2	1.568217E+0	-2.320041E+0
3.374648E+2	3.999668E-1	-2.314971E+0
3.400808E+2	2.702738E-1	-2.310735E+0
3.426968E+2	-1.022652E+0	-2.307593E+0
3.453128E+2	1.036262E+0	-2.306008E+0
3.479288E+2	1.125968E-1	-2.306861E+0
3.505449E+2	-4.937015E-1	-2.311980E+0
3.531609E+2	-1.277292E+0	-2.325843E+0
3.557769E+2	7.698180E-1	-2.362980E+0
3.583929E+2	1.073607E-1	-2.510263E+0
3.610089E+2	1.338103E+0	1.646949E+0
3.636249E+2	7.921683E-1	1.091437E+0
3.662409E+2	7.467333E-1	1.021470E+0
3.688569E+2	4.014991E-1	9.980686E-1
3.714729E+2	4.137862E-1	9.883852E-1
3.740889E+2	9.231518E-1	9.844929E-1
3.767049E+2	-1.010397E+0	9.835148E-1
3.793209E+2	-1.037252E-1	9.841420E-1
3.819369E+2	4.440033E-2	9.856783E-1
3.845529E+2	1.043459E+0	9.877026E-1
3.871689E+2	2.067623E+0	9.899252E-1
3.897849E+2	5.774824E-1	9.921174E-1
3.924010E+2	4.232538E-1	9.940697E-1
3.950170E+2	6.389401E-1	9.955591E-1
3.976330E+2	1.372839E+0	9.963166E-1
4.002490E+2	-1.091860E+0	9.959808E-1
4.028650E+2	-3.822216E-1	9.940234E-1
4.054810E+2	-2.685941E-1	9.896081E-1
4.080970E+2	-3.040305E-1	9.812980E-1
4.107130E+2	6.816300E-1	9.663657E-1
4.133290E+2	-1.898549E-1	9.388998E-1
4.159450E+2	1.803379E+0	8.832759E-1
4.185610E+2	-1.434568E+0	7.416467E-1
4.211770E+2	6.982710E-1	1.120483E-1
4.237930E+2	-5.034922E-2	-1.400251E+0
4.264090E+2	1.333385E+0	-1.736942E+0
4.290250E+2	-1.475408E-1	-1.834403E+0
4.316411E+2	-2.456248E-1	-1.876944E+0
4.342571E+2	-1.478789E+0	-1.898941E+0
4.368731E+2	1.952336E+0	-1.911126E+0
4.394891E+2	1.274267E+0	-1.917908E+0
4.421051E+2	-3.788041E-1	-1.921433E+0
4.447211E+2	3.880834E-1	-1.922882E+0
4.473371E+2	-5.387947E-1	-1.922967E+0
4.499531E+2	-9.319649E-1	-1.922158E+0
4.525691E+2	-7.706646E-1	-1.920795E+0
4.551851E+2	1.026650E+0	-1.919150E+0
4.578011E+2	-6.911145E-1	-1.917471E+0
4.604171E+2	1.284377E+0	-1.916019E+0
4.630331E+2	9.706273E-1	-1.915108E+0
4.656491E+2	4.519666E-1	-1.915171E+0
4.682651E+2	2.303255E-1	-1.916873E+0
4.708811E+2	3.940320E-1	-1.921351E+0
4.734972E+2	-9.155762E-1	-1.930786E+0
4.761132E+2	-1.477386E-1	-1.950036E+0
4.787292E+2	1.111324E+0	-1.992623E+0
4.813452E+2	9.992670E-1	-2.114825E+0
4.839612E+2	2.212268E-1	-2.916654E+0
4.865772E+2	1.591381E+0	1.735088E+0
4.891932E+2	-6.597410E-1	1.529559E+0
4.918092E+2	1.208265E-1	1.471230E+0
4.944252E+2	-8.385134E-2	1.447610E+0
4.970412E+2	4.958242E-1	1.437554E+0
4.996572E+2	-6.190269E-1	1.434321E+0
5.022732E+2	-6.466090E-1	1.435132E+0
5.048892E+2	5.508865E-1	1.438668E+0
5.075052E+2	-1.053444E+0	1.444259E+0
5.101212E+2	1.401678E-1	1.451576E+0
5.127372E+2	-9.852975E-2	1.460500E+0
5.153533E+2	2.502101E-1	1.471069E+0
5.179693E+2	8.989375E-1	1.483478E+0
5.205853E+2	-6.398197E-1	1.498109E+0
5.232013E+2	-2.045266E-1	1.515609E+0
5.258173E+2	8.017442E-1	1.537067E+0
5.284333E+2	-1.651212E+0	1.564366E+0
5.310493E+2	-1.477641E+0	1.600984E+0
5.336653E+2	-7.284362E-1	1.654006E+0
5.362813E+2	1.520034E-1	1.740147E+0
5.388973E+2	2.180421E+0	1.908444E+0
5.415133E+2	-1.765629E+0	2.348547E+0
5.441293E+2	1.946823E+0	-2.883393E+0
5.467453E+2	-1.987600E-1	-2.247743E+0
5.493613E+2	3.152935E-1	-2.024518E+0
5.519773E+2	-6.962300E-1	-1.919233E+0
5.545933E+2	3.671231E-1	-1.857303E+0
5.572094E+2	-1.508633E+0	-1.815521E+0
5.598254E+2	3.604056E-2	-1.784638E+0
5.624414E+2	1.352421E-1	-1.760286E+0
5.650574E+2	4.780455E-1	-1.740149E+0
5.676734E+2	-7.052335E-1	-1.722891E+0
5.702894E+2	-2.091759E+0	-1.707689E+0
5.729054E+2	-1.160212E+0	-1.694014E+0
5.755214E+2	-3.328349E-1	-1.681518E+0
5.781374E+2	-2.926782E-1	-1.669968E+0
5.807534E+2	-2.271960E-1	-1.659218E+0
5.833694E+2	-1.278096E+0	-1.649193E+0
5.859854E+2	3.124927E-1	-1.639897E+0
5.886014E+2	-2.288317E-1	-1.631446E+0
5.912174E+2	7.458526E-1	-1.624177E+0
5.938334E+2	1.624651E-1	-1.618978E+0
5.964495E+2	2.648122E-1	-1.618639E+0
5.990655E+2	-1.974212E+0	-1.637287E+0
