1.207849E-2	8.271946E-3
1.208170E-2	8.291304E-3
1.208153E-2	8.289624E-3
1.210191E-2	8.286894E-3
1.211233E-2	8.287446E-3
1.211881E-2	8.288574E-3
1.213305E-2	8.290215E-3
1.214634E-2	8.289729E-3
1.215489E-2	8.290503E-3
1.217205E-2	8.289296E-3
1.219473E-2	8.289742E-3
1.222253E-2	8.289663E-3
1.225704E-2	8.289585E-3
1.228845E-2	8.287852E-3
1.235514E-2	8.289716E-3
1.238061E-2	8.285989E-3
1.242728E-2	8.285241E-3
1.252723E-2	8.287577E-3
1.256469E-2	8.286409E-3
1.272785E-2	8.284808E-3
1.275071E-2	8.283154E-3
1.283301E-2	8.281737E-3
1.290168E-2	8.281146E-3
1.296031E-2	8.280752E-3
1.304225E-2	8.280752E-3
1.306232E-2	8.279493E-3
1.309753E-2	8.279781E-3
1.316185E-2	8.279283E-3
1.331540E-2	8.275949E-3
1.337670E-2	8.274519E-3
1.346405E-2	8.274781E-3
1.351817E-2	8.274545E-3
1.354192E-2	8.272970E-3
1.360823E-2	8.272314E-3
1.369301E-2	8.271277E-3
1.373998E-2	8.270175E-3
1.380115E-2	8.269702E-3
1.384748E-2	8.269912E-3
1.387707E-2	8.271185E-3
1.393806E-2	8.268390E-3
1.398516E-2	8.268495E-3
1.406710E-2	8.266750E-3
1.416160E-2	8.267379E-3
1.425984E-2	8.263377E-3
1.441904E-2	8.262983E-3
1.457481E-2	8.261736E-3
1.461331E-2	8.257957E-3
1.470691E-2	8.256054E-3
1.476657E-2	8.256776E-3
1.483636E-2	8.255844E-3
1.496177E-2	8.254676E-3
1.506885E-2	8.253626E-3
1.535508E-2	8.251434E-3
1.542286E-2	8.249046E-3
1.556963E-2	8.244859E-3
1.579184E-2	8.243704E-3
1.584802E-2	8.241618E-3
1.601729E-2	8.238744E-3
1.615041E-2	8.235988E-3
1.634139E-2	8.233573E-3
1.652988E-2	8.233953E-3
1.667775E-2	8.228730E-3
1.682791E-2	8.227746E-3
1.702281E-2	8.224754E-3
1.733443E-2	8.219845E-3
1.755882E-2	8.216840E-3
1.788085E-2	8.212654E-3
1.818839E-2	8.209307E-3
1.836351E-2	8.206171E-3
1.845321E-2	8.203178E-3
1.852987E-2	8.202995E-3
1.867302E-2	8.201538E-3
1.889208E-2	8.198362E-3
1.913007E-2	8.193204E-3
1.941176E-2	8.188178E-3
1.967175E-2	8.187745E-3
1.984657E-2	8.185304E-3
1.999762E-2	8.182430E-3
2.022294E-2	8.179464E-3
2.043590E-2	8.175356E-3
2.071670E-2	8.170448E-3
2.100423E-2	8.166511E-3
2.132044E-2	8.161996E-3
2.168870E-2	8.157442E-3
2.211690E-2	8.155946E-3
2.231069E-2	8.149752E-3
2.263292E-2	8.143466E-3
2.294988E-2	8.139476E-3
2.318372E-2	8.133951E-3
2.352349E-2	8.130355E-3
2.391335E-2	8.127612E-3
2.429239E-2	8.120473E-3
2.460207E-2	8.107179E-3
2.503996E-2	8.108242E-3
2.538668E-2	8.101325E-3
2.577499E-2	8.096076E-3
2.627946E-2	8.088254E-3
2.690230E-2	8.079934E-3
2.745766E-2	8.073333E-3
2.845093E-2	8.068739E-3
2.868499E-2	8.055616E-3
2.905342E-2	8.052623E-3
2.905025E-2	8.049093E-3
2.951249E-2	8.042728E-3
3.011149E-2	8.033148E-3
3.056411E-2	8.028436E-3
3.091370E-2	8.024539E-3
3.138522E-2	8.015339E-3
3.174616E-2	8.009827E-3
3.256718E-2	7.996310E-3
3.322357E-2	7.986401E-3
3.409277E-2	7.973501E-3
3.521321E-2	7.959235E-3
3.600929E-2	7.953185E-3
3.616870E-2	7.947988E-3
3.616885E-2	7.944707E-3
3.698463E-2	7.932634E-3
3.770721E-2	7.920691E-3
3.845826E-2	7.905363E-3
3.998253E-2	7.888380E-3
4.104386E-2	7.869705E-3
4.172988E-2	7.870244E-3
4.161483E-2	7.871700E-3
4.122863E-2	7.878931E-3
4.085563E-2	7.887160E-3
4.057002E-2	7.889115E-3
4.035849E-2	7.891583E-3
3.989386E-2	7.902003E-3
3.901828E-2	7.905271E-3
3.876519E-2	7.912476E-3
3.836892E-2	7.914877E-3
3.815477E-2	7.926334E-3
3.756938E-2	7.935521E-3
3.681672E-2	7.939418E-3
3.661759E-2	7.948264E-3
3.630884E-2	7.952582E-3
3.600626E-2	7.955784E-3
3.574360E-2	7.959052E-3
3.547895E-2	7.964078E-3
3.521211E-2	7.969721E-3
3.493289E-2	7.973186E-3
3.472208E-2	7.974997E-3
3.440872E-2	7.983501E-3
3.382902E-2	7.987897E-3
3.333771E-2	7.994971E-3
3.290953E-2	8.002242E-3
3.254449E-2	8.006651E-3
3.214604E-2	8.011034E-3
3.175670E-2	8.020260E-3
3.133137E-2	8.024434E-3
3.113369E-2	8.028174E-3
3.060507E-2	8.031639E-3
3.039148E-2	8.039933E-3
2.990146E-2	8.042964E-3
2.969015E-2	8.049093E-3
2.940993E-2	8.054644E-3
2.914102E-2	8.060248E-3
2.892466E-2	8.059907E-3
2.878381E-2	8.063214E-3
2.865294E-2	8.067020E-3
2.844521E-2	8.069855E-3
2.813175E-2	8.074304E-3
2.780163E-2	8.080170E-3
2.732261E-2	8.081325E-3
2.727667E-2	8.084606E-3
2.708215E-2	8.086614E-3
2.661559E-2	8.090826E-3
2.651662E-2	8.097375E-3
2.617718E-2	8.104974E-3
2.559777E-2	8.114239E-3
2.515976E-2	8.119489E-3
2.473716E-2	8.125119E-3
2.427827E-2	8.131103E-3
2.382350E-2	8.138584E-3
2.330783E-2	8.140500E-3
2.321886E-2	8.147534E-3
2.292925E-2	8.148558E-3
2.268452E-2	8.154975E-3
2.221046E-2	8.160986E-3
2.158506E-2	8.172193E-3
2.115860E-2	8.177810E-3
2.072536E-2	8.183007E-3
2.052071E-2	8.185448E-3
2.015879E-2	8.193808E-3
1.971243E-2	8.198178E-3
1.933237E-2	8.204806E-3
1.897101E-2	8.210095E-3
1.852853E-2	8.216394E-3
1.806711E-2	8.221998E-3
1.777013E-2	8.229098E-3
1.737959E-2	8.232195E-3
1.704635E-2	8.237733E-3
1.667939E-2	8.243271E-3
1.635888E-2	8.247668E-3
1.598093E-2	8.252681E-3
1.557844E-2	8.260883E-3
1.487663E-2	8.263390E-3
1.470654E-2	8.270385E-3
1.459232E-2	8.271723E-3
1.435952E-2	8.276120E-3
1.403562E-2	8.281960E-3
1.370725E-2	8.288509E-3
1.326404E-2	8.294795E-3
1.295583E-2	8.298469E-3
1.262928E-2	8.302564E-3
1.209140E-2	8.308325E-3
1.207682E-2	8.294257E-3
1.207658E-2	8.290451E-3
1.207609E-2	8.291658E-3
