1.212632E-2	5.120067E-3
1.212589E-2	5.122468E-3
1.212582E-2	5.120054E-3
1.212618E-2	5.121182E-3
1.212628E-2	5.119765E-3
1.212645E-2	5.120749E-3
1.212611E-2	5.120526E-3
1.212608E-2	5.120946E-3
1.212610E-2	5.121497E-3
1.212614E-2	5.120854E-3
1.215030E-2	5.007675E-3
1.218380E-2	4.958855E-3
1.220084E-2	4.926847E-3
1.221281E-2	4.882935E-3
1.223682E-2	4.829272E-3
1.225475E-2	4.788247E-3
1.227177E-2	4.740923E-3
1.229307E-2	4.707497E-3
1.230578E-2	4.678940E-3
1.231897E-2	4.649674E-3
1.234097E-2	4.596694E-3
1.235420E-2	4.568924E-3
1.236835E-2	4.522742E-3
1.238531E-2	4.477268E-3
1.241569E-2	4.457517E-3
1.242669E-2	4.385862E-3
1.244015E-2	4.340940E-3
1.246102E-2	4.312619E-3
1.247057E-2	4.286752E-3
1.249095E-2	4.236541E-3
1.250371E-2	4.211894E-3
1.251791E-2	4.160946E-3
1.254361E-2	4.112533E-3
1.255665E-2	4.077427E-3
1.258067E-2	4.029644E-3
1.260910E-2	3.950665E-3
1.262845E-2	3.909457E-3
1.264096E-2	3.834074E-3
1.269058E-2	3.755227E-3
1.271818E-2	3.688296E-3
1.274198E-2	3.617822E-3
1.277670E-2	3.549500E-3
1.279847E-2	3.472989E-3
1.283729E-2	3.401452E-3
1.287093E-2	3.320833E-3
1.288854E-2	3.275202E-3
1.292474E-2	3.173336E-3
1.297173E-2	3.080801E-3
1.299534E-2	3.021075E-3
1.305398E-2	2.986140E-3
1.309953E-2	2.841477E-3
1.311509E-2	2.781725E-3
1.314825E-2	2.732721E-3
1.317995E-2	2.555263E-3
1.321702E-2	2.512991E-3
1.324268E-2	2.431703E-3
1.329102E-2	2.318262E-3
1.332499E-2	2.251344E-3
1.334351E-2	2.150135E-3
1.340955E-2	2.028476E-3
1.345989E-2	1.924011E-3
1.349967E-2	1.814311E-3
1.353469E-2	1.712641E-3
1.359068E-2	1.605355E-3
1.363325E-2	1.494919E-3
1.368228E-2	1.368945E-3
1.376375E-2	1.308720E-3
1.378879E-2	1.127036E-3
1.382587E-2	1.100434E-3
1.384193E-2	9.818750E-4
1.389172E-2	8.674360E-4
1.393630E-2	7.507670E-4
1.397834E-2	6.471420E-4
1.403374E-2	5.376780E-4
1.408401E-2	3.910730E-4
1.414031E-2	2.439820E-4
1.421292E-2	7.245600E-5
1.427562E-2	-3.595900E-5
1.430924E-2	-1.153570E-4
1.434812E-2	-2.178660E-4
1.439731E-2	-3.189320E-4
1.444551E-2	-4.608380E-4
1.451348E-2	-5.104330E-4
1.454404E-2	-6.975370E-4
1.459418E-2	-8.084850E-4
1.465262E-2	-9.782400E-4
1.472342E-2	-1.116382E-3
1.477488E-2	-1.275834E-3
1.485267E-2	-1.421901E-3
1.490201E-2	-1.539726E-3
1.496758E-2	-1.736542E-3
1.504934E-2	-1.954172E-3
1.514395E-2	-2.097511E-3
1.520706E-2	-2.249050E-3
1.527602E-2	-2.534687E-3
1.541115E-2	-2.789733E-3
1.551514E-2	-3.018203E-3
1.561649E-2	-3.253681E-3
1.567790E-2	-3.410024E-3
1.576029E-2	-3.628389E-3
1.584688E-2	-3.849287E-3
1.595267E-2	-4.061996E-3
1.605459E-2	-4.335193E-3
1.617401E-2	-4.611841E-3
1.631436E-2	-4.943056E-3
1.646335E-2	-5.326727E-3
1.662920E-2	-5.839024E-3
1.684605E-2	-6.318893E-3
1.700843E-2	-6.728812E-3
1.717362E-2	-6.961534E-3
1.726590E-2	-7.236357E-3
1.738887E-2	-7.497032E-3
1.753135E-2	-7.919943E-3
1.767123E-2	-8.220790E-3
1.788041E-2	-8.648323E-3
1.808765E-2	-8.863459E-3
1.814235E-2	-9.347697E-3
1.822856E-2	-9.417750E-3
1.835857E-2	-9.841304E-3
1.853088E-2	-1.021434E-2
1.863992E-2	-1.054185E-2
1.879343E-2	-1.082762E-2
1.893264E-2	-1.126420E-2
1.905042E-2	-1.164954E-2
1.932133E-2	-1.222424E-2
1.947462E-2	-1.250106E-2
1.961789E-2	-1.292703E-2
1.975206E-2	-1.323874E-2
1.994201E-2	-1.367028E-2
2.008499E-2	-1.405572E-2
2.034158E-2	-1.428029E-2
2.043243E-2	-1.505215E-2
2.063640E-2	-1.530698E-2
2.084508E-2	-1.541622E-2
2.096499E-2	-1.605423E-2
2.104032E-2	-1.633551E-2
2.125734E-2	-1.682685E-2
2.139916E-2	-1.715032E-2
2.156314E-2	-1.749928E-2
2.172707E-2	-1.802490E-2
2.195289E-2	-1.859586E-2
2.217781E-2	-1.903404E-2
2.238423E-2	-1.950597E-2
2.257108E-2	-1.981466E-2
2.270141E-2	-2.023414E-2
2.286996E-2	-2.086367E-2
2.311621E-2	-2.134657E-2
2.334125E-2	-2.184956E-2
2.355187E-2	-2.235555E-2
2.393207E-2	-2.265243E-2
2.419439E-2	-2.384679E-2
2.436997E-2	-2.428104E-2
2.455712E-2	-2.471568E-2
2.482135E-2	-2.548975E-2
2.512986E-2	-2.631214E-2
2.541729E-2	-2.691080E-2
2.578236E-2	-2.791684E-2
2.625602E-2	-2.904618E-2
2.671704E-2	-3.008234E-2
2.711254E-2	-3.084726E-2
2.736579E-2	-3.150761E-2
2.771279E-2	-3.255326E-2
2.811874E-2	-3.345270E-2
2.856166E-2	-3.445070E-2
2.889621E-2	-3.520793E-2
2.922440E-2	-3.605948E-2
2.958174E-2	-3.680764E-2
2.993538E-2	-3.750162E-2
3.019822E-2	-3.814485E-2
3.051524E-2	-3.864207E-2
3.052803E-2	-3.844888E-2
3.035112E-2	-3.824962E-2
3.035038E-2	-3.811845E-2
3.021950E-2	-3.767415E-2
3.000978E-2	-3.694384E-2
2.967866E-2	-3.650828E-2
2.956553E-2	-3.627926E-2
2.945125E-2	-3.600166E-2
2.933840E-2	-3.568631E-2
2.922901E-2	-3.544558E-2
2.903976E-2	-3.485737E-2
2.884030E-2	-3.459637E-2
2.875988E-2	-3.432012E-2
2.850785E-2	-3.403154E-2
2.840576E-2	-3.328618E-2
2.813256E-2	-3.262441E-2
2.789050E-2	-3.215785E-2
2.761067E-2	-3.202889E-2
2.755092E-2	-3.136652E-2
2.737198E-2	-3.101645E-2
2.723084E-2	-3.062490E-2
2.710490E-2	-3.047733E-2
2.697727E-2	-2.988156E-2
2.670954E-2	-2.949336E-2
2.649651E-2	-2.874089E-2
2.623520E-2	-2.833433E-2
2.598272E-2	-2.813236E-2
2.588582E-2	-2.744804E-2
2.567705E-2	-2.704123E-2
2.551167E-2	-2.670799E-2
2.540046E-2	-2.598476E-2
2.499128E-2	-2.527432E-2
2.483390E-2	-2.503964E-2
2.470318E-2	-2.438490E-2
2.439777E-2	-2.372922E-2
2.408547E-2	-2.305937E-2
2.381362E-2	-2.235220E-2
2.355117E-2	-2.176132E-2
2.326929E-2	-2.124952E-2
2.305543E-2	-2.043715E-2
2.267660E-2	-1.962901E-2
2.232820E-2	-1.885524E-2
2.204299E-2	-1.789907E-2
2.149048E-2	-1.699855E-2
2.141491E-2	-1.661116E-2
2.102497E-2	-1.535029E-2
2.045786E-2	-1.430494E-2
2.010460E-2	-1.339600E-2
1.965102E-2	-1.247443E-2
1.934009E-2	-1.160399E-2
1.903023E-2	-1.102200E-2
1.873920E-2	-1.010565E-2
1.832961E-2	-9.306397E-3
1.801491E-2	-8.566352E-3
1.769826E-2	-7.717930E-3
1.732785E-2	-7.178941E-3
1.697765E-2	-6.846964E-3
1.678554E-2	-5.729664E-3
1.653968E-2	-5.099071E-3
1.621481E-2	-4.178628E-3
1.583829E-2	-3.343684E-3
1.552652E-2	-2.570147E-3
1.519862E-2	-1.746161E-3
1.487627E-2	-1.085213E-3
1.464612E-2	-5.727050E-4
1.436047E-2	5.796700E-5
1.392430E-2	4.496960E-4
1.383603E-2	1.498765E-3
1.351069E-2	2.155069E-3
1.321619E-2	2.815243E-3
1.293933E-2	3.483331E-3
1.252990E-2	3.789874E-3
1.232137E-2	5.056732E-3
1.212711E-2	5.131261E-3
1.212707E-2	5.132679E-3
1.212693E-2	5.131904E-3
1.212672E-2	5.131957E-3
