1.222162E-2	4.408133E-3
1.222166E-2	4.416296E-3
1.222126E-2	4.409537E-3
1.224156E-2	4.399825E-3
1.225306E-2	4.394458E-3
1.225662E-2	4.388303E-3
1.226480E-2	4.386715E-3
1.226645E-2	4.381899E-3
1.227523E-2	4.379943E-3
1.227569E-2	4.359063E-3
1.228872E-2	4.373906E-3
1.228677E-2	4.370888E-3
1.229030E-2	4.368329E-3
1.229935E-2	4.359549E-3
1.231747E-2	4.342331E-3
1.234370E-2	4.322369E-3
1.236890E-2	4.312120E-3
1.238721E-2	4.300532E-3
1.239448E-2	4.295440E-3
1.240391E-2	4.285886E-3
1.241526E-2	4.279494E-3
1.242355E-2	4.273051E-3
1.243436E-2	4.265111E-3
1.245287E-2	4.251843E-3
1.247320E-2	4.243326E-3
1.248361E-2	4.230924E-3
1.250510E-2	4.212787E-3
1.251973E-2	4.196855E-3
1.254356E-2	4.187403E-3
1.256401E-2	4.172154E-3
1.258796E-2	4.144594E-3
1.261758E-2	4.127756E-3
1.265818E-2	4.117152E-3
1.268359E-2	4.077256E-3
1.272050E-2	4.062492E-3
1.273093E-2	4.054172E-3
1.274902E-2	4.038830E-3
1.278360E-2	4.010706E-3
1.281724E-2	3.990469E-3
1.283913E-2	3.972411E-3
1.286956E-2	3.953159E-3
1.289381E-2	3.932187E-3
1.291517E-2	3.916662E-3
1.294284E-2	3.900218E-3
1.296198E-2	3.875204E-3
1.300578E-2	3.843838E-3
1.305720E-2	3.808969E-3
1.309575E-2	3.782721E-3
1.313399E-2	3.757393E-3
1.318557E-2	3.748245E-3
1.319984E-2	3.714058E-3
1.322122E-2	3.705462E-3
1.324779E-2	3.678677E-3
1.328146E-2	3.652810E-3
1.332960E-2	3.615972E-3
1.338043E-2	3.581535E-3
1.341618E-2	3.550222E-3
1.346082E-2	3.520996E-3
1.349963E-2	3.486192E-3
1.356447E-2	3.447884E-3
1.360506E-2	3.419064E-3
1.365695E-2	3.374811E-3
1.372317E-2	3.332946E-3
1.377410E-2	3.299337E-3
1.382152E-2	3.261055E-3
1.387569E-2	3.229768E-3
1.391245E-2	3.190200E-3
1.394624E-2	3.163953E-3
1.401397E-2	3.110631E-3
1.407655E-2	3.090801E-3
1.413879E-2	3.031535E-3
1.418644E-2	2.999014E-3
1.424332E-2	2.952373E-3
1.431062E-2	2.892384E-3
1.441576E-2	2.835624E-3
1.449179E-2	2.765321E-3
1.456168E-2	2.725530E-3
1.465706E-2	2.640882E-3
1.477208E-2	2.554659E-3
1.487841E-2	2.489736E-3
1.497465E-2	2.414131E-3
1.509403E-2	2.324286E-3
1.520019E-2	2.245465E-3
1.531804E-2	2.159085E-3
1.543886E-2	2.116472E-3
1.550641E-2	2.013712E-3
1.566905E-2	1.905717E-3
1.581810E-2	1.890480E-3
1.593861E-2	1.786541E-3
1.597370E-2	1.717930E-3
1.604756E-2	1.645041E-3
1.615488E-2	1.579685E-3
1.627667E-2	1.527295E-3
1.634419E-2	1.429642E-3
1.645941E-2	1.342317E-3
1.661026E-2	1.250202E-3
1.671988E-2	1.131419E-3
1.683798E-2	1.087888E-3
1.693642E-2	9.700900E-4
1.710505E-2	8.778440E-4
1.723761E-2	8.029730E-4
1.730978E-2	7.172360E-4
1.745609E-2	6.194120E-4
1.759516E-2	5.237140E-4
1.773126E-2	3.994330E-4
1.795905E-2	2.346650E-4
1.813331E-2	1.434290E-4
1.825545E-2	3.826900E-5
1.839679E-2	-5.358400E-5
1.857630E-2	-2.064220E-4
1.879181E-2	-3.483680E-4
1.897827E-2	-4.597620E-4
1.908827E-2	-5.616810E-4
1.925372E-2	-6.350950E-4
1.936380E-2	-7.596650E-4
1.955249E-2	-8.918460E-4
1.972702E-2	-1.006116E-3
1.988959E-2	-1.096421E-3
1.996532E-2	-1.148942E-3
2.004106E-2	-1.223523E-3
2.016417E-2	-1.312620E-3
2.027916E-2	-1.398462E-3
2.040182E-2	-1.514843E-3
2.056791E-2	-1.583493E-3
2.071095E-2	-1.721344E-3
2.083887E-2	-1.822384E-3
2.104064E-2	-1.967256E-3
2.127438E-2	-2.190715E-3
2.151133E-2	-2.283605E-3
2.167062E-2	-2.423122E-3
2.181204E-2	-2.494450E-3
2.199771E-2	-2.668391E-3
2.218729E-2	-2.797882E-3
2.245689E-2	-3.003426E-3
2.277759E-2	-3.231463E-3
2.301407E-2	-3.372280E-3
2.319791E-2	-3.532665E-3
2.341526E-2	-3.696632E-3
2.367024E-2	-3.839339E-3
2.399696E-2	-3.953043E-3
2.420951E-2	-4.217133E-3
2.435560E-2	-4.312161E-3
2.454088E-2	-4.501247E-3
2.483694E-2	-4.735006E-3
2.520236E-2	-5.045237E-3
2.561277E-2	-5.303656E-3
2.608456E-2	-5.648284E-3
2.665641E-2	-6.173783E-3
2.714707E-2	-6.381559E-3
2.754388E-2	-6.705491E-3
2.798962E-2	-6.814129E-3
2.837634E-2	-7.034909E-3
2.854640E-2	-7.366543E-3
2.884528E-2	-7.614108E-3
2.918602E-2	-7.844810E-3
2.963869E-2	-8.154870E-3
2.999998E-2	-8.346294E-3
3.033726E-2	-8.659557E-3
3.066884E-2	-8.845362E-3
3.072630E-2	-8.839325E-3
3.071864E-2	-8.840244E-3
3.069613E-2	-8.774678E-3
3.063164E-2	-8.716789E-3
3.046447E-2	-8.608204E-3
3.032736E-2	-8.547559E-3
3.027739E-2	-8.498096E-3
3.015183E-2	-8.376308E-3
2.991425E-2	-8.158098E-3
2.961384E-2	-7.973054E-3
2.931165E-2	-7.891451E-3
2.923542E-2	-7.659976E-3
2.886421E-2	-7.381425E-3
2.859497E-2	-7.230281E-3
2.840584E-2	-7.115921E-3
2.820170E-2	-6.963083E-3
2.801816E-2	-6.834195E-3
2.768320E-2	-6.457558E-3
2.700725E-2	-6.104057E-3
2.666931E-2	-5.876531E-3
2.645192E-2	-5.660463E-3
2.607877E-2	-5.369668E-3
2.578395E-2	-5.106643E-3
2.537165E-2	-4.980039E-3
2.517339E-2	-4.946062E-3
2.483162E-2	-4.740715E-3
2.466050E-2	-4.360601E-3
2.419052E-2	-3.975419E-3
2.377477E-2	-3.771450E-3
2.346627E-2	-3.495787E-3
2.317086E-2	-3.259088E-3
2.277285E-2	-3.019778E-3
2.243733E-2	-2.731673E-3
2.207292E-2	-2.489975E-3
2.177828E-2	-2.316453E-3
2.141971E-2	-1.959880E-3
2.084090E-2	-1.581787E-3
2.046811E-2	-1.374065E-3
2.011389E-2	-1.053021E-3
1.967384E-2	-7.645200E-4
1.931214E-2	-5.518120E-4
1.899253E-2	-2.511870E-4
1.853617E-2	3.688000E-6
1.826248E-2	1.921830E-4
1.783514E-2	2.999290E-4
1.773076E-2	5.884010E-4
1.738239E-2	8.697860E-4
1.706633E-2	1.052927E-3
1.676641E-2	1.314351E-3
1.642426E-2	1.499329E-3
1.618146E-2	1.705371E-3
1.586207E-2	1.904155E-3
1.559535E-2	2.093924E-3
1.532705E-2	2.269337E-3
1.514441E-2	2.437242E-3
1.488450E-2	2.587429E-3
1.470337E-2	2.741173E-3
1.445263E-2	2.893762E-3
1.426919E-2	3.036955E-3
1.402689E-2	3.187562E-3
1.389466E-2	3.311686E-3
1.369539E-2	3.427279E-3
1.350522E-2	3.566561E-3
1.335209E-2	3.722090E-3
1.311138E-2	3.857225E-3
1.288907E-2	4.033200E-3
1.261011E-2	4.264048E-3
1.222725E-2	4.435758E-3
1.222111E-2	4.435955E-3
1.222098E-2	4.436231E-3
1.222116E-2	4.436021E-3
