1.207823E-2	-3.026996E-3
1.207808E-2	-3.019607E-3
1.208274E-2	-3.014450E-3
1.212778E-2	-3.015762E-3
1.214337E-2	-3.018872E-3
1.217776E-2	-3.014712E-3
1.218895E-2	-3.014240E-3
1.221851E-2	-3.017783E-3
1.224716E-2	-3.018702E-3
1.227452E-2	-3.022416E-3
1.229996E-2	-3.018269E-3
1.232718E-2	-3.021143E-3
1.235314E-2	-3.019463E-3
1.238494E-2	-3.018741E-3
1.243900E-2	-3.003688E-3
1.247469E-2	-3.019279E-3
1.251170E-2	-3.020421E-3
1.258257E-2	-3.020815E-3
1.264019E-2	-3.024358E-3
1.266331E-2	-3.022101E-3
1.273190E-2	-3.025080E-3
1.279447E-2	-3.020473E-3
1.286104E-2	-3.026248E-3
1.298504E-2	-3.023584E-3
1.302670E-2	-3.028584E-3
1.310090E-2	-3.026983E-3
1.318645E-2	-3.028098E-3
1.325317E-2	-3.030565E-3
1.333691E-2	-3.031550E-3
1.340289E-2	-3.031707E-3
1.344293E-2	-3.032547E-3
1.354313E-2	-3.029122E-3
1.361714E-2	-3.033190E-3
1.370521E-2	-3.036865E-3
1.379461E-2	-3.035657E-3
1.386350E-2	-3.037193E-3
1.399914E-2	-3.039568E-3
1.403976E-2	-3.039936E-3
1.418077E-2	-3.041130E-3
1.426106E-2	-3.041261E-3
1.435275E-2	-3.042022E-3
1.441684E-2	-3.043322E-3
1.452053E-2	-3.043847E-3
1.465034E-2	-3.047259E-3
1.475513E-2	-3.048597E-3
1.491653E-2	-3.053873E-3
1.503494E-2	-3.053361E-3
1.510203E-2	-3.053361E-3
1.517063E-2	-3.053939E-3
1.522749E-2	-3.056183E-3
1.533680E-2	-3.058191E-3
1.541009E-2	-3.055737E-3
1.546973E-2	-3.057469E-3
1.554376E-2	-3.061406E-3
1.557643E-2	-3.060579E-3
1.565288E-2	-3.059936E-3
1.573672E-2	-3.062889E-3
1.580479E-2	-3.061774E-3
1.590063E-2	-3.061695E-3
1.600842E-2	-3.062679E-3
1.608376E-2	-3.067312E-3
1.619137E-2	-3.069490E-3
1.629879E-2	-3.068913E-3
1.639290E-2	-3.071223E-3
1.648451E-2	-3.074635E-3
1.659283E-2	-3.074228E-3
1.674371E-2	-3.074950E-3
1.686506E-2	-3.079464E-3
1.706482E-2	-3.079491E-3
1.724252E-2	-3.083415E-3
1.739574E-2	-3.085422E-3
1.762755E-2	-3.085081E-3
1.782709E-2	-3.094452E-3
1.805769E-2	-3.097181E-3
1.807506E-2	-3.094688E-3
1.824165E-2	-3.098061E-3
1.841736E-2	-3.100029E-3
1.855564E-2	-3.102929E-3
1.870844E-2	-3.106079E-3
1.885296E-2	-3.108271E-3
1.898639E-2	-3.106748E-3
1.915365E-2	-3.109308E-3
1.927102E-2	-3.111066E-3
1.939559E-2	-3.115751E-3
1.956391E-2	-3.116040E-3
1.968093E-2	-3.117366E-3
1.986169E-2	-3.119977E-3
1.997188E-2	-3.125043E-3
2.011927E-2	-3.125752E-3
2.033065E-2	-3.128324E-3
2.054772E-2	-3.130922E-3
2.075760E-2	-3.135056E-3
2.091235E-2	-3.137340E-3
2.114394E-2	-3.139860E-3
2.135424E-2	-3.140778E-3
2.159255E-2	-3.147091E-3
2.183792E-2	-3.149427E-3
2.202422E-2	-3.153351E-3
2.220619E-2	-3.156028E-3
2.243811E-2	-3.158994E-3
2.255437E-2	-3.157563E-3
2.275884E-2	-3.163863E-3
2.308596E-2	-3.166960E-3
2.346343E-2	-3.171028E-3
2.387732E-2	-3.178378E-3
2.408953E-2	-3.182118E-3
2.431091E-2	-3.186475E-3
2.451964E-2	-3.192026E-3
2.496092E-2	-3.198050E-3
2.517779E-2	-3.198536E-3
2.541661E-2	-3.201580E-3
2.565087E-2	-3.208181E-3
2.587531E-2	-3.208969E-3
2.611607E-2	-3.212210E-3
2.639690E-2	-3.215242E-3
2.657808E-2	-3.221358E-3
2.707285E-2	-3.224507E-3
2.730905E-2	-3.229494E-3
2.756839E-2	-3.231634E-3
2.784604E-2	-3.236686E-3
2.811103E-2	-3.242224E-3
2.856475E-2	-3.248484E-3
2.902237E-2	-3.255991E-3
2.927606E-2	-3.259574E-3
2.977647E-2	-3.263708E-3
3.015335E-2	-3.273446E-3
3.059877E-2	-3.277829E-3
3.099855E-2	-3.278275E-3
3.115006E-2	-3.284850E-3
3.115046E-2	-3.283275E-3
3.113689E-2	-3.283905E-3
3.097898E-2	-3.280047E-3
3.076873E-2	-3.277619E-3
3.041424E-2	-3.269968E-3
3.010851E-2	-3.267868E-3
2.987949E-2	-3.261280E-3
2.963441E-2	-3.260860E-3
2.932337E-2	-3.253931E-3
2.911278E-2	-3.252067E-3
2.874950E-2	-3.248655E-3
2.849971E-2	-3.243497E-3
2.817291E-2	-3.238523E-3
2.784473E-2	-3.229914E-3
2.759705E-2	-3.230256E-3
2.724424E-2	-3.229337E-3
2.707314E-2	-3.223904E-3
2.678970E-2	-3.221686E-3
2.652267E-2	-3.217237E-3
2.602344E-2	-3.208510E-3
2.565271E-2	-3.205294E-3
2.531730E-2	-3.199914E-3
2.512369E-2	-3.196554E-3
2.478312E-2	-3.186934E-3
2.434651E-2	-3.182407E-3
2.393069E-2	-3.183614E-3
2.381294E-2	-3.178561E-3
2.355476E-2	-3.173377E-3
2.337935E-2	-3.170267E-3
2.313866E-2	-3.163272E-3
2.295024E-2	-3.164243E-3
2.270089E-2	-3.162485E-3
2.252826E-2	-3.159716E-3
2.222998E-2	-3.153954E-3
2.192701E-2	-3.149046E-3
2.176081E-2	-3.146881E-3
2.134171E-2	-3.145923E-3
2.111473E-2	-3.140608E-3
2.098781E-2	-3.138245E-3
2.085071E-2	-3.134597E-3
2.064941E-2	-3.133429E-3
2.037573E-2	-3.125292E-3
2.013296E-2	-3.123166E-3
1.988379E-2	-3.116276E-3
1.946477E-2	-3.117418E-3
1.932301E-2	-3.114793E-3
1.910972E-2	-3.110856E-3
1.881808E-2	-3.105882E-3
1.855343E-2	-3.103113E-3
1.832343E-2	-3.097142E-3
1.802985E-2	-3.088480E-3
1.758962E-2	-3.085829E-3
1.727313E-2	-3.080619E-3
1.700968E-2	-3.076656E-3
1.668634E-2	-3.071144E-3
1.623298E-2	-3.065356E-3
1.590704E-2	-3.067981E-3
1.568652E-2	-3.059792E-3
1.546738E-2	-3.051642E-3
1.510050E-2	-3.050067E-3
1.492512E-2	-3.046576E-3
1.469980E-2	-3.043991E-3
1.449666E-2	-3.040763E-3
1.416085E-2	-3.034017E-3
1.369360E-2	-3.030789E-3
1.351048E-2	-3.027101E-3
1.320355E-2	-3.022009E-3
1.287110E-2	-3.014135E-3
1.248356E-2	-3.012770E-3
1.242910E-2	-3.013268E-3
1.225086E-2	-3.014135E-3
1.225102E-2	-3.013373E-3
1.225112E-2	-3.017560E-3
1.225119E-2	-3.013702E-3
