1.455115E-1	1.028113E-2
1.488487E-1	1.028302E-2
1.492511E-1	1.028497E-2
1.496030E-1	1.028161E-2
1.499440E-1	1.028516E-2
1.503365E-1	1.028131E-2
1.504056E-1	1.028725E-2
1.505648E-1	1.028973E-2
1.505165E-1	1.028893E-2
1.504665E-1	1.029131E-2
1.503684E-1	1.028965E-2
1.501650E-1	1.028767E-2
1.499456E-1	1.028425E-2
1.496781E-1	1.028425E-2
1.494109E-1	1.029521E-2
1.490860E-1	1.028688E-2
1.485113E-1	1.028958E-2
1.483390E-1	1.029284E-2
1.477117E-1	1.029288E-2
1.475495E-1	1.028875E-2
1.474087E-1	1.028609E-2
1.472671E-1	1.028693E-2
1.472509E-1	1.027797E-2
1.473043E-1	1.028463E-2
1.473357E-1	1.028947E-2
1.474469E-1	1.028052E-2
1.475494E-1	1.028381E-2
1.476669E-1	1.028594E-2
1.477652E-1	1.028157E-2
1.478994E-1	1.028227E-2
1.480301E-1	1.028248E-2
1.481624E-1	1.029144E-2
1.482520E-1	1.029137E-2
1.483393E-1	1.028494E-2
1.483547E-1	1.028622E-2
1.484017E-1	1.029111E-2
1.484265E-1	1.028310E-2
1.483900E-1	1.028780E-2
1.483448E-1	1.028308E-2
1.483126E-1	1.028751E-2
1.482700E-1	1.028467E-2
1.482511E-1	1.028588E-2
1.482113E-1	1.028697E-2
1.481682E-1	1.027758E-2
1.481008E-1	1.028536E-2
1.480881E-1	1.028099E-2
1.480661E-1	1.028026E-2
1.479953E-1	1.027600E-2
1.479752E-1	1.028204E-2
1.479310E-1	1.028201E-2
1.478946E-1	1.028449E-2
1.478414E-1	1.028557E-2
1.478214E-1	1.028116E-2
1.477668E-1	1.028611E-2
1.477141E-1	1.028368E-2
1.477227E-1	1.028396E-2
1.476663E-1	1.028694E-2
1.476503E-1	1.028338E-2
1.475972E-1	1.028015E-2
1.475763E-1	1.027993E-2
1.475436E-1	1.028453E-2
1.475071E-1	1.028475E-2
1.474703E-1	1.028306E-2
1.474700E-1	1.028239E-2
1.473847E-1	1.028320E-2
1.473296E-1	1.028419E-2
1.472895E-1	1.028822E-2
1.472657E-1	1.028543E-2
1.472648E-1	1.028008E-2
1.472141E-1	1.028155E-2
1.471747E-1	1.028418E-2
1.471293E-1	1.028462E-2
1.470929E-1	1.027886E-2
1.470391E-1	1.027819E-2
1.470383E-1	1.028036E-2
1.470077E-1	1.028088E-2
1.469660E-1	1.028264E-2
1.468916E-1	1.028131E-2
1.468785E-1	1.028192E-2
1.468244E-1	1.028432E-2
1.467435E-1	1.028676E-2
1.466572E-1	1.027879E-2
1.465898E-1	1.028353E-2
1.464869E-1	1.027406E-2
1.464648E-1	1.028137E-2
1.463247E-1	1.028063E-2
1.462558E-1	1.028126E-2
1.461036E-1	1.028395E-2
1.460445E-1	1.028321E-2
1.459064E-1	1.028175E-2
1.458594E-1	1.028276E-2
1.457660E-1	1.028008E-2
1.456112E-1	1.027970E-2
1.455690E-1	1.027956E-2
1.454328E-1	1.028106E-2
1.452981E-1	1.027782E-2
1.452031E-1	1.028461E-2
1.451317E-1	1.028255E-2
1.450496E-1	1.028479E-2
1.449266E-1	1.028301E-2
1.448239E-1	1.028252E-2
1.447140E-1	1.028141E-2
1.446052E-1	1.027644E-2
1.445099E-1	1.028104E-2
1.444364E-1	1.028048E-2
1.443393E-1	1.027753E-2
1.442128E-1	1.027726E-2
1.441174E-1	1.027536E-2
1.440093E-1	1.027486E-2
1.439250E-1	1.027933E-2
1.438299E-1	1.028075E-2
1.437218E-1	1.027248E-2
1.436409E-1	1.027938E-2
1.435309E-1	1.027544E-2
1.434801E-1	1.027607E-2
1.433507E-1	1.028037E-2
1.432318E-1	1.027340E-2
1.431594E-1	1.027899E-2
1.430698E-1	1.027219E-2
1.429698E-1	1.028488E-2
1.428842E-1	1.027043E-2
1.427914E-1	1.027859E-2
1.426812E-1	1.028126E-2
1.425887E-1	1.028294E-2
1.424713E-1	1.027504E-2
1.424103E-1	1.027205E-2
1.422835E-1	1.027916E-2
1.421931E-1	1.028119E-2
1.420934E-1	1.027990E-2
1.420301E-1	1.027561E-2
1.419351E-1	1.027664E-2
1.418653E-1	1.027003E-2
1.417890E-1	1.027704E-2
1.416561E-1	1.027647E-2
1.416165E-1	1.027659E-2
1.415171E-1	1.027348E-2
1.414396E-1	1.027766E-2
1.413116E-1	1.027740E-2
1.412364E-1	1.027755E-2
1.411698E-1	1.027637E-2
1.410770E-1	1.027353E-2
1.409966E-1	1.027576E-2
1.409060E-1	1.028110E-2
1.407874E-1	1.027361E-2
1.406693E-1	1.027427E-2
1.406393E-1	1.027030E-2
1.405667E-1	1.028275E-2
1.404476E-1	1.027712E-2
1.404063E-1	1.027692E-2
1.402873E-1	1.027259E-2
1.402168E-1	1.027634E-2
1.401355E-1	1.027183E-2
1.400323E-1	1.027529E-2
1.399701E-1	1.026722E-2
1.398735E-1	1.027010E-2
1.397502E-1	1.027554E-2
1.397064E-1	1.027334E-2
1.396351E-1	1.027584E-2
1.395635E-1	1.027474E-2
1.394769E-1	1.027436E-2
1.394018E-1	1.027638E-2
1.392937E-1	1.027517E-2
1.392496E-1	1.027709E-2
1.391743E-1	1.026528E-2
1.390788E-1	1.027482E-2
1.389468E-1	1.027260E-2
1.388853E-1	1.027853E-2
1.388105E-1	1.027406E-2
1.387126E-1	1.027676E-2
1.386639E-1	1.026739E-2
1.385670E-1	1.027451E-2
1.384679E-1	1.027649E-2
1.383817E-1	1.026772E-2
1.382882E-1	1.027128E-2
1.382277E-1	1.027557E-2
1.381016E-1	1.027541E-2
1.380124E-1	1.027593E-2
1.379462E-1	1.027017E-2
1.378655E-1	1.027508E-2
1.377644E-1	1.027434E-2
1.376429E-1	1.027177E-2
1.375644E-1	1.027094E-2
1.374761E-1	1.027388E-2
1.373784E-1	1.027103E-2
1.372896E-1	1.027198E-2
1.372109E-1	1.026826E-2
1.371229E-1	1.027140E-2
1.370248E-1	1.027095E-2
1.369304E-1	1.027898E-2
1.368294E-1	1.027319E-2
1.367298E-1	1.026970E-2
1.366466E-1	1.027234E-2
1.365829E-1	1.027303E-2
1.364893E-1	1.027365E-2
1.364299E-1	1.027109E-2
1.362673E-1	1.026923E-2
1.362342E-1	1.027512E-2
1.361728E-1	1.027325E-2
1.360707E-1	1.026977E-2
1.359746E-1	1.027175E-2
1.358846E-1	1.027153E-2
1.358078E-1	1.027051E-2
1.356765E-1	1.026541E-2
1.356558E-1	1.026986E-2
1.355640E-1	1.026906E-2
1.354654E-1	1.026749E-2
1.354001E-1	1.027517E-2
1.352857E-1	1.026891E-2
1.352094E-1	1.027157E-2
1.351011E-1	1.026595E-2
1.350228E-1	1.026869E-2
1.349643E-1	1.026859E-2
1.347987E-1	1.027035E-2
1.347879E-1	1.027259E-2
1.346851E-1	1.027083E-2
1.346206E-1	1.026296E-2
1.345336E-1	1.027440E-2
1.344633E-1	1.026258E-2
1.343844E-1	1.026334E-2
1.342590E-1	1.026572E-2
1.341981E-1	1.027429E-2
1.341067E-1	1.027201E-2
1.340172E-1	1.026868E-2
1.339274E-1	1.027229E-2
1.338534E-1	1.026724E-2
1.337804E-1	1.026862E-2
1.336627E-1	1.026633E-2
1.336125E-1	1.027384E-2
1.334983E-1	1.026812E-2
1.334738E-1	1.026566E-2
1.333827E-1	1.026722E-2
1.332749E-1	1.027175E-2
1.332032E-1	1.026630E-2
1.331084E-1	1.026963E-2
1.330369E-1	1.026754E-2
1.329721E-1	1.026652E-2
1.328646E-1	1.027092E-2
1.327708E-1	1.027603E-2
1.326410E-1	1.027424E-2
1.325112E-1	1.026621E-2
1.324274E-1	1.026302E-2
1.322525E-1	1.026904E-2
1.321369E-1	1.026310E-2
1.320169E-1	1.026625E-2
1.318829E-1	1.026510E-2
1.316836E-1	1.026296E-2
1.316143E-1	1.026559E-2
1.315180E-1	1.026688E-2
1.314132E-1	1.026799E-2
1.312680E-1	1.026451E-2
1.311450E-1	1.025875E-2
1.309959E-1	1.026711E-2
1.308688E-1	1.026176E-2
1.307297E-1	1.026775E-2
1.306369E-1	1.026888E-2
1.304885E-1	1.026300E-2
1.303781E-1	1.026886E-2
1.302492E-1	1.026873E-2
1.301132E-1	1.026004E-2
1.299762E-1	1.026609E-2
1.298820E-1	1.026642E-2
1.297343E-1	1.026496E-2
1.296529E-1	1.026334E-2
1.295336E-1	1.026226E-2
1.294108E-1	1.026620E-2
1.292668E-1	1.026711E-2
1.291486E-1	1.026665E-2
1.290297E-1	1.026587E-2
1.289166E-1	1.026651E-2
1.288009E-1	1.026584E-2
1.286628E-1	1.026656E-2
1.285867E-1	1.026913E-2
1.284292E-1	1.026338E-2
1.282888E-1	1.026421E-2
1.281799E-1	1.026741E-2
1.280561E-1	1.026416E-2
1.279377E-1	1.026050E-2
1.278366E-1	1.026254E-2
1.276964E-1	1.026391E-2
1.276198E-1	1.026301E-2
1.274937E-1	1.026089E-2
1.274057E-1	1.026762E-2
1.272539E-1	1.026395E-2
1.271445E-1	1.026436E-2
1.270360E-1	1.026541E-2
1.269200E-1	1.026981E-2
1.268061E-1	1.026278E-2
1.266571E-1	1.026101E-2
1.265881E-1	1.026776E-2
1.264756E-1	1.027193E-2
1.263834E-1	1.026607E-2
1.262562E-1	1.026847E-2
1.261409E-1	1.026252E-2
1.260249E-1	1.026031E-2
1.259215E-1	1.026198E-2
1.258047E-1	1.026132E-2
1.256643E-1	1.026127E-2
1.256148E-1	1.026185E-2
1.254744E-1	1.026170E-2
1.253961E-1	1.026590E-2
1.252711E-1	1.026227E-2
1.251739E-1	1.025558E-2
1.250487E-1	1.026092E-2
1.249163E-1	1.026557E-2
1.247913E-1	1.026771E-2
1.246863E-1	1.025916E-2
1.246146E-1	1.026329E-2
1.245086E-1	1.026101E-2
1.244460E-1	1.026798E-2
1.243583E-1	1.026167E-2
1.242103E-1	1.026088E-2
1.241020E-1	1.025632E-2
1.240178E-1	1.025781E-2
1.238905E-1	1.025343E-2
1.237972E-1	1.025930E-2
1.236756E-1	1.026106E-2
1.236247E-1	1.025974E-2
1.234666E-1	1.026644E-2
1.233788E-1	1.026329E-2
1.232581E-1	1.026691E-2
1.231676E-1	1.026393E-2
1.230511E-1	1.026377E-2
1.229566E-1	1.025870E-2
1.228516E-1	1.025588E-2
1.227328E-1	1.025667E-2
1.226689E-1	1.026022E-2
1.225452E-1	1.025982E-2
1.224429E-1	1.025919E-2
1.223131E-1	1.025827E-2
1.222375E-1	1.025561E-2
1.221389E-1	1.026234E-2
1.220554E-1	1.025644E-2
1.219278E-1	1.025954E-2
1.218159E-1	1.026045E-2
1.217571E-1	1.025978E-2
1.216406E-1	1.025700E-2
1.215617E-1	1.025455E-2
1.214922E-1	1.025278E-2
1.213926E-1	1.025982E-2
1.212599E-1	1.025682E-2
1.211934E-1	1.025654E-2
1.210829E-1	1.025810E-2
1.210012E-1	1.025468E-2
1.208975E-1	1.026168E-2
1.208118E-1	1.025769E-2
1.206930E-1	1.025721E-2
1.205285E-1	1.026112E-2
1.204834E-1	1.026071E-2
1.204033E-1	1.025772E-2
1.202860E-1	1.025853E-2
1.202216E-1	1.025108E-2
1.201309E-1	1.026190E-2
1.200287E-1	1.025746E-2
1.199289E-1	1.025608E-2
1.197922E-1	1.025939E-2
1.197464E-1	1.025209E-2
1.196067E-1	1.025561E-2
1.195080E-1	1.026438E-2
1.194280E-1	1.025976E-2
1.193586E-1	1.026261E-2
1.192330E-1	1.025792E-2
1.191471E-1	1.026063E-2
1.189807E-1	1.025463E-2
1.189608E-1	1.025481E-2
1.188375E-1	1.024856E-2
1.187171E-1	1.025666E-2
1.186273E-1	1.025945E-2
1.184843E-1	1.025978E-2
1.184031E-1	1.025737E-2
1.182815E-1	1.025626E-2
1.181900E-1	1.026223E-2
1.180960E-1	1.025410E-2
1.179883E-1	1.025108E-2
1.178651E-1	1.025512E-2
1.178110E-1	1.025564E-2
1.177021E-1	1.025844E-2
1.175826E-1	1.025479E-2
1.175157E-1	1.025539E-2
1.174238E-1	1.025507E-2
1.173248E-1	1.025769E-2
1.171868E-1	1.025837E-2
1.171499E-1	1.025517E-2
1.170337E-1	1.025835E-2
1.169495E-1	1.025356E-2
1.167916E-1	1.025494E-2
1.167370E-1	1.026077E-2
1.166543E-1	1.025679E-2
1.165579E-1	1.025569E-2
1.164643E-1	1.025513E-2
1.163701E-1	1.025801E-2
1.162519E-1	1.025517E-2
1.161897E-1	1.025121E-2
1.160787E-1	1.025196E-2
1.159875E-1	1.025659E-2
1.158936E-1	1.025507E-2
1.157955E-1	1.025463E-2
1.156862E-1	1.025468E-2
1.156402E-1	1.025569E-2
1.154847E-1	1.025374E-2
1.154398E-1	1.025358E-2
1.153728E-1	1.024694E-2
1.152395E-1	1.025068E-2
1.151464E-1	1.025537E-2
1.150647E-1	1.025058E-2
1.149736E-1	1.025544E-2
1.148139E-1	1.025606E-2
1.147503E-1	1.025158E-2
1.146309E-1	1.025521E-2
1.145929E-1	1.025923E-2
1.145064E-1	1.025577E-2
1.144245E-1	1.025407E-2
1.142905E-1	1.025881E-2
1.141156E-1	1.025134E-2
1.140689E-1	1.024735E-2
1.139568E-1	1.024926E-2
1.138503E-1	1.025049E-2
1.137653E-1	1.025012E-2
1.136724E-1	1.025641E-2
1.135521E-1	1.025410E-2
1.134784E-1	1.024994E-2
1.133992E-1	1.024824E-2
1.133018E-1	1.024731E-2
1.132075E-1	1.025067E-2
1.131134E-1	1.025448E-2
1.130157E-1	1.025003E-2
1.129099E-1	1.025333E-2
1.128276E-1	1.025494E-2
1.127162E-1	1.025094E-2
1.126079E-1	1.025268E-2
1.125585E-1	1.024767E-2
1.124367E-1	1.025167E-2
1.123401E-1	1.024829E-2
1.122233E-1	1.024688E-2
1.121542E-1	1.025020E-2
1.120679E-1	1.025149E-2
1.119717E-1	1.025156E-2
1.118725E-1	1.025045E-2
1.117865E-1	1.025076E-2
1.116774E-1	1.024756E-2
1.115910E-1	1.024437E-2
1.115320E-1	1.025427E-2
1.114598E-1	1.024570E-2
1.113670E-1	1.024864E-2
1.112568E-1	1.025432E-2
1.111629E-1	1.025334E-2
1.111029E-1	1.025653E-2
1.110153E-1	1.024826E-2
1.109115E-1	1.025024E-2
1.108223E-1	1.024922E-2
1.107100E-1	1.025364E-2
1.106369E-1	1.024515E-2
1.105716E-1	1.024997E-2
1.105072E-1	1.025496E-2
1.104372E-1	1.024799E-2
1.103157E-1	1.024874E-2
1.102438E-1	1.025094E-2
1.101427E-1	1.024487E-2
1.100560E-1	1.025241E-2
1.099748E-1	1.024816E-2
1.098884E-1	1.024931E-2
1.098002E-1	1.024716E-2
1.097107E-1	1.025071E-2
1.096521E-1	1.024194E-2
1.095557E-1	1.024606E-2
1.094729E-1	1.024536E-2
1.093304E-1	1.024881E-2
1.092892E-1	1.024941E-2
1.092501E-1	1.024703E-2
1.090960E-1	1.024462E-2
1.090282E-1	1.025028E-2
1.089640E-1	1.024398E-2
1.088340E-1	1.025181E-2
1.087734E-1	1.024972E-2
1.087144E-1	1.024774E-2
1.086497E-1	1.025077E-2
1.085226E-1	1.025294E-2
1.084456E-1	1.025067E-2
1.083862E-1	1.024572E-2
1.082685E-1	1.024976E-2
1.081977E-1	1.024909E-2
1.081270E-1	1.024873E-2
1.080382E-1	1.025096E-2
1.079684E-1	1.024799E-2
1.078966E-1	1.025571E-2
1.077950E-1	1.024914E-2
1.077031E-1	1.024996E-2
1.076571E-1	1.024518E-2
1.075570E-1	1.024870E-2
1.075245E-1	1.025006E-2
1.074481E-1	1.024613E-2
1.073079E-1	1.024903E-2
1.071979E-1	1.024903E-2
1.071593E-1	1.024337E-2
1.070887E-1	1.024417E-2
1.070040E-1	1.024661E-2
1.069259E-1	1.025548E-2
1.068592E-1	1.024745E-2
1.067791E-1	1.024798E-2
1.066667E-1	1.025347E-2
1.066307E-1	1.024487E-2
1.065461E-1	1.024854E-2
1.064816E-1	1.024558E-2
1.063827E-1	1.024780E-2
1.062696E-1	1.024873E-2
1.061692E-1	1.024315E-2
1.061051E-1	1.024710E-2
1.059938E-1	1.025327E-2
1.059011E-1	1.024772E-2
1.058118E-1	1.024036E-2
1.056888E-1	1.025404E-2
1.055825E-1	1.025238E-2
1.055260E-1	1.024633E-2
1.054415E-1	1.024983E-2
1.053375E-1	1.024848E-2
1.052121E-1	1.024917E-2
1.051573E-1	1.024501E-2
1.050449E-1	1.024500E-2
1.049544E-1	1.024917E-2
1.048966E-1	1.024770E-2
1.048089E-1	1.025054E-2
1.046693E-1	1.025036E-2
1.046208E-1	1.024340E-2
1.045180E-1	1.024014E-2
1.044567E-1	1.024247E-2
1.043181E-1	1.024311E-2
1.042562E-1	1.024455E-2
1.041556E-1	1.024619E-2
1.040792E-1	1.024670E-2
1.040144E-1	1.024943E-2
1.039141E-1	1.024346E-2
1.038121E-1	1.025223E-2
1.037058E-1	1.024767E-2
1.036268E-1	1.024189E-2
1.035745E-1	1.024656E-2
1.034960E-1	1.024474E-2
1.033227E-1	1.024962E-2
1.032929E-1	1.024593E-2
1.032329E-1	1.024429E-2
1.031331E-1	1.023844E-2
1.030581E-1	1.024355E-2
1.029582E-1	1.023812E-2
1.028791E-1	1.024470E-2
1.028189E-1	1.024615E-2
1.027042E-1	1.024310E-2
1.026614E-1	1.024460E-2
1.025820E-1	1.024034E-2
1.024505E-1	1.023918E-2
1.023764E-1	1.024027E-2
1.022734E-1	1.024439E-2
1.022039E-1	1.024317E-2
1.021399E-1	1.023986E-2
1.020755E-1	1.023568E-2
1.019580E-1	1.023836E-2
1.019055E-1	1.023724E-2
1.017821E-1	1.024276E-2
1.016825E-1	1.023928E-2
1.016113E-1	1.023436E-2
1.015780E-1	1.019427E-2
1.014992E-1	1.015535E-2
1.014354E-1	1.011063E-2
1.013321E-1	9.823392E-3
1.012541E-1	9.609949E-3
1.011871E-1	9.380071E-3
1.010938E-1	9.088598E-3
1.010310E-1	8.810152E-3
1.009473E-1	8.529628E-3
1.008795E-1	8.329530E-3
1.008041E-1	8.194748E-3
1.007050E-1	8.115261E-3
1.006773E-1	7.944576E-3
1.006892E-1	7.847659E-3
1.006481E-1	7.762594E-3
1.006069E-1	7.670726E-3
1.005792E-1	7.610229E-3
1.005604E-1	7.551746E-3
1.005490E-1	7.466152E-3
1.005329E-1	7.395675E-3
1.005266E-1	7.299958E-3
1.004909E-1	7.244251E-3
1.004863E-1	7.174136E-3
1.004657E-1	7.158799E-3
1.004363E-1	7.145204E-3
1.004245E-1	7.148316E-3
1.004383E-1	7.158334E-3
1.004601E-1	7.148793E-3
1.004601E-1	7.160735E-3
1.004596E-1	7.236440E-3
1.004581E-1	7.233962E-3
1.004675E-1	7.157353E-3
1.004663E-1	7.138659E-3
1.004604E-1	7.146973E-3
1.004701E-1	7.112141E-3
1.004693E-1	7.132591E-3
1.004277E-1	7.161135E-3
1.004265E-1	7.182386E-3
1.004565E-1	7.129351E-3
1.004226E-1	7.073321E-3
1.004147E-1	7.082435E-3
1.003922E-1	7.098831E-3
1.004243E-1	7.138943E-3
1.004672E-1	7.183341E-3
1.004607E-1	7.214261E-3
1.004811E-1	7.249144E-3
1.004759E-1	7.302540E-3
1.004925E-1	7.365039E-3
1.005024E-1	7.416667E-3
1.005147E-1	7.493353E-3
1.005240E-1	7.544787E-3
1.005363E-1	7.592013E-3
1.005497E-1	7.652793E-3
1.005722E-1	7.698960E-3
1.005628E-1	7.739782E-3
1.005654E-1	7.767126E-3
1.005955E-1	7.755481E-3
1.005964E-1	7.722366E-3
1.006022E-1	7.726562E-3
1.006082E-1	7.749800E-3
1.006140E-1	7.771606E-3
1.006255E-1	7.787653E-3
1.006466E-1	7.770340E-3
1.006290E-1	7.789706E-3
1.006027E-1	7.758024E-3
1.006043E-1	7.776253E-3
1.005996E-1	7.797258E-3
1.005936E-1	7.813718E-3
1.006142E-1	7.826861E-3
1.006277E-1	7.848382E-3
1.006290E-1	7.867786E-3
1.006276E-1	7.887319E-3
1.006320E-1	7.866301E-3
1.006555E-1	7.858568E-3
1.006459E-1	7.889385E-3
1.006459E-1	7.868729E-3
1.006466E-1	7.869335E-3
1.006209E-1	7.898241E-3
1.006108E-1	7.935293E-3
1.006464E-1	7.917994E-3
1.006540E-1	7.938366E-3
1.006696E-1	7.955988E-3
1.006762E-1	7.974114E-3
1.006470E-1	7.979356E-3
1.006756E-1	7.995222E-3
1.006780E-1	8.004866E-3
1.007010E-1	8.008094E-3
1.006733E-1	8.021197E-3
1.006555E-1	8.026684E-3
1.006860E-1	8.034108E-3
1.006967E-1	8.029073E-3
1.007101E-1	8.053382E-3
1.007131E-1	8.044126E-3
1.007004E-1	8.027097E-3
1.007017E-1	8.045184E-3
1.006806E-1	8.056326E-3
1.006746E-1	8.000335E-3
1.006724E-1	8.012483E-3
1.007169E-1	8.010340E-3
1.007053E-1	8.044797E-3
1.007042E-1	8.023934E-3
1.007120E-1	8.043584E-3
1.007199E-1	8.051304E-3
1.007231E-1	8.045339E-3
1.007109E-1	8.045378E-3
1.007014E-1	8.053073E-3
1.007145E-1	8.077757E-3
1.007140E-1	8.074787E-3
1.006975E-1	8.111697E-3
1.006963E-1	8.103009E-3
1.007184E-1	8.104029E-3
1.007250E-1	8.125550E-3
1.007260E-1	8.139932E-3
1.007224E-1	8.180806E-3
1.007068E-1	8.241922E-3
1.007474E-1	8.251915E-3
1.007294E-1	8.329556E-3
1.007347E-1	8.334126E-3
1.007599E-1	8.350626E-3
1.007550E-1	8.398603E-3
1.007502E-1	8.428825E-3
1.007563E-1	8.433809E-3
1.007593E-1	8.456001E-3
1.007699E-1	8.457899E-3
1.007704E-1	8.473933E-3
1.007798E-1	8.480414E-3
1.007830E-1	8.512018E-3
1.007874E-1	8.529176E-3
1.007995E-1	8.559734E-3
1.007835E-1	8.553808E-3
1.007838E-1	8.582482E-3
1.008110E-1	8.595444E-3
1.008001E-1	8.611917E-3
1.008365E-1	8.622064E-3
1.007945E-1	8.631695E-3
1.007944E-1	8.654185E-3
1.008547E-1	8.659233E-3
1.008503E-1	8.623188E-3
1.008442E-1	8.605617E-3
1.008514E-1	8.677810E-3
1.008494E-1	8.638499E-3
1.008681E-1	8.652674E-3
1.008738E-1	8.651926E-3
1.008607E-1	8.649447E-3
1.008720E-1	8.662034E-3
1.008457E-1	8.687170E-3
1.008749E-1	8.776947E-3
1.009041E-1	8.820261E-3
1.009092E-1	8.887923E-3
1.009097E-1	8.924859E-3
1.008977E-1	8.883830E-3
1.009090E-1	8.884528E-3
1.009543E-1	9.009653E-3
1.009513E-1	9.017605E-3
1.009334E-1	9.080646E-3
1.009502E-1	9.078774E-3
1.009613E-1	9.147765E-3
1.009796E-1	9.163800E-3
1.009875E-1	9.188071E-3
1.009665E-1	9.202634E-3
1.010029E-1	9.243688E-3
1.009937E-1	9.284032E-3
1.010116E-1	9.299072E-3
1.010206E-1	9.320335E-3
1.010085E-1	9.338849E-3
1.010449E-1	9.347563E-3
1.010366E-1	9.360305E-3
1.010478E-1	9.369174E-3
1.010684E-1	9.353127E-3
1.010842E-1	9.355206E-3
1.010866E-1	9.402354E-3
1.010898E-1	9.399733E-3
1.010943E-1	9.403761E-3
1.010842E-1	9.427825E-3
1.010946E-1	9.455505E-3
1.010969E-1	9.500225E-3
1.011181E-1	9.524057E-3
1.011319E-1	9.539550E-3
1.011410E-1	9.580346E-3
1.011546E-1	9.589318E-3
1.011504E-1	9.643179E-3
1.011438E-1	9.602319E-3
1.011583E-1	9.690146E-3
1.011659E-1	9.717451E-3
1.011844E-1	9.558657E-3
1.012146E-1	9.600047E-3
1.012137E-1	9.638286E-3
1.012101E-1	9.676759E-3
1.012192E-1	9.682245E-3
1.012132E-1	9.703263E-3
1.012283E-1	9.762856E-3
1.012413E-1	9.739541E-3
1.012499E-1	9.770615E-3
1.012581E-1	9.819196E-3
1.012628E-1	9.849432E-3
1.012815E-1	9.855229E-3
1.012814E-1	9.911801E-3
1.012768E-1	9.956573E-3
1.012731E-1	9.966191E-3
1.013069E-1	9.986680E-3
1.013041E-1	1.001967E-2
1.012922E-1	1.003864E-2
1.013058E-1	1.005086E-2
1.013100E-1	1.006903E-2
1.013181E-1	1.008410E-2
1.013383E-1	1.008134E-2
1.013350E-1	1.009225E-2
1.013246E-1	1.008475E-2
1.013314E-1	1.009408E-2
1.013526E-1	1.008717E-2
1.013337E-1	1.006504E-2
1.013290E-1	1.005491E-2
1.013344E-1	1.004385E-2
1.013213E-1	1.006205E-2
1.013242E-1	9.949795E-3
1.013024E-1	9.942979E-3
1.013179E-1	1.000452E-2
1.013137E-1	9.979799E-3
1.012998E-1	9.963286E-3
1.012975E-1	9.989287E-3
1.013100E-1	1.000634E-2
1.013121E-1	1.000638E-2
1.013297E-1	1.001627E-2
1.013238E-1	9.995626E-3
1.013166E-1	9.999474E-3
1.013161E-1	9.989429E-3
1.013010E-1	9.981167E-3
1.012922E-1	9.974041E-3
1.012649E-1	9.982045E-3
1.012791E-1	9.970439E-3
1.012895E-1	9.966733E-3
1.012785E-1	9.942566E-3
1.012804E-1	9.932651E-3
1.012838E-1	9.920915E-3
1.013045E-1	9.910419E-3
1.012666E-1	9.914447E-3
1.012899E-1	9.906663E-3
1.012705E-1	9.938848E-3
1.012806E-1	9.953255E-3
1.012583E-1	9.947678E-3
1.012526E-1	9.916500E-3
1.012310E-1	9.892229E-3
1.012434E-1	9.874103E-3
1.012385E-1	9.858521E-3
1.012363E-1	9.824322E-3
1.012217E-1	9.793040E-3
1.012147E-1	9.779420E-3
1.011930E-1	9.770964E-3
1.011795E-1	9.739334E-3
1.011841E-1	9.707485E-3
1.011863E-1	9.692006E-3
1.011787E-1	9.648318E-3
1.011770E-1	9.628875E-3
1.011641E-1	9.596303E-3
1.011497E-1	9.572393E-3
1.011410E-1	9.531558E-3
1.011455E-1	9.530500E-3
1.011198E-1	9.481299E-3
1.011212E-1	9.462760E-3
1.011068E-1	9.447655E-3
1.010893E-1	9.388656E-3
1.010791E-1	9.383750E-3
1.010762E-1	9.376146E-3
1.010794E-1	9.337906E-3
1.010787E-1	9.359828E-3
1.010635E-1	9.298014E-3
1.010784E-1	9.279578E-3
1.010350E-1	9.256495E-3
1.010208E-1	9.173328E-3
1.010428E-1	9.157887E-3
1.010310E-1	9.110016E-3
1.010047E-1	9.099288E-3
1.009827E-1	9.062739E-3
1.009657E-1	9.045788E-3
1.009596E-1	8.984852E-3
1.009703E-1	8.971193E-3
1.009574E-1	8.882075E-3
1.009381E-1	8.841253E-3
1.009427E-1	8.807699E-3
1.009550E-1	8.793408E-3
1.009219E-1	8.767329E-3
1.009121E-1	8.697731E-3
1.008916E-1	8.657825E-3
1.008600E-1	8.607308E-3
1.008573E-1	8.570695E-3
1.008648E-1	8.530751E-3
1.008308E-1	8.492124E-3
1.008480E-1	8.451960E-3
1.008461E-1	8.440393E-3
1.008287E-1	8.416780E-3
1.007878E-1	8.346623E-3
1.007712E-1	8.326935E-3
1.007699E-1	8.255232E-3
1.007564E-1	8.249875E-3
1.007386E-1	8.264231E-3
1.007123E-1	8.268814E-3
1.007226E-1	8.228147E-3
1.007323E-1	8.213455E-3
1.006919E-1	8.104197E-3
1.006980E-1	8.042409E-3
1.006941E-1	7.997210E-3
1.006967E-1	8.021765E-3
1.007077E-1	8.029486E-3
1.006929E-1	8.023547E-3
1.007069E-1	7.959087E-3
1.006717E-1	7.970189E-3
1.006505E-1	7.947158E-3
1.006492E-1	7.913617E-3
1.006354E-1	7.895014E-3
1.006331E-1	7.864649E-3
1.006212E-1	7.833226E-3
1.006150E-1	7.812621E-3
1.006208E-1	7.772006E-3
1.006058E-1	7.733972E-3
1.005867E-1	7.703879E-3
1.005853E-1	7.639135E-3
1.005615E-1	7.594453E-3
1.005647E-1	7.561842E-3
1.005604E-1	7.527010E-3
1.005429E-1	7.493844E-3
1.005373E-1	7.453435E-3
1.005446E-1	7.421056E-3
1.005132E-1	7.396824E-3
1.005160E-1	7.349444E-3
1.005163E-1	7.324513E-3
1.004998E-1	7.259291E-3
1.004764E-1	7.234388E-3
1.004812E-1	7.112425E-3
1.004667E-1	7.086450E-3
1.004751E-1	7.060630E-3
1.004142E-1	7.049269E-3
1.004383E-1	6.968645E-3
1.003833E-1	6.914874E-3
1.003875E-1	6.912176E-3
1.003998E-1	6.873768E-3
1.003922E-1	6.764962E-3
1.003491E-1	6.710068E-3
1.003489E-1	6.639127E-3
1.003536E-1	6.586272E-3
1.003235E-1	6.528848E-3
1.003110E-1	6.464685E-3
1.003491E-1	6.427955E-3
1.003125E-1	6.380523E-3
1.003091E-1	6.300945E-3
1.002987E-1	6.264666E-3
1.002868E-1	6.205912E-3
1.002720E-1	6.154568E-3
1.002773E-1	6.087268E-3
1.002833E-1	5.991436E-3
1.002711E-1	5.923347E-3
1.002528E-1	5.825579E-3
1.002274E-1	5.786177E-3
1.002443E-1	5.697175E-3
1.002063E-1	5.618423E-3
1.002250E-1	5.533668E-3
1.001943E-1	5.495647E-3
1.001801E-1	5.450036E-3
1.001752E-1	5.388325E-3
1.001778E-1	5.333638E-3
1.001571E-1	5.284592E-3
1.001718E-1	5.268893E-3
1.001741E-1	5.231028E-3
1.001673E-1	5.222339E-3
1.001483E-1	5.159080E-3
1.001392E-1	5.106884E-3
1.001221E-1	5.067521E-3
1.001071E-1	5.005720E-3
1.000899E-1	4.928246E-3
1.000882E-1	4.877432E-3
1.000911E-1	4.833434E-3
1.000953E-1	4.789140E-3
1.000854E-1	4.741075E-3
1.000668E-1	4.676524E-3
1.000668E-1	4.588619E-3
1.000399E-1	4.532783E-3
1.000360E-1	4.485377E-3
1.000499E-1	4.419006E-3
1.000326E-1	4.391339E-3
1.000310E-1	4.344166E-3
1.000355E-1	4.282636E-3
1.000255E-1	4.246875E-3
1.000281E-1	4.172445E-3
1.000189E-1	4.095629E-3
9.999377E-2	4.023552E-3
1.000006E-1	3.984809E-3
9.998126E-2	3.965534E-3
9.996377E-2	3.877745E-3
9.996223E-2	3.813259E-3
9.998723E-2	3.736521E-3
9.997560E-2	3.697080E-3
9.996566E-2	3.646253E-3
9.995861E-2	3.587460E-3
9.994444E-2	3.535549E-3
9.992405E-2	3.451917E-3
9.991680E-2	3.384900E-3
9.993134E-2	3.309711E-3
9.994018E-2	3.257464E-3
9.991844E-2	3.208328E-3
9.991975E-2	3.151226E-3
9.992235E-2	3.090497E-3
9.986967E-2	3.037462E-3
9.986833E-2	2.944174E-3
9.986925E-2	2.882747E-3
9.986349E-2	2.820701E-3
9.986873E-2	2.763147E-3
9.986101E-2	2.707673E-3
9.984960E-2	2.694181E-3
9.984838E-2	2.598582E-3
9.983800E-2	2.535942E-3
9.983589E-2	2.471365E-3
9.979700E-2	2.397687E-3
9.977792E-2	2.329638E-3
9.977290E-2	2.243604E-3
9.976949E-2	2.220198E-3
9.975766E-2	2.169668E-3
9.976370E-2	2.078650E-3
9.977484E-2	2.003629E-3
9.975853E-2	1.925561E-3
9.976580E-2	1.861540E-3
9.973038E-2	1.799765E-3
9.971425E-2	1.729701E-3
9.973549E-2	1.665873E-3
9.973661E-2	1.568647E-3
9.975742E-2	1.490618E-3
9.970615E-2	1.424970E-3
9.972051E-2	1.381695E-3
9.969573E-2	1.334690E-3
9.970909E-2	1.240523E-3
9.971199E-2	1.158182E-3
9.970565E-2	1.078965E-3
9.968860E-2	9.959660E-4
9.968170E-2	9.006500E-4
9.966984E-2	7.816320E-4
9.967534E-2	6.753560E-4
9.967385E-2	5.921110E-4
9.966331E-2	5.033150E-4
9.965184E-2	3.970640E-4
9.965439E-2	2.952290E-4
9.964687E-2	1.787670E-4
9.964674E-2	7.593700E-5
9.962229E-2	-2.561400E-5
9.960102E-2	-1.793350E-4
9.958385E-2	-3.085910E-4
9.959898E-2	-4.506160E-4
9.959637E-2	-5.639020E-4
9.959927E-2	-6.993810E-4
9.959137E-2	-8.357640E-4
9.957972E-2	-9.635100E-4
9.956764E-2	-1.085913E-3
9.956169E-2	-1.215157E-3
9.957697E-2	-1.347343E-3
9.957093E-2	-1.463341E-3
9.956248E-2	-1.592636E-3
9.955593E-2	-1.714973E-3
9.952451E-2	-1.779085E-3
9.953882E-2	-1.967728E-3
9.954528E-2	-2.098058E-3
9.953835E-2	-2.216882E-3
9.952566E-2	-2.333616E-3
9.951796E-2	-2.446334E-3
9.950173E-2	-2.561467E-3
9.946401E-2	-2.676419E-3
9.949443E-2	-2.787330E-3
9.948522E-2	-2.835278E-3
9.947842E-2	-2.964186E-3
9.944838E-2	-3.053550E-3
9.943792E-2	-3.167211E-3
9.943974E-2	-3.255607E-3
9.941509E-2	-3.340130E-3
9.942080E-2	-3.449788E-3
9.942355E-2	-3.506180E-3
9.940606E-2	-3.660327E-3
9.942471E-2	-3.777099E-3
9.941324E-2	-3.844284E-3
9.939589E-2	-3.967163E-3
9.938527E-2	-4.066622E-3
9.937053E-2	-4.183757E-3
9.938212E-2	-4.253175E-3
9.935396E-2	-4.364021E-3
9.935217E-2	-4.439313E-3
9.936885E-2	-4.528355E-3
9.934985E-2	-4.576793E-3
9.935002E-2	-4.644791E-3
9.936435E-2	-4.724563E-3
9.934725E-2	-4.815024E-3
9.932505E-2	-4.842575E-3
9.932209E-2	-4.946772E-3
9.930102E-2	-5.013931E-3
9.930389E-2	-5.086241E-3
9.930641E-2	-5.156937E-3
9.928713E-2	-5.230667E-3
9.929194E-2	-5.303932E-3
9.928771E-2	-5.367501E-3
9.928329E-2	-5.436867E-3
9.927337E-2	-5.467878E-3
9.929261E-2	-5.554931E-3
9.927432E-2	-5.607965E-3
9.925830E-2	-5.672697E-3
9.923693E-2	-5.683968E-3
9.922378E-2	-5.773448E-3
9.921936E-2	-5.843976E-3
9.923066E-2	-5.908669E-3
9.921413E-2	-5.969320E-3
9.921846E-2	-6.028204E-3
9.919733E-2	-6.077069E-3
9.920426E-2	-6.159513E-3
9.920986E-2	-6.198721E-3
9.919873E-2	-6.263441E-3
9.916381E-2	-6.297021E-3
9.917255E-2	-6.414232E-3
9.915784E-2	-6.503790E-3
9.915844E-2	-6.564738E-3
9.916399E-2	-6.615178E-3
9.913894E-2	-6.687230E-3
9.915634E-2	-6.747494E-3
9.913244E-2	-6.784869E-3
9.912042E-2	-6.812639E-3
9.909823E-2	-6.925461E-3
9.908677E-2	-6.950945E-3
9.910277E-2	-7.008395E-3
9.908306E-2	-7.072507E-3
9.907183E-2	-7.113458E-3
9.907877E-2	-7.163524E-3
9.907399E-2	-7.231986E-3
9.905810E-2	-7.279236E-3
9.905261E-2	-7.328230E-3
9.905528E-2	-7.369607E-3
9.905075E-2	-7.392833E-3
9.904501E-2	-7.462212E-3
9.905089E-2	-7.520837E-3
9.905593E-2	-7.568385E-3
9.904266E-2	-7.618657E-3
9.902122E-2	-7.656690E-3
9.899571E-2	-7.681878E-3
9.899989E-2	-7.754239E-3
9.901281E-2	-7.803104E-3
9.899505E-2	-7.850239E-3
9.899423E-2	-7.890002E-3
9.899945E-2	-7.913163E-3
9.898980E-2	-8.000746E-3
9.899224E-2	-8.068008E-3
9.895437E-2	-8.141557E-3
9.896690E-2	-8.211142E-3
9.895567E-2	-8.271575E-3
9.891509E-2	-8.344363E-3
9.890960E-2	-8.382810E-3
9.891474E-2	-8.488983E-3
9.891867E-2	-8.554682E-3
9.888804E-2	-8.624423E-3
9.889451E-2	-8.656388E-3
9.888641E-2	-8.750400E-3
9.885455E-2	-8.814499E-3
9.883628E-2	-8.878662E-3
9.882686E-2	-8.937739E-3
9.879372E-2	-8.991433E-3
9.879847E-2	-9.043344E-3
9.880166E-2	-9.099478E-3
9.876435E-2	-9.152293E-3
9.878094E-2	-9.204166E-3
9.875497E-2	-9.254283E-3
9.876771E-2	-9.302309E-3
9.873150E-2	-9.352400E-3
9.871754E-2	-9.401885E-3
9.873409E-2	-9.449330E-3
9.871144E-2	-9.472607E-3
9.872253E-2	-9.541999E-3
9.869575E-2	-9.589560E-3
9.867272E-2	-9.638089E-3
9.862008E-2	-9.684953E-3
9.861198E-2	-9.727169E-3
9.861246E-2	-9.770895E-3
9.859962E-2	-9.791668E-3
9.858319E-2	-9.857290E-3
9.857708E-2	-9.900629E-3
9.857996E-2	-9.955369E-3
9.854803E-2	-1.000897E-2
9.854999E-2	-1.006417E-2
9.852733E-2	-1.012429E-2
9.851034E-2	-1.018368E-2
9.851422E-2	-1.024543E-2
9.849266E-2	-1.027806E-2
9.848161E-2	-1.037444E-2
9.847273E-2	-1.043567E-2
9.844702E-2	-1.049266E-2
9.841234E-2	-1.054919E-2
9.839519E-2	-1.060272E-2
9.837670E-2	-1.065414E-2
9.838270E-2	-1.069999E-2
9.834570E-2	-1.074226E-2
9.833230E-2	-1.078198E-2
9.830337E-2	-1.082065E-2
9.831194E-2	-1.085932E-2
9.829774E-2	-1.089831E-2
9.828430E-2	-1.093413E-2
9.826540E-2	-1.096599E-2
9.825294E-2	-1.099520E-2
9.826264E-2	-1.102561E-2
9.823565E-2	-1.105262E-2
9.821681E-2	-1.108040E-2
9.819676E-2	-1.110459E-2
9.817244E-2	-1.112821E-2
9.816956E-2	-1.115032E-2
9.814622E-2	-1.117454E-2
9.813786E-2	-1.118441E-2
9.812568E-2	-1.121599E-2
9.810126E-2	-1.123612E-2
9.808853E-2	-1.124603E-2
9.806499E-2	-1.127355E-2
9.804151E-2	-1.129089E-2
9.804364E-2	-1.130728E-2
9.802480E-2	-1.132350E-2
9.800781E-2	-1.133257E-2
9.799048E-2	-1.135494E-2
9.798945E-2	-1.136837E-2
9.797568E-2	-1.138180E-2
9.797304E-2	-1.139538E-2
9.797013E-2	-1.140798E-2
9.794895E-2	-1.141942E-2
9.792405E-2	-1.143154E-2
9.790277E-2	-1.144363E-2
9.786546E-2	-1.145590E-2
9.785238E-2	-1.146770E-2
9.784064E-2	-1.147760E-2
9.784062E-2	-1.148851E-2
9.779928E-2	-1.149653E-2
9.777928E-2	-1.150668E-2
9.774754E-2	-1.151414E-2
9.771376E-2	-1.152058E-2
9.770571E-2	-1.152425E-2
9.771205E-2	-1.153099E-2
9.770836E-2	-1.153588E-2
9.767664E-2	-1.153846E-2
9.766700E-2	-1.154266E-2
9.763503E-2	-1.154458E-2
9.763632E-2	-1.154503E-2
9.762609E-2	-1.154805E-2
9.760831E-2	-1.154968E-2
9.758924E-2	-1.154980E-2
9.757429E-2	-1.155095E-2
9.754672E-2	-1.155198E-2
9.751506E-2	-1.155330E-2
9.752690E-2	-1.155465E-2
9.751632E-2	-1.155612E-2
9.748022E-2	-1.155633E-2
9.745998E-2	-1.155646E-2
9.737964E-2	-1.155825E-2
9.737973E-2	-1.155799E-2
9.731969E-2	-1.155856E-2
9.732213E-2	-1.155916E-2
9.729162E-2	-1.156028E-2
9.726621E-2	-1.156084E-2
9.721130E-2	-1.156189E-2
9.716432E-2	-1.156213E-2
9.714833E-2	-1.156300E-2
9.710071E-2	-1.156281E-2
9.708832E-2	-1.156373E-2
9.706596E-2	-1.156264E-2
9.701613E-2	-1.156325E-2
9.698665E-2	-1.156405E-2
9.697071E-2	-1.156397E-2
9.695644E-2	-1.156393E-2
9.690695E-2	-1.156448E-2
9.690846E-2	-1.156499E-2
9.685292E-2	-1.156551E-2
9.683670E-2	-1.156560E-2
9.677046E-2	-1.156630E-2
9.674067E-2	-1.156663E-2
9.668740E-2	-1.156688E-2
9.669799E-2	-1.156752E-2
9.665146E-2	-1.156839E-2
9.659942E-2	-1.156923E-2
9.655842E-2	-1.156972E-2
9.651748E-2	-1.157009E-2
9.646610E-2	-1.156995E-2
9.637305E-2	-1.156996E-2
9.636311E-2	-1.157005E-2
9.630025E-2	-1.157014E-2
9.629197E-2	-1.157152E-2
9.625142E-2	-1.157226E-2
9.619479E-2	-1.157244E-2
9.613527E-2	-1.157310E-2
9.608454E-2	-1.157368E-2
9.604216E-2	-1.157397E-2
9.599786E-2	-1.157413E-2
9.597279E-2	-1.157603E-2
9.591946E-2	-1.157566E-2
9.588760E-2	-1.157630E-2
9.585633E-2	-1.157714E-2
9.578757E-2	-1.157655E-2
9.574379E-2	-1.157740E-2
9.567601E-2	-1.157780E-2
9.564505E-2	-1.157794E-2
9.560976E-2	-1.157908E-2
9.554720E-2	-1.157963E-2
9.549716E-2	-1.158007E-2
9.541877E-2	-1.158113E-2
9.532528E-2	-1.158089E-2
9.526220E-2	-1.158140E-2
9.520535E-2	-1.158233E-2
9.512693E-2	-1.158285E-2
9.506217E-2	-1.158282E-2
9.498499E-2	-1.158375E-2
9.493230E-2	-1.158455E-2
9.487848E-2	-1.158620E-2
9.479799E-2	-1.158591E-2
9.469236E-2	-1.158629E-2
9.465391E-2	-1.158735E-2
9.459227E-2	-1.158693E-2
9.451729E-2	-1.158743E-2
9.445306E-2	-1.158815E-2
9.436096E-2	-1.158939E-2
9.430509E-2	-1.158778E-2
9.427110E-2	-1.158965E-2
9.418807E-2	-1.158995E-2
9.413759E-2	-1.159059E-2
9.404902E-2	-1.159076E-2
9.398456E-2	-1.159212E-2
9.392142E-2	-1.159239E-2
9.386462E-2	-1.159254E-2
9.378447E-2	-1.159332E-2
9.368463E-2	-1.159311E-2
9.363174E-2	-1.159339E-2
9.360184E-2	-1.159327E-2
9.354612E-2	-1.159411E-2
9.349809E-2	-1.159483E-2
9.334831E-2	-1.159591E-2
9.331220E-2	-1.159591E-2
9.328797E-2	-1.159689E-2
9.321407E-2	-1.159773E-2
9.315462E-2	-1.159660E-2
9.305845E-2	-1.159687E-2
9.304593E-2	-1.159723E-2
9.292798E-2	-1.159873E-2
9.287590E-2	-1.159888E-2
9.272795E-2	-1.159889E-2
9.269985E-2	-1.159994E-2
9.266813E-2	-1.160059E-2
9.251650E-2	-1.160093E-2
9.246604E-2	-1.160075E-2
9.238379E-2	-1.160244E-2
9.227389E-2	-1.160268E-2
9.220390E-2	-1.160363E-2
9.211794E-2	-1.160374E-2
9.202715E-2	-1.160419E-2
9.195718E-2	-1.160381E-2
9.187232E-2	-1.160468E-2
9.176649E-2	-1.160523E-2
9.167758E-2	-1.160507E-2
9.162121E-2	-1.160628E-2
9.155618E-2	-1.160615E-2
9.150333E-2	-1.160754E-2
9.138605E-2	-1.160677E-2
9.131278E-2	-1.160800E-2
9.125506E-2	-1.160868E-2
9.115298E-2	-1.160780E-2
9.108896E-2	-1.160912E-2
9.096975E-2	-1.160971E-2
9.087902E-2	-1.161019E-2
9.084568E-2	-1.161116E-2
9.072787E-2	-1.161079E-2
9.068239E-2	-1.161249E-2
9.060424E-2	-1.161299E-2
9.054226E-2	-1.161359E-2
9.047496E-2	-1.161365E-2
9.038635E-2	-1.161446E-2
9.029692E-2	-1.161446E-2
9.019802E-2	-1.161529E-2
9.015694E-2	-1.161559E-2
9.006787E-2	-1.161588E-2
9.000778E-2	-1.161723E-2
8.993751E-2	-1.161710E-2
8.986157E-2	-1.161852E-2
8.976307E-2	-1.161782E-2
8.972406E-2	-1.161816E-2
8.959489E-2	-1.161825E-2
8.957436E-2	-1.161981E-2
8.951199E-2	-1.161989E-2
8.940221E-2	-1.162123E-2
8.935125E-2	-1.162116E-2
8.928745E-2	-1.162163E-2
8.915826E-2	-1.162168E-2
8.909588E-2	-1.162225E-2
8.902868E-2	-1.162216E-2
8.898272E-2	-1.162394E-2
8.892040E-2	-1.162447E-2
8.883431E-2	-1.162378E-2
8.874337E-2	-1.162495E-2
8.869609E-2	-1.162451E-2
8.861593E-2	-1.162579E-2
8.853156E-2	-1.162615E-2
8.845484E-2	-1.162570E-2
8.836717E-2	-1.162703E-2
8.830507E-2	-1.162765E-2
8.819201E-2	-1.162779E-2
8.816588E-2	-1.162830E-2
8.809733E-2	-1.162843E-2
8.803469E-2	-1.162945E-2
8.797879E-2	-1.162969E-2
8.790099E-2	-1.163012E-2
8.781494E-2	-1.163086E-2
8.772253E-2	-1.163117E-2
8.769876E-2	-1.163132E-2
8.759644E-2	-1.163201E-2
8.755625E-2	-1.163206E-2
8.747835E-2	-1.163348E-2
8.737453E-2	-1.163419E-2
8.727155E-2	-1.163435E-2
8.716304E-2	-1.163518E-2
8.705094E-2	-1.163635E-2
8.697199E-2	-1.163684E-2
8.686580E-2	-1.163804E-2
8.674646E-2	-1.163826E-2
8.666704E-2	-1.163866E-2
8.652562E-2	-1.164019E-2
8.646157E-2	-1.164032E-2
8.627300E-2	-1.164103E-2
8.621848E-2	-1.164167E-2
8.612414E-2	-1.164191E-2
8.601493E-2	-1.164250E-2
8.592874E-2	-1.164276E-2
8.583218E-2	-1.164451E-2
8.568892E-2	-1.164383E-2
8.562422E-2	-1.164562E-2
8.551335E-2	-1.164553E-2
8.540422E-2	-1.164661E-2
8.531080E-2	-1.164670E-2
8.519950E-2	-1.164737E-2
8.514979E-2	-1.164833E-2
8.501502E-2	-1.164841E-2
8.492864E-2	-1.164930E-2
8.484954E-2	-1.164880E-2
8.474057E-2	-1.165056E-2
8.464294E-2	-1.165020E-2
8.453817E-2	-1.165166E-2
8.444896E-2	-1.165245E-2
8.434555E-2	-1.165387E-2
8.424419E-2	-1.165361E-2
8.418496E-2	-1.165372E-2
8.405947E-2	-1.165407E-2
8.397244E-2	-1.165522E-2
8.389698E-2	-1.165620E-2
8.377892E-2	-1.165643E-2
8.368510E-2	-1.165712E-2
8.361218E-2	-1.165770E-2
8.351093E-2	-1.165863E-2
8.344039E-2	-1.165969E-2
8.332156E-2	-1.166113E-2
8.323701E-2	-1.166013E-2
8.310038E-2	-1.165992E-2
8.301248E-2	-1.166132E-2
8.298749E-2	-1.166248E-2
8.290529E-2	-1.166355E-2
8.278054E-2	-1.166368E-2
8.269000E-2	-1.166479E-2
8.260520E-2	-1.166488E-2
8.251500E-2	-1.166612E-2
8.244993E-2	-1.166778E-2
8.233059E-2	-1.166725E-2
8.223805E-2	-1.166773E-2
8.216537E-2	-1.166969E-2
8.208486E-2	-1.166956E-2
8.197970E-2	-1.167065E-2
8.188833E-2	-1.167158E-2
8.180930E-2	-1.167261E-2
8.171207E-2	-1.167309E-2
8.160067E-2	-1.167368E-2
8.157110E-2	-1.167677E-2
8.151200E-2	-1.167707E-2
8.139833E-2	-1.167792E-2
8.133836E-2	-1.167962E-2
8.127735E-2	-1.168142E-2
8.111669E-2	-1.168065E-2
8.106571E-2	-1.168334E-2
8.098955E-2	-1.168414E-2
8.090129E-2	-1.168511E-2
8.074943E-2	-1.168561E-2
8.070025E-2	-1.168748E-2
8.066100E-2	-1.168796E-2
8.053880E-2	-1.168803E-2
8.047174E-2	-1.169045E-2
8.038864E-2	-1.169030E-2
8.029137E-2	-1.169056E-2
8.022872E-2	-1.169193E-2
8.014189E-2	-1.169261E-2
8.005737E-2	-1.169407E-2
7.998182E-2	-1.169391E-2
7.991803E-2	-1.169474E-2
7.984060E-2	-1.169585E-2
7.973943E-2	-1.169659E-2
7.964841E-2	-1.169666E-2
