3.015682E-2	8.666721E-3
3.039225E-2	8.667870E-3
3.040065E-2	8.667728E-3
3.040134E-2	8.667314E-3
3.044063E-2	8.667947E-3
3.042161E-2	8.667740E-3
3.046682E-2	8.667624E-3
3.046589E-2	8.668154E-3
3.046070E-2	8.668257E-3
3.045857E-2	8.667934E-3
3.048567E-2	8.668012E-3
3.049727E-2	8.668321E-3
3.048919E-2	8.668141E-3
3.049427E-2	8.668179E-3
3.050970E-2	8.667444E-3
3.051574E-2	8.667702E-3
3.050679E-2	8.668076E-3
3.053660E-2	8.668954E-3
3.051609E-2	8.667779E-3
3.051988E-2	8.666953E-3
3.054008E-2	8.667250E-3
3.054192E-2	8.667844E-3
3.054272E-2	8.667663E-3
3.054155E-2	8.667689E-3
3.052571E-2	8.667198E-3
3.053769E-2	8.666979E-3
3.056209E-2	8.666630E-3
3.057528E-2	8.666940E-3
3.056727E-2	8.667159E-3
3.056120E-2	8.667095E-3
3.056607E-2	8.666695E-3
3.059458E-2	8.667999E-3
3.060116E-2	8.667818E-3
3.057292E-2	8.668050E-3
3.058849E-2	8.668502E-3
3.059154E-2	8.667715E-3
3.059801E-2	8.666824E-3
3.056847E-2	8.667276E-3
3.057423E-2	8.666914E-3
3.059172E-2	8.667237E-3
3.058802E-2	8.667844E-3
3.059489E-2	8.667302E-3
3.060151E-2	8.667521E-3
3.060873E-2	8.668012E-3
3.059931E-2	8.667560E-3
3.062087E-2	8.668347E-3
3.062154E-2	8.667276E-3
3.064283E-2	8.667921E-3
3.061638E-2	8.667637E-3
3.063596E-2	8.668141E-3
3.064608E-2	8.667624E-3
3.067516E-2	8.667340E-3
3.065896E-2	8.667805E-3
3.066721E-2	8.666940E-3
3.066570E-2	8.667095E-3
3.066044E-2	8.667818E-3
3.065543E-2	8.667947E-3
3.067977E-2	8.668657E-3
3.070871E-2	8.668063E-3
3.069487E-2	8.667431E-3
3.072321E-2	8.668037E-3
3.072078E-2	8.667289E-3
3.071216E-2	8.667986E-3
3.070914E-2	8.667250E-3
3.074169E-2	8.668141E-3
3.073078E-2	8.668851E-3
3.072070E-2	8.667495E-3
3.072498E-2	8.668166E-3
3.076969E-2	8.668321E-3
3.075894E-2	8.668231E-3
3.077976E-2	8.668696E-3
3.077792E-2	8.667431E-3
3.078899E-2	8.667598E-3
3.079354E-2	8.668102E-3
3.081236E-2	8.668915E-3
3.080981E-2	8.667366E-3
3.081866E-2	8.668593E-3
3.085621E-2	8.668128E-3
3.087552E-2	8.667870E-3
3.087266E-2	8.669006E-3
3.086802E-2	8.668334E-3
3.088104E-2	8.668438E-3
3.089844E-2	8.668670E-3
3.091010E-2	8.668541E-3
3.092898E-2	8.667960E-3
3.092790E-2	8.667960E-3
3.094589E-2	8.668489E-3
3.093833E-2	8.668102E-3
3.095954E-2	8.669031E-3
3.096130E-2	8.668877E-3
3.096778E-2	8.668192E-3
3.098379E-2	8.668773E-3
3.100171E-2	8.668851E-3
3.099421E-2	8.669083E-3
3.101462E-2	8.668902E-3
3.103691E-2	8.669419E-3
3.104920E-2	8.669277E-3
3.104009E-2	8.669251E-3
3.104419E-2	8.669470E-3
3.105785E-2	8.669148E-3
3.107171E-2	8.669419E-3
3.109063E-2	8.669987E-3
3.109217E-2	8.670271E-3
3.107604E-2	8.671149E-3
3.108288E-2	8.670387E-3
3.109748E-2	8.670103E-3
3.112580E-2	8.670439E-3
3.112555E-2	8.670555E-3
3.115017E-2	8.670697E-3
3.117519E-2	8.670258E-3
3.119117E-2	8.670865E-3
3.118792E-2	8.669987E-3
3.119738E-2	8.670142E-3
3.120889E-2	8.670193E-3
3.120575E-2	8.671394E-3
3.121061E-2	8.670555E-3
3.123505E-2	8.670697E-3
3.125041E-2	8.671110E-3
3.126078E-2	8.670761E-3
3.126220E-2	8.671007E-3
3.127450E-2	8.671317E-3
3.127443E-2	8.670852E-3
3.131000E-2	8.671885E-3
3.129146E-2	8.671665E-3
3.131109E-2	8.672052E-3
3.132923E-2	8.671794E-3
3.133156E-2	8.672014E-3
3.132866E-2	8.671420E-3
3.133858E-2	8.670839E-3
3.134035E-2	8.671433E-3
3.138232E-2	8.672298E-3
3.137576E-2	8.671949E-3
3.138626E-2	8.672414E-3
3.139621E-2	8.671846E-3
3.141416E-2	8.672091E-3
3.142383E-2	8.672311E-3
3.141556E-2	8.672040E-3
3.143575E-2	8.672414E-3
3.146657E-2	8.671962E-3
3.146391E-2	8.672065E-3
3.148417E-2	8.672220E-3
3.150294E-2	8.672892E-3
3.151967E-2	8.672272E-3
3.153956E-2	8.672014E-3
3.156901E-2	8.672311E-3
3.153641E-2	8.672362E-3
3.153719E-2	8.672814E-3
3.157092E-2	8.672930E-3
3.156693E-2	8.674208E-3
3.157674E-2	8.674041E-3
3.158208E-2	8.674338E-3
3.159675E-2	8.673460E-3
3.160763E-2	8.673460E-3
3.163330E-2	8.673524E-3
3.163304E-2	8.674673E-3
3.162279E-2	8.673731E-3
3.165448E-2	8.674376E-3
3.164965E-2	8.674725E-3
3.163317E-2	8.674931E-3
3.165937E-2	8.675035E-3
3.165150E-2	8.675887E-3
3.167263E-2	8.675783E-3
3.168266E-2	8.675203E-3
3.169925E-2	8.675771E-3
3.170187E-2	8.675745E-3
3.172274E-2	8.676067E-3
3.172473E-2	8.675499E-3
3.172203E-2	8.676171E-3
3.173489E-2	8.675913E-3
3.174274E-2	8.676171E-3
3.175644E-2	8.677139E-3
3.177031E-2	8.676364E-3
3.175654E-2	8.676920E-3
3.177028E-2	8.677397E-3
3.177498E-2	8.677216E-3
3.179196E-2	8.677849E-3
3.181606E-2	8.677810E-3
3.182935E-2	8.677939E-3
3.187699E-2	8.678675E-3
3.186065E-2	8.678107E-3
3.189366E-2	8.678340E-3
3.188218E-2	8.678959E-3
3.189194E-2	8.678637E-3
3.188823E-2	8.677901E-3
3.192210E-2	8.679708E-3
3.194281E-2	8.679437E-3
3.196572E-2	8.680560E-3
3.194063E-2	8.679941E-3
3.195176E-2	8.679398E-3
3.197126E-2	8.680405E-3
3.199692E-2	8.680457E-3
3.202070E-2	8.680676E-3
3.202769E-2	8.680095E-3
3.200710E-2	8.680457E-3
3.202470E-2	8.680483E-3
3.202543E-2	8.680612E-3
3.204411E-2	8.680444E-3
3.206233E-2	8.680767E-3
3.208110E-2	8.681825E-3
3.208390E-2	8.681722E-3
3.209639E-2	8.681593E-3
3.213563E-2	8.681128E-3
3.214352E-2	8.680147E-3
3.214847E-2	8.680741E-3
3.214231E-2	8.680818E-3
3.216686E-2	8.680715E-3
3.214939E-2	8.681374E-3
3.218827E-2	8.681903E-3
3.220348E-2	8.681567E-3
3.222279E-2	8.681670E-3
3.222012E-2	8.681025E-3
3.224173E-2	8.681309E-3
3.225229E-2	8.681929E-3
3.226627E-2	8.680676E-3
3.227721E-2	8.681761E-3
3.227884E-2	8.681438E-3
3.229803E-2	8.681825E-3
3.229923E-2	8.681541E-3
3.229683E-2	8.682368E-3
3.232259E-2	8.682058E-3
3.230689E-2	8.682535E-3
3.233417E-2	8.682665E-3
3.236576E-2	8.683039E-3
3.238736E-2	8.683426E-3
3.239853E-2	8.683491E-3
3.239480E-2	8.683194E-3
3.238758E-2	8.682910E-3
3.239161E-2	8.682703E-3
3.244386E-2	8.683620E-3
3.246938E-2	8.683194E-3
3.249140E-2	8.683065E-3
3.248358E-2	8.682690E-3
3.250928E-2	8.684343E-3
3.250419E-2	8.683258E-3
3.250864E-2	8.683710E-3
3.252301E-2	8.683749E-3
3.253267E-2	8.684162E-3
3.254343E-2	8.684446E-3
3.256316E-2	8.683943E-3
3.258074E-2	8.684085E-3
3.258108E-2	8.684162E-3
3.260707E-2	8.684123E-3
3.263045E-2	8.685272E-3
3.264635E-2	8.684188E-3
3.266129E-2	8.684859E-3
3.268374E-2	8.685143E-3
3.268388E-2	8.684407E-3
3.268534E-2	8.685260E-3
3.269497E-2	8.684975E-3
3.270320E-2	8.685840E-3
3.271139E-2	8.686241E-3
3.273497E-2	8.685828E-3
3.270683E-2	8.686163E-3
3.273741E-2	8.686499E-3
3.274063E-2	8.685724E-3
3.274956E-2	8.686757E-3
3.276249E-2	8.686460E-3
3.280185E-2	8.685815E-3
3.280547E-2	8.686757E-3
3.279413E-2	8.686938E-3
3.281909E-2	8.686628E-3
3.284160E-2	8.686667E-3
3.286492E-2	8.687596E-3
3.286996E-2	8.686370E-3
3.287151E-2	8.686512E-3
3.290306E-2	8.687519E-3
3.291028E-2	8.687338E-3
3.293497E-2	8.687441E-3
3.294725E-2	8.688113E-3
3.294159E-2	8.687932E-3
3.295074E-2	8.688849E-3
3.295679E-2	8.688371E-3
3.298444E-2	8.688435E-3
3.301230E-2	8.688978E-3
3.301989E-2	8.688487E-3
3.304999E-2	8.689107E-3
3.305417E-2	8.689184E-3
3.306125E-2	8.689417E-3
3.306817E-2	8.689752E-3
3.307831E-2	8.690411E-3
3.306840E-2	8.690230E-3
3.309342E-2	8.689894E-3
3.312931E-2	8.690630E-3
3.315274E-2	8.689843E-3
3.315045E-2	8.690062E-3
3.316618E-2	8.690385E-3
3.315934E-2	8.690953E-3
3.319578E-2	8.689623E-3
3.319675E-2	8.689636E-3
3.321635E-2	8.689972E-3
3.323774E-2	8.690385E-3
3.326451E-2	8.690837E-3
3.326891E-2	8.690553E-3
3.326391E-2	8.690785E-3
3.326132E-2	8.690411E-3
3.327179E-2	8.691134E-3
3.332016E-2	8.691250E-3
3.331029E-2	8.691353E-3
3.332600E-2	8.691689E-3
3.331584E-2	8.691534E-3
3.334913E-2	8.692399E-3
3.336123E-2	8.692515E-3
3.335905E-2	8.692166E-3
3.336251E-2	8.691844E-3
3.338134E-2	8.692554E-3
3.341794E-2	8.692179E-3
3.346144E-2	8.693225E-3
3.343467E-2	8.692825E-3
3.344022E-2	8.693832E-3
3.348958E-2	8.693148E-3
3.350386E-2	8.693587E-3
3.351639E-2	8.693483E-3
3.352384E-2	8.694710E-3
3.355368E-2	8.693741E-3
3.353960E-2	8.693858E-3
3.355044E-2	8.695097E-3
3.357560E-2	8.694155E-3
3.357804E-2	8.693767E-3
3.356821E-2	8.694064E-3
3.362414E-2	8.694723E-3
3.364313E-2	8.694645E-3
3.365019E-2	8.694606E-3
3.367099E-2	8.695123E-3
3.368748E-2	8.694710E-3
3.371138E-2	8.695872E-3
3.371271E-2	8.694994E-3
3.374013E-2	8.694813E-3
3.370731E-2	8.695562E-3
3.372631E-2	8.695781E-3
3.374275E-2	8.695304E-3
3.376338E-2	8.695923E-3
3.377786E-2	8.695149E-3
3.377697E-2	8.695949E-3
3.377642E-2	8.696220E-3
3.380408E-2	8.697098E-3
3.382757E-2	8.697382E-3
3.384783E-2	8.696388E-3
3.388513E-2	8.697589E-3
3.390925E-2	8.696543E-3
3.390933E-2	8.696956E-3
3.389028E-2	8.697331E-3
3.393595E-2	8.698454E-3
3.393313E-2	8.697008E-3
3.394823E-2	8.698492E-3
3.395414E-2	8.697434E-3
3.396499E-2	8.697976E-3
3.397827E-2	8.697331E-3
3.400503E-2	8.698195E-3
3.402087E-2	8.698234E-3
3.402133E-2	8.698505E-3
3.402130E-2	8.698789E-3
3.405441E-2	8.698505E-3
3.406444E-2	8.698325E-3
3.409104E-2	8.699035E-3
3.409169E-2	8.699525E-3
3.410077E-2	8.699319E-3
3.414278E-2	8.699667E-3
3.416952E-2	8.699964E-3
3.416980E-2	8.700003E-3
3.418775E-2	8.699783E-3
3.421916E-2	8.700765E-3
3.421576E-2	8.700067E-3
3.422358E-2	8.700132E-3
3.424564E-2	8.700481E-3
3.424954E-2	8.700506E-3
3.427487E-2	8.700545E-3
3.429527E-2	8.701139E-3
3.429997E-2	8.700894E-3
3.434301E-2	8.701294E-3
3.432667E-2	8.702456E-3
3.431247E-2	8.701694E-3
3.434371E-2	8.702030E-3
3.437058E-2	8.702236E-3
3.438684E-2	8.701488E-3
3.439919E-2	8.701358E-3
3.441509E-2	8.701991E-3
3.446037E-2	8.702430E-3
3.449975E-2	8.702443E-3
3.448033E-2	8.702637E-3
3.449936E-2	8.701797E-3
3.450070E-2	8.702959E-3
3.450574E-2	8.702649E-3
3.452640E-2	8.702611E-3
3.455612E-2	8.702288E-3
3.455932E-2	8.703334E-3
3.456203E-2	8.702507E-3
3.460583E-2	8.703295E-3
3.460712E-2	8.704108E-3
3.463660E-2	8.703527E-3
3.464524E-2	8.704108E-3
3.466345E-2	8.703863E-3
3.466206E-2	8.703360E-3
3.467958E-2	8.703682E-3
3.471774E-2	8.704392E-3
3.474981E-2	8.704289E-3
3.472660E-2	8.703644E-3
3.472313E-2	8.704225E-3
3.473492E-2	8.704134E-3
3.472628E-2	8.704160E-3
3.475720E-2	8.705180E-3
3.477093E-2	8.704973E-3
3.479804E-2	8.705089E-3
3.481472E-2	8.704780E-3
3.484921E-2	8.704857E-3
3.488889E-2	8.704702E-3
3.490334E-2	8.704108E-3
3.491139E-2	8.705102E-3
3.494239E-2	8.705838E-3
3.493799E-2	8.705812E-3
3.494723E-2	8.705154E-3
3.496638E-2	8.705645E-3
3.500302E-2	8.706058E-3
3.498968E-2	8.705696E-3
3.501759E-2	8.706316E-3
3.502019E-2	8.707091E-3
3.503409E-2	8.706419E-3
3.505658E-2	8.706019E-3
3.506436E-2	8.706071E-3
3.508463E-2	8.707091E-3
3.510398E-2	8.707026E-3
3.512639E-2	8.706419E-3
3.514165E-2	8.706742E-3
3.516145E-2	8.708020E-3
3.517784E-2	8.707452E-3
3.517755E-2	8.707284E-3
3.520759E-2	8.707542E-3
3.521182E-2	8.708046E-3
3.524237E-2	8.708291E-3
3.526711E-2	8.708782E-3
3.527173E-2	8.708627E-3
3.527770E-2	8.708808E-3
3.528857E-2	8.708769E-3
3.530920E-2	8.709066E-3
3.533795E-2	8.709130E-3
3.534167E-2	8.709259E-3
3.537169E-2	8.709918E-3
3.538592E-2	8.709686E-3
3.540620E-2	8.709531E-3
3.540165E-2	8.710331E-3
3.544895E-2	8.709802E-3
3.546050E-2	8.710008E-3
3.549827E-2	8.709066E-3
3.550304E-2	8.709505E-3
3.552676E-2	8.710137E-3
3.554315E-2	8.710421E-3
3.555524E-2	8.710383E-3
3.556669E-2	8.710847E-3
3.558478E-2	8.710744E-3
3.559836E-2	8.711170E-3
3.562888E-2	8.710615E-3
3.562862E-2	8.711209E-3
3.567059E-2	8.710370E-3
3.569303E-2	8.711699E-3
3.572787E-2	8.710718E-3
3.573915E-2	8.711648E-3
3.574942E-2	8.711325E-3
3.571573E-2	8.711493E-3
3.573845E-2	8.711777E-3
3.571748E-2	8.711570E-3
3.575412E-2	8.712061E-3
3.578154E-2	8.712009E-3
3.579668E-2	8.711738E-3
3.584137E-2	8.712965E-3
3.585096E-2	8.712745E-3
3.586941E-2	8.712616E-3
3.590972E-2	8.712526E-3
3.592239E-2	8.712874E-3
3.592955E-2	8.712642E-3
3.594084E-2	8.713481E-3
3.597716E-2	8.713662E-3
3.598629E-2	8.713752E-3
3.600572E-2	8.713778E-3
3.600275E-2	8.713481E-3
3.602741E-2	8.714075E-3
3.605034E-2	8.714204E-3
3.605187E-2	8.714010E-3
3.608713E-2	8.714036E-3
3.611152E-2	8.714785E-3
3.613794E-2	8.714604E-3
3.615239E-2	8.714333E-3
3.617491E-2	8.715340E-3
3.618821E-2	8.714346E-3
3.621895E-2	8.714695E-3
3.624934E-2	8.714914E-3
3.626340E-2	8.715172E-3
3.628595E-2	8.715276E-3
3.628991E-2	8.714708E-3
3.631983E-2	8.715547E-3
3.632944E-2	8.715495E-3
3.633732E-2	8.714888E-3
3.635277E-2	8.715857E-3
3.636811E-2	8.714746E-3
3.638704E-2	8.715056E-3
3.640226E-2	8.715844E-3
3.646445E-2	8.716334E-3
3.646985E-2	8.715702E-3
3.647518E-2	8.715999E-3
3.650043E-2	8.716618E-3
3.651717E-2	8.716205E-3
3.656598E-2	8.716554E-3
3.656060E-2	8.717703E-3
3.657959E-2	8.718013E-3
3.657194E-2	8.717406E-3
3.660393E-2	8.717160E-3
3.660832E-2	8.717173E-3
3.661774E-2	8.717561E-3
3.667786E-2	8.717729E-3
3.668157E-2	8.717574E-3
3.667312E-2	8.718671E-3
3.671924E-2	8.718903E-3
3.673175E-2	8.719329E-3
3.676047E-2	8.718839E-3
3.675222E-2	8.718994E-3
3.677332E-2	8.719755E-3
3.678702E-2	8.718606E-3
3.679281E-2	8.719123E-3
3.681554E-2	8.717574E-3
3.686666E-2	8.719226E-3
3.688777E-2	8.718271E-3
3.693313E-2	8.718839E-3
3.692875E-2	8.719278E-3
3.693986E-2	8.718942E-3
3.696960E-2	8.719213E-3
3.701173E-2	8.719342E-3
3.697982E-2	8.719278E-3
3.701568E-2	8.719833E-3
3.704602E-2	8.719110E-3
3.704825E-2	8.719768E-3
3.709224E-2	8.720298E-3
3.708354E-2	8.719652E-3
3.711063E-2	8.720065E-3
3.717443E-2	8.719755E-3
3.718709E-2	8.720995E-3
3.721724E-2	8.720917E-3
3.719778E-2	8.720311E-3
3.724677E-2	8.721253E-3
3.726182E-2	8.720801E-3
3.728893E-2	8.721176E-3
3.729722E-2	8.721034E-3
3.732865E-2	8.720995E-3
3.733479E-2	8.721072E-3
3.734793E-2	8.721679E-3
3.737831E-2	8.721614E-3
3.739381E-2	8.721718E-3
3.740751E-2	8.723151E-3
3.745113E-2	8.722208E-3
3.746024E-2	8.722389E-3
3.748900E-2	8.721731E-3
3.750740E-2	8.723202E-3
3.753486E-2	8.723112E-3
3.754804E-2	8.723809E-3
3.757384E-2	8.724080E-3
3.759970E-2	8.723396E-3
3.761421E-2	8.724016E-3
3.763250E-2	8.723758E-3
3.764631E-2	8.723603E-3
3.765455E-2	8.724287E-3
3.769846E-2	8.723861E-3
3.769147E-2	8.723938E-3
3.771895E-2	8.724623E-3
3.772033E-2	8.723616E-3
3.772780E-2	8.725087E-3
3.774894E-2	8.725268E-3
3.777992E-2	8.724261E-3
3.780727E-2	8.725642E-3
3.783168E-2	8.725862E-3
3.785554E-2	8.725178E-3
3.788995E-2	8.726288E-3
3.792078E-2	8.725681E-3
3.796799E-2	8.726301E-3
3.796619E-2	8.726314E-3
3.798311E-2	8.726946E-3
3.798532E-2	8.725836E-3
3.801506E-2	8.726675E-3
3.802832E-2	8.726869E-3
3.806166E-2	8.727217E-3
3.808152E-2	8.727514E-3
3.811299E-2	8.726985E-3
3.814000E-2	8.728328E-3
3.814504E-2	8.728496E-3
3.819541E-2	8.728302E-3
3.820789E-2	8.728663E-3
3.823877E-2	8.729541E-3
3.822789E-2	8.728689E-3
3.827956E-2	8.728909E-3
3.828415E-2	8.729115E-3
3.830936E-2	8.729593E-3
3.832431E-2	8.730290E-3
3.833982E-2	8.730393E-3
3.836298E-2	8.730832E-3
3.838661E-2	8.730703E-3
3.847510E-2	8.730316E-3
3.847940E-2	8.730690E-3
3.849502E-2	8.730626E-3
3.851858E-2	8.730652E-3
3.853062E-2	8.731504E-3
3.854507E-2	8.732614E-3
3.855359E-2	8.731865E-3
3.858380E-2	8.732098E-3
3.859383E-2	8.732420E-3
3.864215E-2	8.731697E-3
3.867911E-2	8.732149E-3
3.869682E-2	8.732188E-3
3.874003E-2	8.732911E-3
3.872841E-2	8.733673E-3
3.875726E-2	8.734318E-3
3.877788E-2	8.733414E-3
3.879923E-2	8.733931E-3
3.884532E-2	8.735170E-3
3.886102E-2	8.734550E-3
3.888938E-2	8.735906E-3
3.891082E-2	8.735983E-3
3.894926E-2	8.735467E-3
3.896266E-2	8.736138E-3
3.900191E-2	8.735880E-3
3.901800E-2	8.736190E-3
3.904064E-2	8.736513E-3
3.905159E-2	8.736771E-3
3.905625E-2	8.736384E-3
3.908728E-2	8.737107E-3
3.913126E-2	8.738320E-3
3.916937E-2	8.737546E-3
3.918729E-2	8.737688E-3
3.922906E-2	8.739043E-3
3.925734E-2	8.737649E-3
3.925359E-2	8.738656E-3
3.927997E-2	8.738527E-3
3.928624E-2	8.738785E-3
3.932543E-2	8.739882E-3
3.935089E-2	8.740605E-3
3.937108E-2	8.739947E-3
3.937709E-2	8.740283E-3
3.941192E-2	8.741264E-3
3.941318E-2	8.740618E-3
3.943295E-2	8.741741E-3
3.949038E-2	8.741160E-3
3.950527E-2	8.741896E-3
3.954148E-2	8.742090E-3
3.959406E-2	8.742890E-3
3.960039E-2	8.742542E-3
3.959447E-2	8.743071E-3
3.965463E-2	8.742413E-3
3.965894E-2	8.743510E-3
3.967860E-2	8.743174E-3
3.972651E-2	8.743562E-3
3.971365E-2	8.743691E-3
3.974839E-2	8.743730E-3
3.977059E-2	8.744143E-3
3.978835E-2	8.746053E-3
3.979647E-2	8.745485E-3
3.983434E-2	8.744956E-3
3.986450E-2	8.745782E-3
3.991099E-2	8.746208E-3
3.992124E-2	8.746363E-3
3.996436E-2	8.746776E-3
3.999282E-2	8.746841E-3
3.999947E-2	8.746751E-3
4.004634E-2	8.747073E-3
4.006276E-2	8.747486E-3
4.009076E-2	8.748558E-3
4.010328E-2	8.748054E-3
4.012820E-2	8.747603E-3
4.017387E-2	8.748752E-3
4.018764E-2	8.748042E-3
4.021873E-2	8.748674E-3
4.026462E-2	8.748971E-3
4.029473E-2	8.749462E-3
4.031107E-2	8.749229E-3
4.031335E-2	8.750327E-3
4.034572E-2	8.749875E-3
4.037494E-2	8.749707E-3
4.039423E-2	8.750469E-3
4.041539E-2	8.750895E-3
4.047534E-2	8.750714E-3
4.049962E-2	8.751230E-3
4.052730E-2	8.751824E-3
4.055587E-2	8.752379E-3
4.055937E-2	8.752973E-3
4.059115E-2	8.752650E-3
4.060609E-2	8.752896E-3
4.062326E-2	8.753154E-3
4.066348E-2	8.752973E-3
4.070514E-2	8.753748E-3
4.073384E-2	8.754238E-3
4.074280E-2	8.754910E-3
4.076661E-2	8.754806E-3
4.078717E-2	8.754445E-3
4.084182E-2	8.754703E-3
4.089450E-2	8.754987E-3
4.091229E-2	8.755839E-3
4.091725E-2	8.757040E-3
4.097844E-2	8.756498E-3
4.099244E-2	8.756394E-3
4.101323E-2	8.757608E-3
4.104571E-2	8.757234E-3
4.105576E-2	8.757363E-3
4.107866E-2	8.757556E-3
4.110229E-2	8.758150E-3
4.112607E-2	8.758421E-3
4.118972E-2	8.758499E-3
4.120205E-2	8.759015E-3
4.122419E-2	8.759131E-3
4.127703E-2	8.759854E-3
4.130677E-2	8.760487E-3
4.132842E-2	8.761274E-3
4.132456E-2	8.761300E-3
4.136463E-2	8.762204E-3
4.140065E-2	8.761997E-3
4.144275E-2	8.762372E-3
4.148577E-2	8.762875E-3
4.150340E-2	8.762837E-3
4.153848E-2	8.763844E-3
4.154516E-2	8.762914E-3
4.155353E-2	8.763276E-3
4.158385E-2	8.764050E-3
4.160138E-2	8.764541E-3
4.164023E-2	8.764024E-3
4.164444E-2	8.765393E-3
4.168746E-2	8.765845E-3
4.171521E-2	8.765948E-3
4.173090E-2	8.766245E-3
4.175407E-2	8.766490E-3
4.177221E-2	8.767433E-3
4.183052E-2	8.767691E-3
4.185108E-2	8.767910E-3
4.188265E-2	8.768272E-3
4.192611E-2	8.768995E-3
4.196327E-2	8.769834E-3
4.197597E-2	8.770621E-3
4.200184E-2	8.770699E-3
4.202933E-2	8.770802E-3
4.207695E-2	8.771577E-3
4.210632E-2	8.771293E-3
4.213342E-2	8.771964E-3
4.218481E-2	8.772480E-3
4.220330E-2	8.773578E-3
4.222849E-2	8.774507E-3
4.227505E-2	8.774404E-3
4.230408E-2	8.775876E-3
4.230515E-2	8.775050E-3
4.235241E-2	8.776147E-3
4.237258E-2	8.776547E-3
4.239239E-2	8.777128E-3
4.244537E-2	8.779142E-3
4.250286E-2	8.778819E-3
4.251553E-2	8.779387E-3
4.253298E-2	8.780343E-3
4.258328E-2	8.781001E-3
4.257888E-2	8.781918E-3
4.263406E-2	8.782060E-3
4.269162E-2	8.783519E-3
4.271827E-2	8.783790E-3
4.273640E-2	8.783932E-3
4.275304E-2	8.784074E-3
4.277635E-2	8.781027E-3
4.283151E-2	8.786565E-3
4.287751E-2	8.787779E-3
4.290792E-2	8.788140E-3
4.295639E-2	8.789096E-3
4.296189E-2	8.788205E-3
4.300910E-2	8.790025E-3
4.302004E-2	8.791149E-3
4.305424E-2	8.791600E-3
4.310241E-2	8.792995E-3
4.311385E-2	8.793808E-3
4.316337E-2	8.793989E-3
4.318200E-2	8.794867E-3
4.323669E-2	8.795151E-3
4.324972E-2	8.795719E-3
4.328882E-2	8.797513E-3
4.332100E-2	8.798559E-3
4.334735E-2	8.799346E-3
4.339668E-2	8.800392E-3
4.346138E-2	8.800728E-3
4.347576E-2	8.802497E-3
4.350873E-2	8.803194E-3
4.355428E-2	8.803968E-3
4.357220E-2	8.804485E-3
4.360599E-2	8.805634E-3
4.364363E-2	8.805969E-3
4.368723E-2	8.807454E-3
4.369387E-2	8.808435E-3
4.372414E-2	8.808990E-3
4.375799E-2	8.809584E-3
4.377567E-2	8.810720E-3
4.380295E-2	8.812489E-3
4.387816E-2	8.812696E-3
4.392000E-2	8.814464E-3
4.392640E-2	8.815626E-3
4.396411E-2	8.815678E-3
4.400672E-2	8.816853E-3
4.405123E-2	8.818260E-3
4.405229E-2	8.818957E-3
4.408927E-2	8.820726E-3
4.411783E-2	8.821255E-3
4.420509E-2	8.821591E-3
4.423325E-2	8.822830E-3
4.425569E-2	8.823308E-3
4.427134E-2	8.823914E-3
4.429060E-2	8.825089E-3
4.432027E-2	8.826729E-3
4.438097E-2	8.827917E-3
4.440828E-2	8.828278E-3
4.446950E-2	8.829388E-3
4.453297E-2	8.830421E-3
4.455226E-2	8.831854E-3
4.458684E-2	8.831686E-3
4.461722E-2	8.832913E-3
4.464203E-2	8.834978E-3
4.469683E-2	8.835211E-3
4.469091E-2	8.836605E-3
4.473128E-2	8.837380E-3
4.475448E-2	8.837677E-3
4.478299E-2	8.839587E-3
4.481206E-2	8.840168E-3
4.488793E-2	8.840310E-3
4.491127E-2	8.840878E-3
4.493700E-2	8.841795E-3
4.499952E-2	8.842763E-3
4.502254E-2	8.844558E-3
4.506508E-2	8.845332E-3
4.509219E-2	8.845797E-3
4.513434E-2	8.847359E-3
4.517035E-2	8.847837E-3
4.522077E-2	8.848754E-3
4.526214E-2	8.849799E-3
4.527739E-2	8.850277E-3
4.532709E-2	8.851813E-3
4.536168E-2	8.851323E-3
4.537903E-2	8.852072E-3
4.545426E-2	8.854008E-3
4.551362E-2	8.854382E-3
4.553995E-2	8.855648E-3
4.555083E-2	8.856138E-3
4.559030E-2	8.857765E-3
4.561681E-2	8.858798E-3
4.567241E-2	8.859572E-3
4.572397E-2	8.859120E-3
4.571660E-2	8.861418E-3
4.574708E-2	8.862206E-3
4.579728E-2	8.863342E-3
4.587259E-2	8.863781E-3
4.592086E-2	8.864362E-3
4.594579E-2	8.866453E-3
4.598746E-2	8.867551E-3
4.602332E-2	8.868532E-3
4.605342E-2	8.869603E-3
4.609354E-2	8.869810E-3
4.614696E-2	8.871475E-3
4.620714E-2	8.872482E-3
4.624089E-2	8.873012E-3
4.629380E-2	8.873838E-3
4.632838E-2	8.875103E-3
4.639348E-2	8.875891E-3
4.641141E-2	8.877156E-3
4.650199E-2	8.879351E-3
4.652160E-2	8.879260E-3
4.657077E-2	8.880758E-3
4.662098E-2	8.882604E-3
4.668930E-2	8.882643E-3
4.672770E-2	8.883366E-3
4.673978E-2	8.884347E-3
4.678277E-2	8.884528E-3
4.682469E-2	8.885896E-3
4.690827E-2	8.886490E-3
4.693793E-2	8.887897E-3
4.700211E-2	8.889085E-3
4.702813E-2	8.889769E-3
4.707042E-2	8.891525E-3
4.712111E-2	8.892300E-3
4.718219E-2	8.893177E-3
4.723017E-2	8.893100E-3
4.726832E-2	8.894249E-3
4.733562E-2	8.894391E-3
4.736468E-2	8.895979E-3
4.741935E-2	8.896599E-3
4.749733E-2	8.898264E-3
4.753219E-2	8.898755E-3
4.756756E-2	8.900020E-3
4.761045E-2	8.900885E-3
4.765723E-2	8.901479E-3
4.769744E-2	8.902318E-3
4.774004E-2	8.903299E-3
4.779237E-2	8.903828E-3
4.783602E-2	8.905171E-3
4.789360E-2	8.906023E-3
4.794124E-2	8.907792E-3
4.799573E-2	8.907727E-3
4.802261E-2	8.909664E-3
4.808454E-2	8.909109E-3
4.815629E-2	8.909948E-3
4.821836E-2	8.912104E-3
4.825321E-2	8.911833E-3
4.831825E-2	8.913098E-3
4.834287E-2	8.914053E-3
4.839731E-2	8.914544E-3
4.845833E-2	8.915512E-3
4.850901E-2	8.915796E-3
4.857786E-2	8.916416E-3
4.862383E-2	8.917074E-3
4.869629E-2	8.918262E-3
4.875231E-2	8.919630E-3
4.877351E-2	8.921063E-3
4.883864E-2	8.921786E-3
4.890775E-2	8.922251E-3
4.894839E-2	8.923607E-3
4.899551E-2	8.924033E-3
4.906307E-2	8.925078E-3
4.909941E-2	8.926060E-3
4.919383E-2	8.927170E-3
4.920823E-2	8.927635E-3
4.929340E-2	8.927957E-3
4.935439E-2	8.929894E-3
4.936687E-2	8.930681E-3
4.942770E-2	8.931469E-3
4.949509E-2	8.932708E-3
4.956381E-2	8.934154E-3
4.958325E-2	8.935264E-3
4.965572E-2	8.936259E-3
4.971802E-2	8.937433E-3
4.977528E-2	8.937717E-3
4.979644E-2	8.939396E-3
4.987993E-2	8.939628E-3
4.993200E-2	8.941268E-3
4.997253E-2	8.942404E-3
5.002359E-2	8.944134E-3
5.009000E-2	8.944805E-3
5.014525E-2	8.946148E-3
5.020799E-2	8.946922E-3
5.025877E-2	8.947671E-3
5.029936E-2	8.949530E-3
5.036333E-2	8.951738E-3
5.041609E-2	8.952926E-3
5.052235E-2	8.953248E-3
5.056966E-2	8.954462E-3
5.061176E-2	8.955611E-3
5.068082E-2	8.957341E-3
5.077102E-2	8.957999E-3
5.077394E-2	8.959626E-3
5.082809E-2	8.961433E-3
5.090777E-2	8.962453E-3
5.097581E-2	8.963770E-3
5.100651E-2	8.965345E-3
5.107261E-2	8.966817E-3
5.109870E-2	8.967876E-3
5.118888E-2	8.968689E-3
5.126514E-2	8.969773E-3
5.129568E-2	8.972601E-3
5.136956E-2	8.973504E-3
5.143437E-2	8.974963E-3
5.151339E-2	8.976009E-3
5.155448E-2	8.976835E-3
5.161807E-2	8.978023E-3
5.164360E-2	8.980037E-3
5.170230E-2	8.981186E-3
5.171890E-2	8.982748E-3
5.179362E-2	8.983419E-3
5.186951E-2	8.985123E-3
5.199171E-2	8.985162E-3
5.199661E-2	8.987047E-3
5.204361E-2	8.988725E-3
5.214414E-2	8.989345E-3
5.218364E-2	8.990843E-3
5.227837E-2	8.992185E-3
5.233821E-2	8.992134E-3
5.237949E-2	8.994457E-3
5.245391E-2	8.995774E-3
5.252923E-2	8.997272E-3
5.257321E-2	8.998653E-3
5.267978E-2	8.999944E-3
5.275211E-2	9.000474E-3
5.277847E-2	9.002074E-3
5.283177E-2	9.003288E-3
5.290610E-2	9.004579E-3
5.298429E-2	9.005702E-3
5.305109E-2	9.006993E-3
5.311427E-2	9.008349E-3
5.317052E-2	9.009175E-3
5.323368E-2	9.010944E-3
5.330753E-2	9.011989E-3
5.335421E-2	9.013681E-3
5.342079E-2	9.013874E-3
5.354134E-2	9.014352E-3
5.357196E-2	9.017050E-3
5.361900E-2	9.017786E-3
5.370429E-2	9.019232E-3
5.373926E-2	9.020704E-3
5.380774E-2	9.021285E-3
5.391975E-2	9.023776E-3
5.397663E-2	9.024319E-3
5.403083E-2	9.026036E-3
5.410477E-2	9.027159E-3
5.414769E-2	9.028953E-3
5.426022E-2	9.028773E-3
5.429911E-2	9.030980E-3
5.436765E-2	9.032375E-3
5.441868E-2	9.033317E-3
5.452155E-2	9.035112E-3
5.458447E-2	9.036919E-3
5.465727E-2	9.038429E-3
5.473455E-2	9.040456E-3
5.475752E-2	9.041128E-3
5.481862E-2	9.042845E-3
5.492578E-2	9.043968E-3
5.498571E-2	9.045027E-3
5.506724E-2	9.047015E-3
5.515383E-2	9.048641E-3
5.520556E-2	9.050630E-3
5.528576E-2	9.052217E-3
5.535785E-2	9.054219E-3
5.541034E-2	9.055910E-3
5.550467E-2	9.057562E-3
5.558966E-2	9.059370E-3
5.564731E-2	9.061461E-3
5.574059E-2	9.063178E-3
5.577679E-2	9.065425E-3
5.583481E-2	9.067503E-3
5.594418E-2	9.069285E-3
5.599589E-2	9.071182E-3
5.607426E-2	9.073597E-3
5.615631E-2	9.075830E-3
5.621482E-2	9.077638E-3
5.631311E-2	9.080207E-3
5.638743E-2	9.081833E-3
5.643922E-2	9.083718E-3
5.656443E-2	9.086507E-3
5.665150E-2	9.087643E-3
5.671072E-2	9.090599E-3
5.677558E-2	9.093117E-3
5.682321E-2	9.095144E-3
5.690812E-2	9.096228E-3
5.700229E-2	9.099559E-3
5.708233E-2	9.101999E-3
5.715797E-2	9.104426E-3
5.724794E-2	9.107628E-3
5.731529E-2	9.109216E-3
5.737519E-2	9.111204E-3
5.742754E-2	9.113954E-3
5.756567E-2	9.116729E-3
5.762839E-2	9.120125E-3
5.769877E-2	9.122216E-3
5.775993E-2	9.125263E-3
5.781485E-2	9.127019E-3
5.792323E-2	9.130556E-3
5.800499E-2	9.133784E-3
5.807360E-2	9.135462E-3
5.816376E-2	9.139426E-3
5.827737E-2	9.140755E-3
5.832509E-2	9.145080E-3
5.839732E-2	9.148708E-3
5.851360E-2	9.151406E-3
5.857602E-2	9.153381E-3
5.865059E-2	9.159875E-3
5.877162E-2	9.160043E-3
5.882773E-2	9.163064E-3
5.894241E-2	9.168796E-3
5.903623E-2	9.172088E-3
5.907965E-2	9.177136E-3
5.917435E-2	9.181203E-3
5.928352E-2	9.184688E-3
5.937426E-2	9.187761E-3
5.943277E-2	9.190253E-3
5.955584E-2	9.195017E-3
5.963502E-2	9.199212E-3
5.970419E-2	9.202453E-3
5.976796E-2	9.207307E-3
5.983468E-2	9.210238E-3
5.994908E-2	9.213969E-3
6.004598E-2	9.217558E-3
6.012204E-2	9.221237E-3
6.021607E-2	9.226001E-3
6.029825E-2	9.229099E-3
6.036482E-2	9.232895E-3
6.043984E-2	9.235103E-3
6.055133E-2	9.239350E-3
6.062182E-2	9.241880E-3
6.073002E-2	9.246412E-3
6.081631E-2	9.248142E-3
6.091508E-2	9.252531E-3
6.100352E-2	9.254494E-3
6.110397E-2	9.256959E-3
6.118941E-2	9.260032E-3
6.126836E-2	9.262782E-3
6.135865E-2	9.263492E-3
6.144236E-2	9.267701E-3
6.155630E-2	9.269637E-3
6.165417E-2	9.270735E-3
6.170363E-2	9.272426E-3
6.176651E-2	9.276686E-3
6.192037E-2	9.275912E-3
6.198524E-2	9.280004E-3
6.211560E-2	9.281708E-3
6.221153E-2	9.282173E-3
6.232588E-2	9.284574E-3
6.242327E-2	9.284987E-3
6.254735E-2	9.287557E-3
6.262339E-2	9.288951E-3
6.271748E-2	9.290164E-3
6.279936E-2	9.291146E-3
6.293098E-2	9.291597E-3
6.302133E-2	9.293392E-3
6.310945E-2	9.293366E-3
6.321719E-2	9.294618E-3
6.331392E-2	9.295716E-3
6.340170E-2	9.296013E-3
6.352859E-2	9.296555E-3
6.362287E-2	9.297768E-3
6.369228E-2	9.298065E-3
6.379602E-2	9.299085E-3
6.392095E-2	9.299576E-3
6.397800E-2	9.301099E-3
6.409072E-2	9.302610E-3
6.420290E-2	9.303320E-3
6.429034E-2	9.303668E-3
6.441666E-2	9.303191E-3
6.449026E-2	9.305140E-3
6.465224E-2	9.305269E-3
6.469067E-2	9.305889E-3
6.480353E-2	9.306818E-3
6.486569E-2	9.307993E-3
6.499526E-2	9.308471E-3
6.507891E-2	9.309362E-3
6.518222E-2	9.309413E-3
6.532974E-2	9.309362E-3
6.537526E-2	9.310278E-3
6.552197E-2	9.311673E-3
6.562335E-2	9.311324E-3
6.570669E-2	9.311479E-3
6.578941E-2	9.314087E-3
6.589569E-2	9.313854E-3
6.601865E-2	9.315843E-3
6.611550E-2	9.314048E-3
6.624228E-2	9.315107E-3
6.634891E-2	9.315365E-3
6.645160E-2	9.316579E-3
6.656993E-2	9.316875E-3
6.665621E-2	9.318102E-3
6.676351E-2	9.318580E-3
6.684455E-2	9.318347E-3
6.699652E-2	9.319754E-3
6.710576E-2	9.320761E-3
6.725593E-2	9.321226E-3
6.733053E-2	9.321342E-3
6.743165E-2	9.322207E-3
6.756486E-2	9.322685E-3
6.765584E-2	9.323059E-3
6.776264E-2	9.324144E-3
6.788218E-2	9.324312E-3
6.798055E-2	9.325925E-3
6.811079E-2	9.327023E-3
6.820413E-2	9.327087E-3
6.832878E-2	9.328133E-3
6.842521E-2	9.327991E-3
6.858504E-2	9.330302E-3
6.862435E-2	9.329941E-3
6.884090E-2	9.330973E-3
6.891899E-2	9.331929E-3
6.900668E-2	9.331980E-3
6.913456E-2	9.331903E-3
6.925981E-2	9.333284E-3
6.937462E-2	9.335350E-3
6.946658E-2	9.336099E-3
6.962330E-2	9.336873E-3
6.971620E-2	9.337157E-3
6.979628E-2	9.338526E-3
6.993516E-2	9.337958E-3
7.007565E-2	9.339946E-3
7.023909E-2	9.340178E-3
7.028455E-2	9.341456E-3
7.040017E-2	9.342218E-3
7.057304E-2	9.343754E-3
7.067353E-2	9.344503E-3
7.077022E-2	9.344710E-3
7.090414E-2	9.346388E-3
7.104935E-2	9.348041E-3
7.114157E-2	9.348092E-3
7.126932E-2	9.348983E-3
7.138398E-2	9.349835E-3
7.153106E-2	9.351733E-3
7.162707E-2	9.353114E-3
7.175461E-2	9.353915E-3
7.183729E-2	9.354870E-3
7.200879E-2	9.355154E-3
7.210514E-2	9.356858E-3
7.221796E-2	9.357078E-3
7.238287E-2	9.359414E-3
7.251115E-2	9.361235E-3
7.263774E-2	9.360989E-3
7.278373E-2	9.361209E-3
7.289418E-2	9.362655E-3
7.303514E-2	9.364010E-3
7.313508E-2	9.364759E-3
7.325938E-2	9.363623E-3
7.342370E-2	9.365560E-3
7.351664E-2	9.367612E-3
7.367473E-2	9.368658E-3
7.378952E-2	9.369007E-3
7.395032E-2	9.371176E-3
7.407927E-2	9.371305E-3
7.423716E-2	9.372518E-3
7.434040E-2	9.372118E-3
7.444393E-2	9.373783E-3
7.461297E-2	9.375010E-3
7.475321E-2	9.375642E-3
7.487690E-2	9.377050E-3
7.498492E-2	9.377966E-3
7.509708E-2	9.379025E-3
7.526742E-2	9.379709E-3
7.538627E-2	9.380290E-3
7.555515E-2	9.380032E-3
7.568418E-2	9.382859E-3
7.581622E-2	9.382640E-3
7.595661E-2	9.383014E-3
7.609718E-2	9.384292E-3
7.624851E-2	9.385209E-3
7.639443E-2	9.384834E-3
7.652055E-2	9.386358E-3
7.668868E-2	9.387094E-3
7.680853E-2	9.387610E-3
7.694141E-2	9.388850E-3
7.708932E-2	9.389585E-3
7.724313E-2	9.388617E-3
7.736716E-2	9.391987E-3
7.756235E-2	9.392374E-3
7.773635E-2	9.391638E-3
7.777857E-2	9.394582E-3
7.793496E-2	9.396492E-3
7.807863E-2	9.396260E-3
7.821978E-2	9.396918E-3
7.838122E-2	9.398067E-3
7.854724E-2	9.399345E-3
7.871668E-2	9.400933E-3
7.882666E-2	9.401372E-3
7.907633E-2	9.401217E-3
7.914068E-2	9.404974E-3
7.925841E-2	9.405271E-3
7.940021E-2	9.406485E-3
7.959989E-2	9.407711E-3
7.973453E-2	9.409532E-3
7.983068E-2	9.410409E-3
8.002470E-2	9.412139E-3
8.015794E-2	9.413327E-3
8.033809E-2	9.414515E-3
8.049704E-2	9.417484E-3
8.077393E-2	9.418181E-3
8.085803E-2	9.421228E-3
8.099805E-2	9.423965E-3
8.123839E-2	9.424856E-3
8.131936E-2	9.427464E-3
8.145821E-2	9.429465E-3
8.162629E-2	9.431518E-3
8.177948E-2	9.432938E-3
8.194485E-2	9.434551E-3
8.207233E-2	9.435558E-3
8.226549E-2	9.436759E-3
8.241357E-2	9.439264E-3
8.263722E-2	9.439703E-3
8.274065E-2	9.440619E-3
8.286874E-2	9.442117E-3
8.304613E-2	9.443640E-3
8.320293E-2	9.445138E-3
8.336611E-2	9.446235E-3
8.356353E-2	9.445861E-3
8.371738E-2	9.447784E-3
8.383275E-2	9.448430E-3
8.402937E-2	9.450276E-3
8.418177E-2	9.450186E-3
8.436980E-2	9.452174E-3
8.451836E-2	9.453710E-3
8.467620E-2	9.454511E-3
8.481925E-2	9.453917E-3
8.500977E-2	9.456938E-3
8.519005E-2	9.458009E-3
8.536079E-2	9.458732E-3
8.551945E-2	9.459068E-3
8.570172E-2	9.460449E-3
8.587182E-2	9.462463E-3
8.604313E-2	9.463677E-3
8.621645E-2	9.464516E-3
8.642132E-2	9.466762E-3
8.659786E-2	9.466685E-3
8.678201E-2	9.468415E-3
8.693508E-2	9.468492E-3
8.710385E-2	9.470274E-3
8.737695E-2	9.470700E-3
8.744268E-2	9.472559E-3
8.766325E-2	9.473618E-3
8.779328E-2	9.475477E-3
8.800288E-2	9.476858E-3
8.817112E-2	9.477620E-3
8.834940E-2	9.479079E-3
8.850307E-2	9.479685E-3
8.874268E-2	9.481428E-3
8.901539E-2	9.481648E-3
8.911004E-2	9.482590E-3
8.927531E-2	9.484643E-3
8.945110E-2	9.484888E-3
8.965018E-2	9.487276E-3
8.982963E-2	9.488451E-3
8.999487E-2	9.488916E-3
9.015765E-2	9.490168E-3
9.038002E-2	9.491963E-3
9.059937E-2	9.493176E-3
9.076930E-2	9.494377E-3
9.092258E-2	9.496740E-3
9.124007E-2	9.496365E-3
9.132897E-2	9.497682E-3
9.164941E-2	9.497734E-3
9.171337E-2	9.499515E-3
9.185161E-2	9.500651E-3
9.205908E-2	9.502381E-3
9.235971E-2	9.503543E-3
9.244098E-2	9.504641E-3
9.264865E-2	9.506422E-3
9.282807E-2	9.506461E-3
9.304669E-2	9.507920E-3
9.320014E-2	9.509650E-3
9.342576E-2	9.510463E-3
9.363820E-2	9.511806E-3
9.383980E-2	9.513910E-3
9.405443E-2	9.514620E-3
9.424661E-2	9.516144E-3
9.444861E-2	9.519165E-3
9.466586E-2	9.520391E-3
9.482016E-2	9.521088E-3
9.502005E-2	9.523670E-3
9.523667E-2	9.525077E-3
9.541376E-2	9.526820E-3
9.576004E-2	9.528460E-3
9.586642E-2	9.530590E-3
9.605255E-2	9.533301E-3
9.625134E-2	9.535832E-3
9.645726E-2	9.537691E-3
9.668377E-2	9.539989E-3
9.686713E-2	9.542919E-3
9.707000E-2	9.547167E-3
9.731872E-2	9.558024E-3
9.750221E-2	9.621710E-3
9.773105E-2	9.793234E-3
9.790800E-2	1.010621E-2
9.811377E-2	1.070863E-2
9.832149E-2	1.158296E-2
9.852122E-2	1.265532E-2
9.876438E-2	1.433499E-2
9.900358E-2	1.667629E-2
9.923111E-2	2.028548E-2
9.946395E-2	2.324300E-2
9.970392E-2	2.529202E-2
9.989396E-2	2.700766E-2
1.001226E-1	2.828123E-2
1.004641E-1	2.872501E-2
1.005702E-1	2.979110E-2
1.007838E-1	3.061544E-2
1.009909E-1	3.122626E-2
1.012056E-1	3.135771E-2
1.014290E-1	3.136292E-2
1.017774E-1	3.136171E-2
1.018764E-1	3.136376E-2
1.020839E-1	3.136938E-2
1.023470E-1	3.136225E-2
1.025801E-1	3.135922E-2
1.028030E-1	3.136704E-2
1.030201E-1	3.136690E-2
1.032712E-1	3.137264E-2
1.035053E-1	3.136956E-2
1.037301E-1	3.136210E-2
1.039588E-1	3.136849E-2
1.041759E-1	3.136984E-2
1.044082E-1	3.136712E-2
1.047603E-1	3.137372E-2
1.048681E-1	3.136836E-2
1.051174E-1	3.137243E-2
1.053490E-1	3.136594E-2
1.055938E-1	3.136717E-2
1.058407E-1	3.137164E-2
1.060421E-1	3.137261E-2
1.062944E-1	3.137208E-2
1.065089E-1	3.137326E-2
1.067632E-1	3.137054E-2
1.069697E-1	3.136795E-2
1.072158E-1	3.137280E-2
1.074877E-1	3.136937E-2
1.077249E-1	3.137279E-2
1.079409E-1	3.137041E-2
1.081974E-1	3.137043E-2
1.084272E-1	3.137020E-2
1.086929E-1	3.137338E-2
1.090838E-1	3.137161E-2
1.092152E-1	3.137511E-2
1.094352E-1	3.137160E-2
1.096971E-1	3.137404E-2
1.099019E-1	3.136850E-2
1.101702E-1	3.137323E-2
1.104252E-1	3.137299E-2
1.106874E-1	3.136766E-2
1.108982E-1	3.137468E-2
1.111619E-1	3.137401E-2
1.114296E-1	3.137237E-2
1.116912E-1	3.137485E-2
1.119403E-1	3.137718E-2
1.121884E-1	3.137286E-2
1.124709E-1	3.137082E-2
1.127559E-1	3.136917E-2
1.130362E-1	3.136944E-2
1.133001E-1	3.137472E-2
1.135361E-1	3.137292E-2
1.139516E-1	3.137253E-2
1.140717E-1	3.137492E-2
1.143135E-1	3.137600E-2
1.145899E-1	3.137594E-2
1.148196E-1	3.137432E-2
1.151058E-1	3.138548E-2
1.153781E-1	3.137669E-2
1.156486E-1	3.137417E-2
1.160559E-1	3.137680E-2
1.161986E-1	3.137605E-2
1.164547E-1	3.137768E-2
1.167471E-1	3.137727E-2
1.170122E-1	3.137802E-2
1.172814E-1	3.137838E-2
1.176975E-1	3.137826E-2
1.177977E-1	3.137969E-2
1.180732E-1	3.138132E-2
1.183598E-1	3.138145E-2
1.186504E-1	3.137621E-2
1.189758E-1	3.137861E-2
1.192398E-1	3.137756E-2
1.195299E-1	3.137941E-2
1.198101E-1	3.137913E-2
1.202263E-1	3.137896E-2
1.203657E-1	3.138151E-2
1.206612E-1	3.137764E-2
1.209555E-1	3.137673E-2
1.212820E-1	3.137838E-2
1.215734E-1	3.137773E-2
1.217910E-1	3.137944E-2
1.220618E-1	3.138430E-2
1.223733E-1	3.137909E-2
1.226613E-1	3.138390E-2
1.229290E-1	3.138015E-2
1.232447E-1	3.138332E-2
1.235470E-1	3.138317E-2
1.238190E-1	3.138035E-2
1.241326E-1	3.137636E-2
1.244186E-1	3.137804E-2
1.247060E-1	3.137776E-2
1.250022E-1	3.138043E-2
1.253163E-1	3.137953E-2
1.256163E-1	3.138142E-2
1.258886E-1	3.137998E-2
1.262229E-1	3.138207E-2
1.264847E-1	3.138312E-2
1.268302E-1	3.138459E-2
1.271237E-1	3.138379E-2
1.274305E-1	3.138015E-2
1.277145E-1	3.138385E-2
1.280148E-1	3.138309E-2
1.283139E-1	3.138717E-2
1.286314E-1	3.137942E-2
1.289512E-1	3.138429E-2
1.292614E-1	3.138374E-2
1.295566E-1	3.138827E-2
1.298979E-1	3.138403E-2
1.301693E-1	3.138810E-2
1.304623E-1	3.138989E-2
1.308057E-1	3.137988E-2
1.311095E-1	3.138220E-2
1.314478E-1	3.138585E-2
1.318649E-1	3.138220E-2
1.321874E-1	3.139071E-2
1.324934E-1	3.138818E-2
1.326879E-1	3.138077E-2
1.329990E-1	3.139054E-2
1.334863E-1	3.138757E-2
1.336540E-1	3.138575E-2
1.339987E-1	3.138313E-2
1.343429E-1	3.139339E-2
1.346551E-1	3.138736E-2
1.349859E-1	3.138566E-2
1.352937E-1	3.138646E-2
1.356515E-1	3.138517E-2
1.359430E-1	3.138583E-2
1.363058E-1	3.138589E-2
1.366481E-1	3.138871E-2
1.369837E-1	3.138904E-2
1.373362E-1	3.139241E-2
1.376627E-1	3.138907E-2
1.379465E-1	3.138614E-2
1.382950E-1	3.138860E-2
1.386494E-1	3.139413E-2
1.389782E-1	3.139084E-2
1.393288E-1	3.138512E-2
1.396824E-1	3.138797E-2
1.400131E-1	3.138828E-2
1.405153E-1	3.139534E-2
1.406848E-1	3.138625E-2
1.410465E-1	3.138939E-2
1.413829E-1	3.139612E-2
1.417378E-1	3.139844E-2
1.420684E-1	3.138863E-2
1.424099E-1	3.139295E-2
1.427926E-1	3.140119E-2
1.431347E-1	3.139076E-2
1.436569E-1	3.139131E-2
1.438204E-1	3.139572E-2
