-3.000000E+5	-3.000000E+5	2.639426E-1	4.371830E-3
-2.850000E+5	-3.000000E+5	2.858375E-1	4.821309E-3
-2.700000E+5	-3.000000E+5	3.026916E-1	6.026233E-3
-2.550000E+5	-3.000000E+5	3.194804E-1	4.235879E-3
-2.400000E+5	-3.000000E+5	3.330946E-1	4.374649E-3
-2.250000E+5	-3.000000E+5	3.429855E-1	5.297157E-3
-2.100000E+5	-3.000000E+5	3.457186E-1	5.558206E-3
-1.950000E+5	-3.000000E+5	3.520189E-1	3.955500E-3
-1.800000E+5	-3.000000E+5	3.584537E-1	4.254826E-3
-1.650000E+5	-3.000000E+5	3.724341E-1	4.321673E-3
-1.500000E+5	-3.000000E+5	3.681438E-1	4.729652E-3
-1.350000E+5	-3.000000E+5	3.719507E-1	4.367451E-3
-1.200000E+5	-3.000000E+5	3.784641E-1	4.480835E-3
-1.050000E+5	-3.000000E+5	3.807596E-1	4.356513E-3
-9.000000E+4	-3.000000E+5	3.843258E-1	4.836374E-3
-7.500000E+4	-3.000000E+5	3.833550E-1	4.413112E-3
-6.000000E+4	-3.000000E+5	3.839506E-1	5.668749E-3
-4.500000E+4	-3.000000E+5	3.882398E-1	4.288042E-3
-3.000000E+4	-3.000000E+5	3.856230E-1	4.408062E-3
-1.500000E+4	-3.000000E+5	3.845675E-1	4.505096E-3
0.000000E+0	-3.000000E+5	3.910014E-1	4.195726E-3
1.500000E+4	-3.000000E+5	3.899806E-1	4.267896E-3
3.000000E+4	-3.000000E+5	3.935906E-1	8.253647E-3
4.500000E+4	-3.000000E+5	4.009097E-1	5.484040E-3
6.000000E+4	-3.000000E+5	4.054294E-1	5.065290E-3
7.500000E+4	-3.000000E+5	4.091679E-1	5.035493E-3
9.000000E+4	-3.000000E+5	3.969784E-1	4.074890E-3
1.050000E+5	-3.000000E+5	3.962717E-1	3.880764E-3
1.200000E+5	-3.000000E+5	3.933112E-1	4.021598E-3
1.350000E+5	-3.000000E+5	3.733468E-1	4.973082E-3
1.500000E+5	-3.000000E+5	3.582865E-1	5.986317E-3
1.650000E+5	-3.000000E+5	3.519271E-1	3.986384E-3
1.800000E+5	-3.000000E+5	3.306226E-1	4.867074E-3
1.950000E+5	-3.000000E+5	3.211080E-1	3.919522E-3
2.100000E+5	-3.000000E+5	3.080975E-1	4.713099E-3
2.250000E+5	-3.000000E+5	2.757660E-1	4.573126E-3
2.400000E+5	-3.000000E+5	2.633327E-1	4.744617E-3
2.550000E+5	-3.000000E+5	2.496900E-1	5.555298E-3
2.700000E+5	-3.000000E+5	2.341045E-1	4.253771E-3
2.850000E+5	-3.000000E+5	2.138586E-1	5.106743E-3
3.000000E+5	-3.000000E+5	2.026664E-1	4.615900E-3
-3.000000E+5	-2.850000E+5	2.781238E-1	4.119005E-3
-2.850000E+5	-2.850000E+5	2.951155E-1	5.337871E-3
-2.700000E+5	-2.850000E+5	3.221206E-1	3.966905E-3
-2.550000E+5	-2.850000E+5	3.308602E-1	5.388747E-3
-2.400000E+5	-2.850000E+5	3.420025E-1	4.844974E-3
-2.250000E+5	-2.850000E+5	3.545326E-1	4.355061E-3
-2.100000E+5	-2.850000E+5	3.556126E-1	5.934960E-3
-1.950000E+5	-2.850000E+5	3.735630E-1	4.319446E-3
-1.800000E+5	-2.850000E+5	3.818273E-1	4.474542E-3
-1.650000E+5	-2.850000E+5	3.851661E-1	4.517662E-3
-1.500000E+5	-2.850000E+5	3.893493E-1	4.835897E-3
-1.350000E+5	-2.850000E+5	3.876697E-1	5.024933E-3
-1.200000E+5	-2.850000E+5	3.944350E-1	4.460785E-3
-1.050000E+5	-2.850000E+5	3.966225E-1	6.692308E-3
-9.000000E+4	-2.850000E+5	4.040435E-1	5.111645E-3
-7.500000E+4	-2.850000E+5	4.082134E-1	5.640558E-3
-6.000000E+4	-2.850000E+5	4.100399E-1	4.665651E-3
-4.500000E+4	-2.850000E+5	4.094759E-1	4.553331E-3
-3.000000E+4	-2.850000E+5	4.112983E-1	4.345175E-3
-1.500000E+4	-2.850000E+5	4.162800E-1	5.297028E-3
0.000000E+0	-2.850000E+5	4.221805E-1	4.483151E-3
1.500000E+4	-2.850000E+5	4.109016E-1	4.593831E-3
3.000000E+4	-2.850000E+5	4.261067E-1	4.735894E-3
4.500000E+4	-2.850000E+5	4.302317E-1	4.537776E-3
6.000000E+4	-2.850000E+5	4.371714E-1	4.042138E-3
7.500000E+4	-2.850000E+5	4.272856E-1	5.596308E-3
9.000000E+4	-2.850000E+5	4.259190E-1	4.521312E-3
1.050000E+5	-2.850000E+5	4.263127E-1	4.444588E-3
1.200000E+5	-2.850000E+5	4.231360E-1	4.570034E-3
1.350000E+5	-2.850000E+5	4.053274E-1	6.881097E-3
1.500000E+5	-2.850000E+5	3.925086E-1	4.334144E-3
1.650000E+5	-2.850000E+5	3.772464E-1	5.132843E-3
1.800000E+5	-2.850000E+5	3.599620E-1	4.882895E-3
1.950000E+5	-2.850000E+5	3.361570E-1	5.729065E-3
2.100000E+5	-2.850000E+5	3.209988E-1	4.219159E-3
2.250000E+5	-2.850000E+5	3.093743E-1	4.283664E-3
2.400000E+5	-2.850000E+5	2.751807E-1	4.643174E-3
2.550000E+5	-2.850000E+5	2.636631E-1	4.928793E-3
2.700000E+5	-2.850000E+5	2.579645E-1	4.302989E-3
2.850000E+5	-2.850000E+5	2.347357E-1	3.914722E-3
3.000000E+5	-2.850000E+5	2.170903E-1	4.607309E-3
-3.000000E+5	-2.700000E+5	2.910527E-1	4.729255E-3
-2.850000E+5	-2.700000E+5	3.177365E-1	4.144922E-3
-2.700000E+5	-2.700000E+5	3.268779E-1	4.913923E-3
-2.550000E+5	-2.700000E+5	3.402698E-1	4.538217E-3
-2.400000E+5	-2.700000E+5	3.660185E-1	4.376418E-3
-2.250000E+5	-2.700000E+5	3.759819E-1	3.866827E-3
-2.100000E+5	-2.700000E+5	3.869110E-1	4.343758E-3
-1.950000E+5	-2.700000E+5	4.021661E-1	5.177668E-3
-1.800000E+5	-2.700000E+5	3.965725E-1	3.890482E-3
-1.650000E+5	-2.700000E+5	4.223355E-1	5.353629E-3
-1.500000E+5	-2.700000E+5	4.162127E-1	5.844925E-3
-1.350000E+5	-2.700000E+5	4.127362E-1	4.468061E-3
-1.200000E+5	-2.700000E+5	4.253051E-1	8.487807E-3
-1.050000E+5	-2.700000E+5	4.304347E-1	5.006156E-3
-9.000000E+4	-2.700000E+5	4.409630E-1	4.002162E-3
-7.500000E+4	-2.700000E+5	4.466483E-1	4.698968E-3
-6.000000E+4	-2.700000E+5	4.507805E-1	4.472642E-3
-4.500000E+4	-2.700000E+5	4.514526E-1	5.809222E-3
-3.000000E+4	-2.700000E+5	4.520369E-1	4.618932E-3
-1.500000E+4	-2.700000E+5	4.512914E-1	5.082050E-3
0.000000E+0	-2.700000E+5	4.509580E-1	4.202799E-3
1.500000E+4	-2.700000E+5	4.489296E-1	5.565571E-3
3.000000E+4	-2.700000E+5	4.520726E-1	4.383817E-3
4.500000E+4	-2.700000E+5	4.505868E-1	4.830964E-3
6.000000E+4	-2.700000E+5	4.490601E-1	4.790967E-3
7.500000E+4	-2.700000E+5	4.496934E-1	5.612130E-3
9.000000E+4	-2.700000E+5	4.517095E-1	5.206934E-3
1.050000E+5	-2.700000E+5	4.531770E-1	4.225540E-3
1.200000E+5	-2.700000E+5	4.525029E-1	4.699641E-3
1.350000E+5	-2.700000E+5	4.394955E-1	4.581273E-3
1.500000E+5	-2.700000E+5	4.342273E-1	3.881869E-3
1.650000E+5	-2.700000E+5	4.105926E-1	4.707341E-3
1.800000E+5	-2.700000E+5	3.862114E-1	4.414088E-3
1.950000E+5	-2.700000E+5	3.723555E-1	4.362925E-3
2.100000E+5	-2.700000E+5	3.478561E-1	5.082347E-3
2.250000E+5	-2.700000E+5	3.271217E-1	4.201950E-3
2.400000E+5	-2.700000E+5	3.062639E-1	4.618889E-3
2.550000E+5	-2.700000E+5	2.847636E-1	5.148942E-3
2.700000E+5	-2.700000E+5	2.643515E-1	4.342853E-3
2.850000E+5	-2.700000E+5	2.396114E-1	5.743424E-3
3.000000E+5	-2.700000E+5	2.349897E-1	4.614251E-3
-3.000000E+5	-2.550000E+5	3.097771E-1	4.297736E-3
-2.850000E+5	-2.550000E+5	3.263018E-1	4.516473E-3
-2.700000E+5	-2.550000E+5	3.408470E-1	4.365902E-3
-2.550000E+5	-2.550000E+5	3.710665E-1	4.145433E-3
-2.400000E+5	-2.550000E+5	3.779501E-1	3.930950E-3
-2.250000E+5	-2.550000E+5	3.912951E-1	4.254519E-3
-2.100000E+5	-2.550000E+5	4.083633E-1	4.343720E-3
-1.950000E+5	-2.550000E+5	4.106558E-1	1.177002E-2
-1.800000E+5	-2.550000E+5	4.381382E-1	4.636422E-3
-1.650000E+5	-2.550000E+5	4.400523E-1	4.047517E-3
-1.500000E+5	-2.550000E+5	4.430291E-1	4.202139E-3
-1.350000E+5	-2.550000E+5	4.470328E-1	4.310791E-3
-1.200000E+5	-2.550000E+5	4.512251E-1	6.052692E-3
-1.050000E+5	-2.550000E+5	4.640511E-1	6.530619E-3
-9.000000E+4	-2.550000E+5	4.819606E-1	4.856450E-3
-7.500000E+4	-2.550000E+5	4.920504E-1	4.775126E-3
-6.000000E+4	-2.550000E+5	4.992359E-1	4.419361E-3
-4.500000E+4	-2.550000E+5	5.049692E-1	4.095000E-3
-3.000000E+4	-2.550000E+5	5.066498E-1	4.630109E-3
-1.500000E+4	-2.550000E+5	5.058115E-1	4.458239E-3
0.000000E+0	-2.550000E+5	4.971168E-1	4.562881E-3
1.500000E+4	-2.550000E+5	4.920963E-1	4.450956E-3
3.000000E+4	-2.550000E+5	4.889023E-1	4.424308E-3
4.500000E+4	-2.550000E+5	4.906747E-1	4.491018E-3
6.000000E+4	-2.550000E+5	4.845407E-1	4.459930E-3
7.500000E+4	-2.550000E+5	4.746263E-1	4.384730E-3
9.000000E+4	-2.550000E+5	4.802219E-1	4.579169E-3
1.050000E+5	-2.550000E+5	4.764782E-1	4.385369E-3
1.200000E+5	-2.550000E+5	4.664129E-1	5.788551E-3
1.350000E+5	-2.550000E+5	4.595803E-1	4.072310E-3
1.500000E+5	-2.550000E+5	4.522307E-1	4.287822E-3
1.650000E+5	-2.550000E+5	4.373407E-1	4.095944E-3
1.800000E+5	-2.550000E+5	4.118612E-1	4.406147E-3
1.950000E+5	-2.550000E+5	3.835640E-1	4.624404E-3
2.100000E+5	-2.550000E+5	3.745134E-1	4.194930E-3
2.250000E+5	-2.550000E+5	3.469790E-1	6.211031E-3
2.400000E+5	-2.550000E+5	3.260417E-1	4.345129E-3
2.550000E+5	-2.550000E+5	3.071277E-1	5.414843E-3
2.700000E+5	-2.550000E+5	2.758568E-1	3.974193E-3
2.850000E+5	-2.550000E+5	2.569611E-1	4.156965E-3
3.000000E+5	-2.550000E+5	2.458525E-1	5.023479E-3
-3.000000E+5	-2.400000E+5	3.216760E-1	4.104916E-3
-2.850000E+5	-2.400000E+5	3.387585E-1	4.435222E-3
-2.700000E+5	-2.400000E+5	3.632957E-1	5.303413E-3
-2.550000E+5	-2.400000E+5	3.781612E-1	4.162662E-3
-2.400000E+5	-2.400000E+5	3.972833E-1	5.024667E-3
-2.250000E+5	-2.400000E+5	4.206610E-1	4.460275E-3
-2.100000E+5	-2.400000E+5	4.355326E-1	4.106554E-3
-1.950000E+5	-2.400000E+5	4.443538E-1	6.637465E-3
-1.800000E+5	-2.400000E+5	4.519043E-1	4.654065E-3
-1.650000E+5	-2.400000E+5	4.720248E-1	5.007800E-3
-1.500000E+5	-2.400000E+5	4.639990E-1	4.768468E-3
-1.350000E+5	-2.400000E+5	4.910939E-1	4.714021E-3
-1.200000E+5	-2.400000E+5	4.974135E-1	4.978422E-3
-1.050000E+5	-2.400000E+5	5.160971E-1	4.319129E-3
-9.000000E+4	-2.400000E+5	5.516103E-1	4.312478E-3
-7.500000E+4	-2.400000E+5	5.630412E-1	5.464164E-3
-6.000000E+4	-2.400000E+5	5.709068E-1	4.386502E-3
-4.500000E+4	-2.400000E+5	5.749615E-1	5.153474E-3
-3.000000E+4	-2.400000E+5	5.712444E-1	4.443796E-3
-1.500000E+4	-2.400000E+5	5.656712E-1	4.728050E-3
0.000000E+0	-2.400000E+5	5.541690E-1	4.423485E-3
1.500000E+4	-2.400000E+5	5.493913E-1	4.750302E-3
3.000000E+4	-2.400000E+5	5.315133E-1	4.279637E-3
4.500000E+4	-2.400000E+5	5.265377E-1	4.301528E-3
6.000000E+4	-2.400000E+5	5.108003E-1	4.203168E-3
7.500000E+4	-2.400000E+5	5.041605E-1	4.488818E-3
9.000000E+4	-2.400000E+5	5.013632E-1	4.200098E-3
1.050000E+5	-2.400000E+5	5.016701E-1	4.346905E-3
1.200000E+5	-2.400000E+5	4.883823E-1	4.402501E-3
1.350000E+5	-2.400000E+5	4.795162E-1	5.685500E-3
1.500000E+5	-2.400000E+5	4.725928E-1	4.474720E-3
1.650000E+5	-2.400000E+5	4.562180E-1	5.077843E-3
1.800000E+5	-2.400000E+5	4.429138E-1	3.899495E-3
1.950000E+5	-2.400000E+5	4.220510E-1	7.306505E-3
2.100000E+5	-2.400000E+5	3.872394E-1	4.388943E-3
2.250000E+5	-2.400000E+5	3.716070E-1	4.166561E-3
2.400000E+5	-2.400000E+5	3.467945E-1	5.128140E-3
2.550000E+5	-2.400000E+5	3.239705E-1	4.179513E-3
2.700000E+5	-2.400000E+5	2.938795E-1	4.139552E-3
2.850000E+5	-2.400000E+5	2.754927E-1	4.175719E-3
3.000000E+5	-2.400000E+5	2.574404E-1	4.261022E-3
-3.000000E+5	-2.250000E+5	3.281272E-1	4.910013E-3
-2.850000E+5	-2.250000E+5	3.521769E-1	4.155548E-3
-2.700000E+5	-2.250000E+5	3.747694E-1	4.139220E-3
-2.550000E+5	-2.250000E+5	3.905741E-1	4.431000E-3
-2.400000E+5	-2.250000E+5	4.296290E-1	4.328523E-3
-2.250000E+5	-2.250000E+5	4.443365E-1	4.061053E-3
-2.100000E+5	-2.250000E+5	4.520165E-1	4.691650E-3
-1.950000E+5	-2.250000E+5	4.617983E-1	4.613708E-3
-1.800000E+5	-2.250000E+5	4.834709E-1	7.246167E-3
-1.650000E+5	-2.250000E+5	4.984129E-1	4.181743E-3
-1.500000E+5	-2.250000E+5	5.120404E-1	4.259435E-3
-1.350000E+5	-2.250000E+5	5.383204E-1	7.181832E-3
-1.200000E+5	-2.250000E+5	5.659506E-1	4.198002E-3
-1.050000E+5	-2.250000E+5	5.938929E-1	6.158984E-3
-9.000000E+4	-2.250000E+5	6.178019E-1	4.418968E-3
-7.500000E+4	-2.250000E+5	6.307186E-1	4.473998E-3
-6.000000E+4	-2.250000E+5	6.434231E-1	5.119189E-3
-4.500000E+4	-2.250000E+5	6.459553E-1	4.700509E-3
-3.000000E+4	-2.250000E+5	6.405697E-1	5.678104E-3
-1.500000E+4	-2.250000E+5	6.272197E-1	4.250520E-3
0.000000E+0	-2.250000E+5	6.139420E-1	4.430773E-3
1.500000E+4	-2.250000E+5	6.008734E-1	3.981326E-3
3.000000E+4	-2.250000E+5	5.781647E-1	4.156457E-3
4.500000E+4	-2.250000E+5	5.623722E-1	4.350957E-3
6.000000E+4	-2.250000E+5	5.519356E-1	4.425886E-3
7.500000E+4	-2.250000E+5	5.305047E-1	5.029796E-3
9.000000E+4	-2.250000E+5	5.210268E-1	4.123036E-3
1.050000E+5	-2.250000E+5	5.124973E-1	4.271213E-3
1.200000E+5	-2.250000E+5	5.081397E-1	4.810958E-3
1.350000E+5	-2.250000E+5	5.011878E-1	4.061233E-3
1.500000E+5	-2.250000E+5	4.927572E-1	4.536163E-3
1.650000E+5	-2.250000E+5	4.859337E-1	4.858117E-3
1.800000E+5	-2.250000E+5	4.592856E-1	4.169317E-3
1.950000E+5	-2.250000E+5	4.395751E-1	4.262877E-3
2.100000E+5	-2.250000E+5	4.239631E-1	5.138779E-3
2.250000E+5	-2.250000E+5	3.907658E-1	4.049241E-3
2.400000E+5	-2.250000E+5	3.646143E-1	4.407018E-3
2.550000E+5	-2.250000E+5	3.390767E-1	4.572719E-3
2.700000E+5	-2.250000E+5	3.169717E-1	3.949884E-3
2.850000E+5	-2.250000E+5	2.969654E-1	5.224878E-3
3.000000E+5	-2.250000E+5	2.700980E-1	4.473639E-3
-3.000000E+5	-2.100000E+5	3.368015E-1	4.115964E-3
-2.850000E+5	-2.100000E+5	3.739107E-1	4.259632E-3
-2.700000E+5	-2.100000E+5	3.876279E-1	4.790446E-3
-2.550000E+5	-2.100000E+5	4.117297E-1	4.376701E-3
-2.400000E+5	-2.100000E+5	4.423652E-1	3.947275E-3
-2.250000E+5	-2.100000E+5	4.542325E-1	4.558733E-3
-2.100000E+5	-2.100000E+5	4.792551E-1	5.474786E-3
-1.950000E+5	-2.100000E+5	5.019485E-1	4.240910E-3
-1.800000E+5	-2.100000E+5	5.118374E-1	5.175966E-3
-1.650000E+5	-2.100000E+5	5.438232E-1	4.559528E-3
-1.500000E+5	-2.100000E+5	5.711699E-1	4.654898E-3
-1.350000E+5	-2.100000E+5	6.126713E-1	5.464667E-3
-1.200000E+5	-2.100000E+5	6.442063E-1	4.119084E-3
-1.050000E+5	-2.100000E+5	6.796074E-1	4.381486E-3
-9.000000E+4	-2.100000E+5	6.996707E-1	4.322984E-3
-7.500000E+4	-2.100000E+5	7.099645E-1	5.382175E-3
-6.000000E+4	-2.100000E+5	7.197341E-1	4.464231E-3
-4.500000E+4	-2.100000E+5	7.227466E-1	4.663943E-3
-3.000000E+4	-2.100000E+5	7.076465E-1	4.345190E-3
-1.500000E+4	-2.100000E+5	6.972895E-1	5.884133E-3
0.000000E+0	-2.100000E+5	6.816082E-1	4.783342E-3
1.500000E+4	-2.100000E+5	6.573841E-1	5.637422E-3
3.000000E+4	-2.100000E+5	6.310643E-1	4.444025E-3
4.500000E+4	-2.100000E+5	6.054502E-1	4.374923E-3
6.000000E+4	-2.100000E+5	5.857672E-1	4.807627E-3
7.500000E+4	-2.100000E+5	5.684868E-1	4.395417E-3
9.000000E+4	-2.100000E+5	5.599930E-1	4.312092E-3
1.050000E+5	-2.100000E+5	5.478871E-1	5.110396E-3
1.200000E+5	-2.100000E+5	5.311604E-1	4.519906E-3
1.350000E+5	-2.100000E+5	5.193400E-1	6.033312E-3
1.500000E+5	-2.100000E+5	5.100885E-1	4.561016E-3
1.650000E+5	-2.100000E+5	5.005912E-1	3.963471E-3
1.800000E+5	-2.100000E+5	4.936464E-1	4.420954E-3
1.950000E+5	-2.100000E+5	4.679242E-1	4.967723E-3
2.100000E+5	-2.100000E+5	4.404429E-1	4.149045E-3
2.250000E+5	-2.100000E+5	4.185969E-1	4.682958E-3
2.400000E+5	-2.100000E+5	3.809330E-1	4.335291E-3
2.550000E+5	-2.100000E+5	3.565722E-1	5.380630E-3
2.700000E+5	-2.100000E+5	3.327254E-1	4.552086E-3
2.850000E+5	-2.100000E+5	3.119615E-1	4.004606E-3
3.000000E+5	-2.100000E+5	2.837153E-1	5.327236E-3
-3.000000E+5	-1.950000E+5	3.539208E-1	4.346739E-3
-2.850000E+5	-1.950000E+5	3.693869E-1	5.150151E-3
-2.700000E+5	-1.950000E+5	4.025913E-1	5.225200E-3
-2.550000E+5	-1.950000E+5	4.362985E-1	4.882108E-3
-2.400000E+5	-1.950000E+5	4.539888E-1	4.718332E-3
-2.250000E+5	-1.950000E+5	4.798925E-1	4.626275E-3
-2.100000E+5	-1.950000E+5	5.062429E-1	5.117503E-3
-1.950000E+5	-1.950000E+5	5.279624E-1	4.762379E-3
-1.800000E+5	-1.950000E+5	5.550185E-1	6.609515E-3
-1.650000E+5	-1.950000E+5	5.901870E-1	4.491381E-3
-1.500000E+5	-1.950000E+5	6.296692E-1	4.667587E-3
-1.350000E+5	-1.950000E+5	6.758617E-1	5.262055E-3
-1.200000E+5	-1.950000E+5	7.192191E-1	5.039508E-3
-1.050000E+5	-1.950000E+5	7.442621E-1	4.068200E-3
-9.000000E+4	-1.950000E+5	7.676398E-1	4.347211E-3
-7.500000E+4	-1.950000E+5	7.928898E-1	4.340716E-3
-6.000000E+4	-1.950000E+5	7.942104E-1	4.344333E-3
-4.500000E+4	-1.950000E+5	7.920648E-1	5.491858E-3
-3.000000E+4	-1.950000E+5	7.873942E-1	4.505734E-3
-1.500000E+4	-1.950000E+5	7.612773E-1	4.505337E-3
0.000000E+0	-1.950000E+5	7.441142E-1	4.299679E-3
1.500000E+4	-1.950000E+5	7.251716E-1	4.166634E-3
3.000000E+4	-1.950000E+5	6.905018E-1	4.434858E-3
4.500000E+4	-1.950000E+5	6.573392E-1	4.577860E-3
6.000000E+4	-1.950000E+5	6.248140E-1	4.775158E-3
7.500000E+4	-1.950000E+5	6.106817E-1	4.664914E-3
9.000000E+4	-1.950000E+5	5.932688E-1	5.963394E-3
1.050000E+5	-1.950000E+5	5.699890E-1	4.521468E-3
1.200000E+5	-1.950000E+5	5.522191E-1	4.156944E-3
1.350000E+5	-1.950000E+5	5.509526E-1	4.584591E-3
1.500000E+5	-1.950000E+5	5.302569E-1	4.441989E-3
1.650000E+5	-1.950000E+5	5.086741E-1	5.273595E-3
1.800000E+5	-1.950000E+5	5.079653E-1	4.404618E-3
1.950000E+5	-1.950000E+5	4.922136E-1	4.620015E-3
2.100000E+5	-1.950000E+5	4.684912E-1	5.866610E-3
2.250000E+5	-1.950000E+5	4.427405E-1	3.948785E-3
2.400000E+5	-1.950000E+5	3.991261E-1	4.769729E-3
2.550000E+5	-1.950000E+5	3.790188E-1	4.300787E-3
2.700000E+5	-1.950000E+5	3.532232E-1	3.949823E-3
2.850000E+5	-1.950000E+5	3.234096E-1	4.314588E-3
3.000000E+5	-1.950000E+5	3.107958E-1	4.946112E-3
-3.000000E+5	-1.800000E+5	3.526807E-1	3.933787E-3
-2.850000E+5	-1.800000E+5	3.849448E-1	4.567312E-3
-2.700000E+5	-1.800000E+5	4.242700E-1	6.698932E-3
-2.550000E+5	-1.800000E+5	4.491519E-1	5.043757E-3
-2.400000E+5	-1.800000E+5	4.756206E-1	4.482365E-3
-2.250000E+5	-1.800000E+5	5.068507E-1	4.949739E-3
-2.100000E+5	-1.800000E+5	5.387416E-1	6.358344E-3
-1.950000E+5	-1.800000E+5	5.672254E-1	4.156909E-3
-1.800000E+5	-1.800000E+5	6.044712E-1	4.456351E-3
-1.650000E+5	-1.800000E+5	6.400211E-1	6.686603E-3
-1.500000E+5	-1.800000E+5	6.961739E-1	4.408773E-3
-1.350000E+5	-1.800000E+5	7.462782E-1	4.138626E-3
-1.200000E+5	-1.800000E+5	7.891961E-1	4.351101E-3
-1.050000E+5	-1.800000E+5	8.108606E-1	4.550002E-3
-9.000000E+4	-1.800000E+5	8.301724E-1	4.501068E-3
-7.500000E+4	-1.800000E+5	8.539508E-1	4.611368E-3
-6.000000E+4	-1.800000E+5	8.621714E-1	4.474427E-3
-4.500000E+4	-1.800000E+5	8.696740E-1	4.692133E-3
-3.000000E+4	-1.800000E+5	8.568623E-1	4.559318E-3
-1.500000E+4	-1.800000E+5	8.525884E-1	4.571624E-3
0.000000E+0	-1.800000E+5	8.246278E-1	4.610987E-3
1.500000E+4	-1.800000E+5	7.817231E-1	4.404635E-3
3.000000E+4	-1.800000E+5	7.501973E-1	4.373414E-3
4.500000E+4	-1.800000E+5	7.111627E-1	4.666017E-3
6.000000E+4	-1.800000E+5	6.823751E-1	3.914113E-3
7.500000E+4	-1.800000E+5	6.469455E-1	4.190877E-3
9.000000E+4	-1.800000E+5	6.202922E-1	3.933171E-3
1.050000E+5	-1.800000E+5	6.071624E-1	4.255854E-3
1.200000E+5	-1.800000E+5	5.821010E-1	4.993015E-3
1.350000E+5	-1.800000E+5	5.643332E-1	5.204880E-3
1.500000E+5	-1.800000E+5	5.534153E-1	4.225695E-3
1.650000E+5	-1.800000E+5	5.416102E-1	4.405314E-3
1.800000E+5	-1.800000E+5	5.225075E-1	5.014129E-3
1.950000E+5	-1.800000E+5	5.110440E-1	4.635509E-3
2.100000E+5	-1.800000E+5	4.955198E-1	4.173469E-3
2.250000E+5	-1.800000E+5	4.656664E-1	5.462846E-3
2.400000E+5	-1.800000E+5	4.362944E-1	4.038641E-3
2.550000E+5	-1.800000E+5	4.113829E-1	4.337556E-3
2.700000E+5	-1.800000E+5	3.835416E-1	4.533744E-3
2.850000E+5	-1.800000E+5	3.497019E-1	4.368685E-3
3.000000E+5	-1.800000E+5	3.309133E-1	4.741643E-3
-3.000000E+5	-1.650000E+5	3.699060E-1	4.871564E-3
-2.850000E+5	-1.650000E+5	3.991373E-1	4.362496E-3
-2.700000E+5	-1.650000E+5	4.324671E-1	4.443797E-3
-2.550000E+5	-1.650000E+5	4.546680E-1	4.583200E-3
-2.400000E+5	-1.650000E+5	4.858236E-1	5.929258E-3
-2.250000E+5	-1.650000E+5	5.293309E-1	4.325224E-3
-2.100000E+5	-1.650000E+5	5.624436E-1	4.505594E-3
-1.950000E+5	-1.650000E+5	6.098363E-1	5.297656E-3
-1.800000E+5	-1.650000E+5	6.460950E-1	5.076060E-3
-1.650000E+5	-1.650000E+5	6.908465E-1	4.545822E-3
-1.500000E+5	-1.650000E+5	7.454971E-1	4.108813E-3
-1.350000E+5	-1.650000E+5	7.969414E-1	4.401285E-3
-1.200000E+5	-1.650000E+5	8.411004E-1	4.203520E-3
-1.050000E+5	-1.650000E+5	8.679872E-1	5.794432E-3
-9.000000E+4	-1.650000E+5	8.985952E-1	7.660963E-3
-7.500000E+4	-1.650000E+5	9.202321E-1	4.182518E-3
-6.000000E+4	-1.650000E+5	9.337332E-1	4.444300E-3
-4.500000E+4	-1.650000E+5	9.469894E-1	5.003853E-3
-3.000000E+4	-1.650000E+5	9.519742E-1	5.420981E-3
-1.500000E+4	-1.650000E+5	9.264508E-1	4.089809E-3
0.000000E+0	-1.650000E+5	9.132252E-1	4.055470E-3
1.500000E+4	-1.650000E+5	8.660506E-1	4.088108E-3
3.000000E+4	-1.650000E+5	8.174719E-1	5.712290E-3
4.500000E+4	-1.650000E+5	7.721972E-1	4.891650E-3
6.000000E+4	-1.650000E+5	7.356235E-1	4.380559E-3
7.500000E+4	-1.650000E+5	6.868815E-1	4.223201E-3
9.000000E+4	-1.650000E+5	6.574952E-1	5.548611E-3
1.050000E+5	-1.650000E+5	6.259653E-1	4.816456E-3
1.200000E+5	-1.650000E+5	6.111896E-1	4.944239E-3
1.350000E+5	-1.650000E+5	5.856000E-1	5.026193E-3
1.500000E+5	-1.650000E+5	5.612045E-1	3.852327E-3
1.650000E+5	-1.650000E+5	5.523680E-1	4.478993E-3
1.800000E+5	-1.650000E+5	5.316143E-1	4.474109E-3
1.950000E+5	-1.650000E+5	5.079480E-1	4.423134E-3
2.100000E+5	-1.650000E+5	4.974818E-1	4.078375E-3
2.250000E+5	-1.650000E+5	4.793112E-1	4.987692E-3
2.400000E+5	-1.650000E+5	4.442416E-1	4.622716E-3
2.550000E+5	-1.650000E+5	4.160536E-1	4.409086E-3
2.700000E+5	-1.650000E+5	3.933071E-1	4.106149E-3
2.850000E+5	-1.650000E+5	3.708891E-1	4.476946E-3
3.000000E+5	-1.650000E+5	3.396325E-1	4.370859E-3
-3.000000E+5	-1.500000E+5	3.725258E-1	4.643096E-3
-2.850000E+5	-1.500000E+5	3.975372E-1	5.272897E-3
-2.700000E+5	-1.500000E+5	4.350105E-1	3.973694E-3
-2.550000E+5	-1.500000E+5	4.674102E-1	4.817256E-3
-2.400000E+5	-1.500000E+5	5.061215E-1	4.330811E-3
-2.250000E+5	-1.500000E+5	5.489517E-1	5.416515E-3
-2.100000E+5	-1.500000E+5	5.796413E-1	6.482426E-3
-1.950000E+5	-1.500000E+5	6.288228E-1	4.844109E-3
-1.800000E+5	-1.500000E+5	6.768396E-1	4.407531E-3
-1.650000E+5	-1.500000E+5	7.268675E-1	4.434422E-3
-1.500000E+5	-1.500000E+5	7.893155E-1	4.530171E-3
-1.350000E+5	-1.500000E+5	8.365002E-1	5.000230E-3
-1.200000E+5	-1.500000E+5	8.825315E-1	5.157542E-3
-1.050000E+5	-1.500000E+5	9.200159E-1	4.275094E-3
-9.000000E+4	-1.500000E+5	9.683591E-1	4.869882E-3
-7.500000E+4	-1.500000E+5	9.889344E-1	5.174560E-3
-6.000000E+4	-1.500000E+5	1.034232E+0	4.352344E-3
-4.500000E+4	-1.500000E+5	1.045298E+0	5.968270E-3
-3.000000E+4	-1.500000E+5	1.079567E+0	5.241719E-3
-1.500000E+4	-1.500000E+5	1.054519E+0	4.284448E-3
0.000000E+0	-1.500000E+5	1.029136E+0	3.978463E-3
1.500000E+4	-1.500000E+5	9.806792E-1	5.573424E-3
3.000000E+4	-1.500000E+5	9.223135E-1	4.488510E-3
4.500000E+4	-1.500000E+5	8.644108E-1	4.448614E-3
6.000000E+4	-1.500000E+5	8.072964E-1	4.124255E-3
7.500000E+4	-1.500000E+5	7.516892E-1	4.996874E-3
9.000000E+4	-1.500000E+5	7.062810E-1	4.256290E-3
1.050000E+5	-1.500000E+5	6.669691E-1	5.018259E-3
1.200000E+5	-1.500000E+5	6.271901E-1	4.540930E-3
1.350000E+5	-1.500000E+5	6.093448E-1	4.644419E-3
1.500000E+5	-1.500000E+5	5.897189E-1	4.532740E-3
1.650000E+5	-1.500000E+5	5.719766E-1	4.623205E-3
1.800000E+5	-1.500000E+5	5.536203E-1	4.157684E-3
1.950000E+5	-1.500000E+5	5.270874E-1	1.021664E-2
2.100000E+5	-1.500000E+5	5.173984E-1	4.619969E-3
2.250000E+5	-1.500000E+5	4.969087E-1	4.510925E-3
2.400000E+5	-1.500000E+5	4.658632E-1	5.928800E-3
2.550000E+5	-1.500000E+5	4.412924E-1	3.983740E-3
2.700000E+5	-1.500000E+5	4.104304E-1	4.528534E-3
2.850000E+5	-1.500000E+5	3.917764E-1	4.351152E-3
3.000000E+5	-1.500000E+5	3.583650E-1	6.627614E-3
-3.000000E+5	-1.350000E+5	3.774066E-1	4.063527E-3
-2.850000E+5	-1.350000E+5	4.138733E-1	4.864440E-3
-2.700000E+5	-1.350000E+5	4.454113E-1	4.738187E-3
-2.550000E+5	-1.350000E+5	4.750923E-1	4.972029E-3
-2.400000E+5	-1.350000E+5	5.233295E-1	6.371380E-3
-2.250000E+5	-1.350000E+5	5.614737E-1	4.630756E-3
-2.100000E+5	-1.350000E+5	6.009458E-1	4.337267E-3
-1.950000E+5	-1.350000E+5	6.543512E-1	5.605264E-3
-1.800000E+5	-1.350000E+5	7.071244E-1	4.411737E-3
-1.650000E+5	-1.350000E+5	7.534096E-1	4.460110E-3
-1.500000E+5	-1.350000E+5	8.120833E-1	6.113944E-3
-1.350000E+5	-1.350000E+5	8.744160E-1	5.417903E-3
-1.200000E+5	-1.350000E+5	9.243807E-1	6.769874E-3
-1.050000E+5	-1.350000E+5	9.911005E-1	4.237888E-3
-9.000000E+4	-1.350000E+5	1.052893E+0	4.642793E-3
-7.500000E+4	-1.350000E+5	1.112318E+0	4.378602E-3
-6.000000E+4	-1.350000E+5	1.169747E+0	4.731491E-3
-4.500000E+4	-1.350000E+5	1.218500E+0	4.538168E-3
-3.000000E+4	-1.350000E+5	1.230262E+0	4.496411E-3
-1.500000E+4	-1.350000E+5	1.226881E+0	4.793540E-3
0.000000E+0	-1.350000E+5	1.206811E+0	4.364769E-3
1.500000E+4	-1.350000E+5	1.136436E+0	5.045323E-3
3.000000E+4	-1.350000E+5	1.063500E+0	4.280639E-3
4.500000E+4	-1.350000E+5	9.851949E-1	6.636734E-3
6.000000E+4	-1.350000E+5	9.098599E-1	4.263962E-3
7.500000E+4	-1.350000E+5	8.286488E-1	5.077245E-3
9.000000E+4	-1.350000E+5	7.675297E-1	4.169326E-3
1.050000E+5	-1.350000E+5	7.156080E-1	5.822725E-3
1.200000E+5	-1.350000E+5	6.744207E-1	5.914539E-3
1.350000E+5	-1.350000E+5	6.426889E-1	5.834048E-3
1.500000E+5	-1.350000E+5	6.114404E-1	5.604565E-3
1.650000E+5	-1.350000E+5	5.927589E-1	8.975462E-3
1.800000E+5	-1.350000E+5	5.675619E-1	4.479803E-3
1.950000E+5	-1.350000E+5	5.506058E-1	4.515008E-3
2.100000E+5	-1.350000E+5	5.269181E-1	4.480354E-3
2.250000E+5	-1.350000E+5	5.091503E-1	4.748646E-3
2.400000E+5	-1.350000E+5	4.956921E-1	4.082091E-3
2.550000E+5	-1.350000E+5	4.502094E-1	5.025167E-3
2.700000E+5	-1.350000E+5	4.308752E-1	4.613839E-3
2.850000E+5	-1.350000E+5	4.113095E-1	4.344318E-3
3.000000E+5	-1.350000E+5	3.765785E-1	4.068412E-3
-3.000000E+5	-1.200000E+5	3.853619E-1	4.357537E-3
-2.850000E+5	-1.200000E+5	4.205468E-1	4.290274E-3
-2.700000E+5	-1.200000E+5	4.475743E-1	4.474015E-3
-2.550000E+5	-1.200000E+5	5.014468E-1	4.321636E-3
-2.400000E+5	-1.200000E+5	5.413645E-1	7.064782E-3
-2.250000E+5	-1.200000E+5	5.787072E-1	6.389684E-3
-2.100000E+5	-1.200000E+5	6.254564E-1	5.130660E-3
-1.950000E+5	-1.200000E+5	6.702426E-1	4.363013E-3
-1.800000E+5	-1.200000E+5	7.349800E-1	4.522475E-3
-1.650000E+5	-1.200000E+5	7.920750E-1	4.369087E-3
-1.500000E+5	-1.200000E+5	8.524650E-1	4.111830E-3
-1.350000E+5	-1.200000E+5	9.163121E-1	4.396278E-3
-1.200000E+5	-1.200000E+5	9.938835E-1	6.443937E-3
-1.050000E+5	-1.200000E+5	1.076813E+0	5.781625E-3
-9.000000E+4	-1.200000E+5	1.178091E+0	6.244426E-3
-7.500000E+4	-1.200000E+5	1.267891E+0	4.611108E-3
-6.000000E+4	-1.200000E+5	1.356657E+0	5.445329E-3
-4.500000E+4	-1.200000E+5	1.422620E+0	5.196342E-3
-3.000000E+4	-1.200000E+5	1.463686E+0	4.495055E-3
-1.500000E+4	-1.200000E+5	1.466765E+0	4.354050E-3
0.000000E+0	-1.200000E+5	1.435976E+0	4.286407E-3
1.500000E+4	-1.200000E+5	1.357766E+0	4.419695E-3
3.000000E+4	-1.200000E+5	1.259424E+0	5.101058E-3
4.500000E+4	-1.200000E+5	1.147345E+0	4.796361E-3
6.000000E+4	-1.200000E+5	1.036139E+0	4.321289E-3
7.500000E+4	-1.200000E+5	9.268067E-1	3.997665E-3
9.000000E+4	-1.200000E+5	8.481339E-1	4.014157E-3
1.050000E+5	-1.200000E+5	7.799018E-1	4.379173E-3
1.200000E+5	-1.200000E+5	7.262271E-1	4.347019E-3
1.350000E+5	-1.200000E+5	6.785498E-1	4.895451E-3
1.500000E+5	-1.200000E+5	6.469149E-1	4.582889E-3
1.650000E+5	-1.200000E+5	6.138553E-1	4.364670E-3
1.800000E+5	-1.200000E+5	5.951880E-1	5.676781E-3
1.950000E+5	-1.200000E+5	5.676526E-1	4.500979E-3
2.100000E+5	-1.200000E+5	5.444422E-1	4.655051E-3
2.250000E+5	-1.200000E+5	5.263144E-1	4.495494E-3
2.400000E+5	-1.200000E+5	5.055076E-1	4.293068E-3
2.550000E+5	-1.200000E+5	4.842133E-1	5.416026E-3
2.700000E+5	-1.200000E+5	4.540367E-1	4.191209E-3
2.850000E+5	-1.200000E+5	4.200787E-1	5.361347E-3
3.000000E+5	-1.200000E+5	3.868723E-1	4.368448E-3
-3.000000E+5	-1.050000E+5	3.926443E-1	4.333671E-3
-2.850000E+5	-1.050000E+5	4.268705E-1	7.599711E-3
-2.700000E+5	-1.050000E+5	4.532617E-1	4.360580E-3
-2.550000E+5	-1.050000E+5	4.944469E-1	4.406853E-3
-2.400000E+5	-1.050000E+5	5.476056E-1	4.587549E-3
-2.250000E+5	-1.050000E+5	5.892549E-1	4.265460E-3
-2.100000E+5	-1.050000E+5	6.337688E-1	4.825301E-3
-1.950000E+5	-1.050000E+5	6.944728E-1	4.440702E-3
-1.800000E+5	-1.050000E+5	7.474020E-1	5.369490E-3
-1.650000E+5	-1.050000E+5	8.092350E-1	5.354595E-3
-1.500000E+5	-1.050000E+5	8.909499E-1	7.777160E-3
-1.350000E+5	-1.050000E+5	9.734479E-1	4.038856E-3
-1.200000E+5	-1.050000E+5	1.074158E+0	6.762744E-3
-1.050000E+5	-1.050000E+5	1.196206E+0	4.412388E-3
-9.000000E+4	-1.050000E+5	1.331391E+0	4.939794E-3
-7.500000E+4	-1.050000E+5	1.460979E+0	4.368836E-3
-6.000000E+4	-1.050000E+5	1.595850E+0	4.204080E-3
-4.500000E+4	-1.050000E+5	1.700380E+0	3.957142E-3
-3.000000E+4	-1.050000E+5	1.756118E+0	4.653701E-3
-1.500000E+4	-1.050000E+5	1.760822E+0	6.806769E-3
0.000000E+0	-1.050000E+5	1.723151E+0	4.098426E-3
1.500000E+4	-1.050000E+5	1.629541E+0	4.326555E-3
3.000000E+4	-1.050000E+5	1.493444E+0	3.987424E-3
4.500000E+4	-1.050000E+5	1.339373E+0	4.180997E-3
6.000000E+4	-1.050000E+5	1.204271E+0	6.847343E-3
7.500000E+4	-1.050000E+5	1.063798E+0	4.508292E-3
9.000000E+4	-1.050000E+5	9.423239E-1	4.295200E-3
1.050000E+5	-1.050000E+5	8.505702E-1	4.123644E-3
1.200000E+5	-1.050000E+5	7.667944E-1	4.046012E-3
1.350000E+5	-1.050000E+5	7.203460E-1	5.339015E-3
1.500000E+5	-1.050000E+5	6.738935E-1	4.263344E-3
1.650000E+5	-1.050000E+5	6.399834E-1	4.431792E-3
1.800000E+5	-1.050000E+5	6.122848E-1	4.392111E-3
1.950000E+5	-1.050000E+5	5.811353E-1	3.984578E-3
2.100000E+5	-1.050000E+5	5.552561E-1	4.952294E-3
2.250000E+5	-1.050000E+5	5.364358E-1	5.242842E-3
2.400000E+5	-1.050000E+5	5.270415E-1	5.096434E-3
2.550000E+5	-1.050000E+5	4.938840E-1	4.716171E-3
2.700000E+5	-1.050000E+5	4.713181E-1	4.494439E-3
2.850000E+5	-1.050000E+5	4.407213E-1	4.046391E-3
3.000000E+5	-1.050000E+5	4.109760E-1	4.342221E-3
-3.000000E+5	-9.000000E+4	3.924658E-1	3.927097E-3
-2.850000E+5	-9.000000E+4	4.293323E-1	4.332626E-3
-2.700000E+5	-9.000000E+4	4.696334E-1	4.244849E-3
-2.550000E+5	-9.000000E+4	5.113133E-1	6.155279E-3
-2.400000E+5	-9.000000E+4	5.560780E-1	4.086353E-3
-2.250000E+5	-9.000000E+4	6.058469E-1	4.538584E-3
-2.100000E+5	-9.000000E+4	6.609197E-1	5.077200E-3
-1.950000E+5	-9.000000E+4	7.125089E-1	4.749987E-3
-1.800000E+5	-9.000000E+4	7.725776E-1	6.031641E-3
-1.650000E+5	-9.000000E+4	8.473783E-1	4.002512E-3
-1.500000E+5	-9.000000E+4	9.274013E-1	4.041633E-3
-1.350000E+5	-9.000000E+4	1.038637E+0	4.501646E-3
-1.200000E+5	-9.000000E+4	1.170120E+0	4.078565E-3
-1.050000E+5	-9.000000E+4	1.339173E+0	4.075154E-3
-9.000000E+4	-9.000000E+4	1.524563E+0	4.324832E-3
-7.500000E+4	-9.000000E+4	1.714642E+0	4.283186E-3
-6.000000E+4	-9.000000E+4	1.891464E+0	4.378344E-3
-4.500000E+4	-9.000000E+4	2.039798E+0	4.886223E-3
-3.000000E+4	-9.000000E+4	2.128298E+0	4.093288E-3
-1.500000E+4	-9.000000E+4	2.141887E+0	5.637982E-3
0.000000E+0	-9.000000E+4	2.090841E+0	3.969509E-3
1.500000E+4	-9.000000E+4	1.981260E+0	4.477534E-3
3.000000E+4	-9.000000E+4	1.802758E+0	4.343162E-3
4.500000E+4	-9.000000E+4	1.594998E+0	4.388071E-3
6.000000E+4	-9.000000E+4	1.402257E+0	5.222535E-3
7.500000E+4	-9.000000E+4	1.222889E+0	4.457260E-3
9.000000E+4	-9.000000E+4	1.062873E+0	5.964879E-3
1.050000E+5	-9.000000E+4	9.365406E-1	5.362252E-3
1.200000E+5	-9.000000E+4	8.468102E-1	4.337108E-3
1.350000E+5	-9.000000E+4	7.667699E-1	3.984078E-3
1.500000E+5	-9.000000E+4	6.964482E-1	5.730912E-3
1.650000E+5	-9.000000E+4	6.694186E-1	4.656924E-3
1.800000E+5	-9.000000E+4	6.306859E-1	4.921633E-3
1.950000E+5	-9.000000E+4	5.938011E-1	5.210329E-3
2.100000E+5	-9.000000E+4	5.740080E-1	4.630197E-3
2.250000E+5	-9.000000E+4	5.510403E-1	4.216086E-3
2.400000E+5	-9.000000E+4	5.292626E-1	4.322221E-3
2.550000E+5	-9.000000E+4	5.006667E-1	4.124288E-3
2.700000E+5	-9.000000E+4	4.700383E-1	4.152190E-3
2.850000E+5	-9.000000E+4	4.436614E-1	4.019611E-3
3.000000E+5	-9.000000E+4	4.140303E-1	8.213290E-3
-3.000000E+5	-7.500000E+4	3.988181E-1	4.552536E-3
-2.850000E+5	-7.500000E+4	4.391131E-1	4.006275E-3
-2.700000E+5	-7.500000E+4	4.752892E-1	5.664920E-3
-2.550000E+5	-7.500000E+4	5.128858E-1	4.330875E-3
-2.400000E+5	-7.500000E+4	5.586744E-1	4.827790E-3
-2.250000E+5	-7.500000E+4	6.147874E-1	4.211170E-3
-2.100000E+5	-7.500000E+4	6.621149E-1	4.754586E-3
-1.950000E+5	-7.500000E+4	7.231167E-1	4.460747E-3
-1.800000E+5	-7.500000E+4	7.831804E-1	4.570199E-3
-1.650000E+5	-7.500000E+4	8.618022E-1	4.459888E-3
-1.500000E+5	-7.500000E+4	9.666153E-1	4.094678E-3
-1.350000E+5	-7.500000E+4	1.093978E+0	4.169613E-3
-1.200000E+5	-7.500000E+4	1.264805E+0	4.525986E-3
-1.050000E+5	-7.500000E+4	1.464811E+0	5.822910E-3
-9.000000E+4	-7.500000E+4	1.707047E+0	5.027255E-3
-7.500000E+4	-7.500000E+4	1.940805E+0	4.472780E-3
-6.000000E+4	-7.500000E+4	2.166316E+0	4.443142E-3
-4.500000E+4	-7.500000E+4	2.350884E+0	4.073920E-3
-3.000000E+4	-7.500000E+4	2.462386E+0	4.180220E-3
-1.500000E+4	-7.500000E+4	2.493646E+0	5.721239E-3
0.000000E+0	-7.500000E+4	2.420868E+0	4.465065E-3
1.500000E+4	-7.500000E+4	2.273648E+0	4.138960E-3
3.000000E+4	-7.500000E+4	2.052773E+0	5.072553E-3
4.500000E+4	-7.500000E+4	1.809285E+0	4.613959E-3
6.000000E+4	-7.500000E+4	1.567399E+0	4.319423E-3
7.500000E+4	-7.500000E+4	1.338047E+0	4.462935E-3
9.000000E+4	-7.500000E+4	1.153812E+0	4.090663E-3
1.050000E+5	-7.500000E+4	9.948921E-1	6.801870E-3
1.200000E+5	-7.500000E+4	8.738011E-1	6.449581E-3
1.350000E+5	-7.500000E+4	7.889626E-1	4.944064E-3
1.500000E+5	-7.500000E+4	7.261098E-1	4.644343E-3
1.650000E+5	-7.500000E+4	6.682173E-1	5.713081E-3
1.800000E+5	-7.500000E+4	6.292623E-1	4.351615E-3
1.950000E+5	-7.500000E+4	6.043417E-1	4.408514E-3
2.100000E+5	-7.500000E+4	5.709496E-1	5.118650E-3
2.250000E+5	-7.500000E+4	5.427483E-1	4.343248E-3
2.400000E+5	-7.500000E+4	5.289934E-1	4.333696E-3
2.550000E+5	-7.500000E+4	5.062949E-1	4.334033E-3
2.700000E+5	-7.500000E+4	4.762682E-1	5.013592E-3
2.850000E+5	-7.500000E+4	4.449810E-1	4.504439E-3
3.000000E+5	-7.500000E+4	4.272988E-1	4.712133E-3
-3.000000E+5	-6.000000E+4	4.173579E-1	6.478944E-3
-2.850000E+5	-6.000000E+4	4.458682E-1	5.766940E-3
-2.700000E+5	-6.000000E+4	4.776377E-1	5.205317E-3
-2.550000E+5	-6.000000E+4	5.178165E-1	7.489838E-3
-2.400000E+5	-6.000000E+4	5.619714E-1	4.711392E-3
-2.250000E+5	-6.000000E+4	6.160060E-1	4.762625E-3
-2.100000E+5	-6.000000E+4	6.665561E-1	4.368140E-3
-1.950000E+5	-6.000000E+4	7.251890E-1	6.479376E-3
-1.800000E+5	-6.000000E+4	7.873656E-1	5.856928E-3
-1.650000E+5	-6.000000E+4	8.804521E-1	4.628067E-3
-1.500000E+5	-6.000000E+4	1.004489E+0	4.163189E-3
-1.350000E+5	-6.000000E+4	1.160307E+0	4.355565E-3
-1.200000E+5	-6.000000E+4	1.381632E+0	5.195244E-3
-1.050000E+5	-6.000000E+4	1.637056E+0	5.971274E-3
-9.000000E+4	-6.000000E+4	1.927201E+0	4.170009E-3
-7.500000E+4	-6.000000E+4	2.220834E+0	4.488398E-3
-6.000000E+4	-6.000000E+4	2.490640E+0	6.840842E-3
-4.500000E+4	-6.000000E+4	2.709570E+0	4.371946E-3
-3.000000E+4	-6.000000E+4	2.862640E+0	4.480075E-3
-1.500000E+4	-6.000000E+4	2.901524E+0	4.155549E-3
0.000000E+0	-6.000000E+4	2.825438E+0	4.061768E-3
1.500000E+4	-6.000000E+4	2.638646E+0	5.098283E-3
3.000000E+4	-6.000000E+4	2.365857E+0	4.356539E-3
4.500000E+4	-6.000000E+4	2.065589E+0	5.708177E-3
6.000000E+4	-6.000000E+4	1.762075E+0	4.298668E-3
7.500000E+4	-6.000000E+4	1.501444E+0	9.485103E-3
9.000000E+4	-6.000000E+4	1.273305E+0	4.214289E-3
1.050000E+5	-6.000000E+4	1.087070E+0	7.505510E-3
1.200000E+5	-6.000000E+4	9.276317E-1	4.720180E-3
1.350000E+5	-6.000000E+4	8.235906E-1	4.930860E-3
1.500000E+5	-6.000000E+4	7.442244E-1	4.090836E-3
1.650000E+5	-6.000000E+4	6.822007E-1	4.307991E-3
1.800000E+5	-6.000000E+4	6.449161E-1	5.293755E-3
1.950000E+5	-6.000000E+4	6.016372E-1	4.682688E-3
2.100000E+5	-6.000000E+4	5.715442E-1	5.669928E-3
2.250000E+5	-6.000000E+4	5.600093E-1	4.050490E-3
2.400000E+5	-6.000000E+4	5.414185E-1	5.875109E-3
2.550000E+5	-6.000000E+4	5.106545E-1	4.263536E-3
2.700000E+5	-6.000000E+4	4.911846E-1	4.830647E-3
2.850000E+5	-6.000000E+4	4.484554E-1	4.397685E-3
3.000000E+5	-6.000000E+4	4.317828E-1	4.413368E-3
-3.000000E+5	-4.500000E+4	4.252827E-1	5.680369E-3
-2.850000E+5	-4.500000E+4	4.449432E-1	4.208366E-3
-2.700000E+5	-4.500000E+4	4.883629E-1	4.588490E-3
-2.550000E+5	-4.500000E+4	5.293126E-1	4.363994E-3
-2.400000E+5	-4.500000E+4	5.689243E-1	4.356343E-3
-2.250000E+5	-4.500000E+4	6.222237E-1	4.179063E-3
-2.100000E+5	-4.500000E+4	6.768621E-1	4.308262E-3
-1.950000E+5	-4.500000E+4	7.297025E-1	4.621348E-3
-1.800000E+5	-4.500000E+4	7.998081E-1	4.196511E-3
-1.650000E+5	-4.500000E+4	9.039502E-1	5.837393E-3
-1.500000E+5	-4.500000E+4	1.039551E+0	4.474309E-3
-1.350000E+5	-4.500000E+4	1.231896E+0	4.401975E-3
-1.200000E+5	-4.500000E+4	1.497819E+0	3.887589E-3
-1.050000E+5	-4.500000E+4	1.803874E+0	4.157461E-3
-9.000000E+4	-4.500000E+4	2.136021E+0	5.563384E-3
-7.500000E+4	-4.500000E+4	2.487551E+0	5.972877E-3
-6.000000E+4	-4.500000E+4	2.809965E+0	6.298279E-3
-4.500000E+4	-4.500000E+4	3.072266E+0	4.282276E-3
-3.000000E+4	-4.500000E+4	3.232662E+0	3.905681E-3
-1.500000E+4	-4.500000E+4	3.286221E+0	6.286040E-3
0.000000E+0	-4.500000E+4	3.178069E+0	4.338095E-3
1.500000E+4	-4.500000E+4	2.957510E+0	5.064200E-3
3.000000E+4	-4.500000E+4	2.655483E+0	4.629784E-3
4.500000E+4	-4.500000E+4	2.301344E+0	6.695614E-3
6.000000E+4	-4.500000E+4	1.957875E+0	6.846073E-3
7.500000E+4	-4.500000E+4	1.639729E+0	4.896645E-3
9.000000E+4	-4.500000E+4	1.361023E+0	4.215493E-3
1.050000E+5	-4.500000E+4	1.158438E+0	4.562159E-3
1.200000E+5	-4.500000E+4	9.856313E-1	5.776726E-3
1.350000E+5	-4.500000E+4	8.543608E-1	4.354567E-3
1.500000E+5	-4.500000E+4	7.670585E-1	4.008614E-3
1.650000E+5	-4.500000E+4	6.951163E-1	4.341004E-3
1.800000E+5	-4.500000E+4	6.649254E-1	6.577314E-3
1.950000E+5	-4.500000E+4	6.207185E-1	3.946360E-3
2.100000E+5	-4.500000E+4	5.884778E-1	4.445317E-3
2.250000E+5	-4.500000E+4	5.600012E-1	5.048303E-3
2.400000E+5	-4.500000E+4	5.463604E-1	4.897133E-3
2.550000E+5	-4.500000E+4	5.248490E-1	5.722044E-3
2.700000E+5	-4.500000E+4	4.931039E-1	4.473492E-3
2.850000E+5	-4.500000E+4	4.491723E-1	4.701776E-3
3.000000E+5	-4.500000E+4	4.226017E-1	7.125445E-3
-3.000000E+5	-3.000000E+4	4.210057E-1	9.885372E-3
-2.850000E+5	-3.000000E+4	4.569013E-1	4.243624E-3
-2.700000E+5	-3.000000E+4	4.945275E-1	4.413480E-3
-2.550000E+5	-3.000000E+4	5.424975E-1	4.085156E-3
-2.400000E+5	-3.000000E+4	5.859222E-1	5.201577E-3
-2.250000E+5	-3.000000E+4	6.321330E-1	4.662781E-3
-2.100000E+5	-3.000000E+4	6.753100E-1	4.793886E-3
-1.950000E+5	-3.000000E+4	7.412354E-1	4.419934E-3
-1.800000E+5	-3.000000E+4	8.118936E-1	4.798832E-3
-1.650000E+5	-3.000000E+4	9.278459E-1	5.373454E-3
-1.500000E+5	-3.000000E+4	1.095804E+0	3.983968E-3
-1.350000E+5	-3.000000E+4	1.316930E+0	4.667451E-3
-1.200000E+5	-3.000000E+4	1.600118E+0	4.939861E-3
-1.050000E+5	-3.000000E+4	1.951362E+0	3.904607E-3
-9.000000E+4	-3.000000E+4	2.346352E+0	4.411118E-3
-7.500000E+4	-3.000000E+4	2.749521E+0	4.335147E-3
-6.000000E+4	-3.000000E+4	3.109593E+0	4.066478E-3
-4.500000E+4	-3.000000E+4	3.398082E+0	6.880763E-3
-3.000000E+4	-3.000000E+4	3.577213E+0	6.500626E-3
-1.500000E+4	-3.000000E+4	3.596067E+0	4.433610E-3
0.000000E+0	-3.000000E+4	3.483645E+0	8.045803E-3
1.500000E+4	-3.000000E+4	3.235042E+0	4.312818E-3
3.000000E+4	-3.000000E+4	2.890005E+0	4.906380E-3
4.500000E+4	-3.000000E+4	2.489098E+0	5.643890E-3
6.000000E+4	-3.000000E+4	2.109727E+0	4.851636E-3
7.500000E+4	-3.000000E+4	1.746471E+0	5.176755E-3
9.000000E+4	-3.000000E+4	1.451629E+0	4.568063E-3
1.050000E+5	-3.000000E+4	1.209671E+0	4.029984E-3
1.200000E+5	-3.000000E+4	1.024273E+0	6.976444E-3
1.350000E+5	-3.000000E+4	8.783514E-1	4.541496E-3
1.500000E+5	-3.000000E+4	7.763447E-1	6.648676E-3
1.650000E+5	-3.000000E+4	7.132197E-1	7.281520E-3
1.800000E+5	-3.000000E+4	6.690923E-1	5.731110E-3
1.950000E+5	-3.000000E+4	6.218423E-1	3.940681E-3
2.100000E+5	-3.000000E+4	5.958601E-1	4.778587E-3
2.250000E+5	-3.000000E+4	5.697963E-1	4.326344E-3
2.400000E+5	-3.000000E+4	5.512717E-1	4.162171E-3
2.550000E+5	-3.000000E+4	5.228410E-1	4.216905E-3
2.700000E+5	-3.000000E+4	4.907002E-1	5.214561E-3
2.850000E+5	-3.000000E+4	4.531016E-1	4.186927E-3
3.000000E+5	-3.000000E+4	4.348279E-1	4.200059E-3
-3.000000E+5	-1.500000E+4	4.374386E-1	4.205990E-3
-2.850000E+5	-1.500000E+4	4.580710E-1	7.416596E-3
-2.700000E+5	-1.500000E+4	5.019241E-1	4.492979E-3
-2.550000E+5	-1.500000E+4	5.480268E-1	5.769561E-3
-2.400000E+5	-1.500000E+4	5.936247E-1	5.371992E-3
-2.250000E+5	-1.500000E+4	6.314181E-1	4.987983E-3
-2.100000E+5	-1.500000E+4	6.812013E-1	4.319153E-3
-1.950000E+5	-1.500000E+4	7.397862E-1	4.944056E-3
-1.800000E+5	-1.500000E+4	8.240495E-1	6.407298E-3
-1.650000E+5	-1.500000E+4	9.441299E-1	4.022027E-3
-1.500000E+5	-1.500000E+4	1.118906E+0	5.491226E-3
-1.350000E+5	-1.500000E+4	1.359425E+0	4.216095E-3
-1.200000E+5	-1.500000E+4	1.682403E+0	4.539704E-3
-1.050000E+5	-1.500000E+4	2.054948E+0	4.255061E-3
-9.000000E+4	-1.500000E+4	2.470563E+0	4.401305E-3
-7.500000E+4	-1.500000E+4	2.887577E+0	4.682968E-3
-6.000000E+4	-1.500000E+4	3.258053E+0	4.366032E-3
-4.500000E+4	-1.500000E+4	3.552809E+0	4.217590E-3
-3.000000E+4	-1.500000E+4	3.713097E+0	4.388370E-3
-1.500000E+4	-1.500000E+4	3.720140E+0	4.299084E-3
0.000000E+0	-1.500000E+4	3.588731E+0	4.588428E-3
1.500000E+4	-1.500000E+4	3.303861E+0	5.597981E-3
3.000000E+4	-1.500000E+4	2.935659E+0	4.544942E-3
4.500000E+4	-1.500000E+4	2.523040E+0	4.293837E-3
6.000000E+4	-1.500000E+4	2.128332E+0	4.166978E-3
7.500000E+4	-1.500000E+4	1.757347E+0	4.572671E-3
9.000000E+4	-1.500000E+4	1.437426E+0	7.289119E-3
1.050000E+5	-1.500000E+4	1.204411E+0	4.437292E-3
1.200000E+5	-1.500000E+4	1.000844E+0	9.000779E-3
1.350000E+5	-1.500000E+4	8.639417E-1	4.054820E-3
1.500000E+5	-1.500000E+4	7.711754E-1	6.336189E-3
1.650000E+5	-1.500000E+4	7.074048E-1	6.384113E-3
1.800000E+5	-1.500000E+4	6.523024E-1	4.955897E-3
1.950000E+5	-1.500000E+4	6.187381E-1	4.465971E-3
2.100000E+5	-1.500000E+4	5.752878E-1	4.414509E-3
2.250000E+5	-1.500000E+4	5.570489E-1	4.523263E-3
2.400000E+5	-1.500000E+4	5.256158E-1	5.698247E-3
2.550000E+5	-1.500000E+4	4.990105E-1	4.571393E-3
2.700000E+5	-1.500000E+4	4.682414E-1	4.671429E-3
2.850000E+5	-1.500000E+4	4.355663E-1	4.516113E-3
3.000000E+5	-1.500000E+4	4.019550E-1	4.456581E-3
-3.000000E+5	0.000000E+0	4.377119E-1	5.410499E-3
-2.850000E+5	0.000000E+0	4.790563E-1	4.694006E-3
-2.700000E+5	0.000000E+0	5.124259E-1	4.478331E-3
-2.550000E+5	0.000000E+0	5.571315E-1	4.628330E-3
-2.400000E+5	0.000000E+0	5.892141E-1	4.346417E-3
-2.250000E+5	0.000000E+0	6.398335E-1	7.706423E-3
-2.100000E+5	0.000000E+0	6.818458E-1	4.172577E-3
-1.950000E+5	0.000000E+0	7.473684E-1	4.815574E-3
-1.800000E+5	0.000000E+0	8.353600E-1	4.704993E-3
-1.650000E+5	0.000000E+0	9.673761E-1	4.280692E-3
-1.500000E+5	0.000000E+0	1.153974E+0	4.551686E-3
-1.350000E+5	0.000000E+0	1.407845E+0	5.006288E-3
-1.200000E+5	0.000000E+0	1.744013E+0	4.446787E-3
-1.050000E+5	0.000000E+0	2.127904E+0	4.041420E-3
-9.000000E+4	0.000000E+0	2.569540E+0	4.511623E-3
-7.500000E+4	0.000000E+0	2.995375E+0	4.538697E-3
-6.000000E+4	0.000000E+0	3.356216E+0	4.239085E-3
-4.500000E+4	0.000000E+0	3.653521E+0	4.285127E-3
-3.000000E+4	0.000000E+0	3.816199E+0	4.233313E-3
-1.500000E+4	0.000000E+0	3.818220E+0	4.268762E-3
0.000000E+0	0.000000E+0	3.648652E+0	4.821159E-3
1.500000E+4	0.000000E+0	3.352669E+0	4.238072E-3
3.000000E+4	0.000000E+0	2.964611E+0	5.077016E-3
4.500000E+4	0.000000E+0	2.566362E+0	4.587153E-3
6.000000E+4	0.000000E+0	2.152774E+0	4.050456E-3
7.500000E+4	0.000000E+0	1.787776E+0	9.277700E-3
9.000000E+4	0.000000E+0	1.459380E+0	4.699100E-3
1.050000E+5	0.000000E+0	1.210152E+0	4.376464E-3
1.200000E+5	0.000000E+0	1.017023E+0	5.033433E-3
1.350000E+5	0.000000E+0	8.759579E-1	6.114519E-3
1.500000E+5	0.000000E+0	7.870485E-1	7.436184E-3
1.650000E+5	0.000000E+0	7.163361E-1	7.940779E-3
1.800000E+5	0.000000E+0	6.537240E-1	6.264893E-3
1.950000E+5	0.000000E+0	6.205706E-1	5.298932E-3
2.100000E+5	0.000000E+0	5.791773E-1	6.370894E-3
2.250000E+5	0.000000E+0	5.550236E-1	4.433851E-3
2.400000E+5	0.000000E+0	5.271822E-1	5.434212E-3
2.550000E+5	0.000000E+0	5.001241E-1	3.810079E-3
2.700000E+5	0.000000E+0	4.662304E-1	5.236740E-3
2.850000E+5	0.000000E+0	4.305438E-1	4.512244E-3
3.000000E+5	0.000000E+0	3.959300E-1	4.760931E-3
-3.000000E+5	1.500000E+4	4.395210E-1	4.086648E-3
-2.850000E+5	1.500000E+4	4.816476E-1	7.429101E-3
-2.700000E+5	1.500000E+4	5.142870E-1	4.962943E-3
-2.550000E+5	1.500000E+4	5.589742E-1	4.810739E-3
-2.400000E+5	1.500000E+4	6.077121E-1	5.085689E-3
-2.250000E+5	1.500000E+4	6.396142E-1	5.153875E-3
-2.100000E+5	1.500000E+4	6.866980E-1	4.689690E-3
-1.950000E+5	1.500000E+4	7.584209E-1	6.791937E-3
-1.800000E+5	1.500000E+4	8.436509E-1	4.802409E-3
-1.650000E+5	1.500000E+4	9.747022E-1	4.267436E-3
-1.500000E+5	1.500000E+4	1.157213E+0	4.197063E-3
-1.350000E+5	1.500000E+4	1.421440E+0	4.138398E-3
-1.200000E+5	1.500000E+4	1.743034E+0	5.117193E-3
-1.050000E+5	1.500000E+4	2.129625E+0	4.059308E-3
-9.000000E+4	1.500000E+4	2.555395E+0	7.861121E-3
-7.500000E+4	1.500000E+4	2.967126E+0	5.817461E-3
-6.000000E+4	1.500000E+4	3.339624E+0	4.666207E-3
-4.500000E+4	1.500000E+4	3.605115E+0	5.227253E-3
-3.000000E+4	1.500000E+4	3.752348E+0	4.566679E-3
-1.500000E+4	1.500000E+4	3.730985E+0	5.104663E-3
0.000000E+0	1.500000E+4	3.559100E+0	7.190153E-3
1.500000E+4	1.500000E+4	3.264603E+0	6.414360E-3
3.000000E+4	1.500000E+4	2.900426E+0	4.181080E-3
4.500000E+4	1.500000E+4	2.508502E+0	4.624057E-3
6.000000E+4	1.500000E+4	2.098631E+0	5.069247E-3
7.500000E+4	1.500000E+4	1.747992E+0	4.718822E-3
9.000000E+4	1.500000E+4	1.438298E+0	4.241497E-3
1.050000E+5	1.500000E+4	1.183039E+0	4.625439E-3
1.200000E+5	1.500000E+4	9.995046E-1	8.226909E-3
1.350000E+5	1.500000E+4	8.634798E-1	4.054844E-3
1.500000E+5	1.500000E+4	7.723298E-1	4.902468E-3
1.650000E+5	1.500000E+4	7.154285E-1	5.815998E-3
1.800000E+5	1.500000E+4	6.505902E-1	4.410660E-3
1.950000E+5	1.500000E+4	6.121604E-1	5.841295E-3
2.100000E+5	1.500000E+4	5.693934E-1	4.476746E-3
2.250000E+5	1.500000E+4	5.328625E-1	7.596778E-3
2.400000E+5	1.500000E+4	5.052832E-1	4.142588E-3
2.550000E+5	1.500000E+4	4.877541E-1	5.955262E-3
2.700000E+5	1.500000E+4	4.498199E-1	4.388895E-3
2.850000E+5	1.500000E+4	4.145280E-1	5.626211E-3
3.000000E+5	1.500000E+4	3.881317E-1	4.203986E-3
-3.000000E+5	3.000000E+4	4.461170E-1	4.606235E-3
-2.850000E+5	3.000000E+4	4.819647E-1	5.205324E-3
-2.700000E+5	3.000000E+4	5.224259E-1	6.401651E-3
-2.550000E+5	3.000000E+4	5.634338E-1	4.792802E-3
-2.400000E+5	3.000000E+4	6.056501E-1	4.370200E-3
-2.250000E+5	3.000000E+4	6.408155E-1	6.327681E-3
-2.100000E+5	3.000000E+4	6.889170E-1	5.040317E-3
-1.950000E+5	3.000000E+4	7.423378E-1	4.442598E-3
-1.800000E+5	3.000000E+4	8.358506E-1	5.549855E-3
-1.650000E+5	3.000000E+4	9.651468E-1	6.022755E-3
-1.500000E+5	3.000000E+4	1.141150E+0	4.592897E-3
-1.350000E+5	3.000000E+4	1.388264E+0	4.675657E-3
-1.200000E+5	3.000000E+4	1.699967E+0	5.821487E-3
-1.050000E+5	3.000000E+4	2.055380E+0	4.247804E-3
-9.000000E+4	3.000000E+4	2.458915E+0	5.500439E-3
-7.500000E+4	3.000000E+4	2.830601E+0	4.327383E-3
-6.000000E+4	3.000000E+4	3.170941E+0	4.644701E-3
-4.500000E+4	3.000000E+4	3.412566E+0	4.047339E-3
-3.000000E+4	3.000000E+4	3.534288E+0	4.022488E-3
-1.500000E+4	3.000000E+4	3.513756E+0	7.769918E-3
0.000000E+0	3.000000E+4	3.351230E+0	4.240360E-3
1.500000E+4	3.000000E+4	3.080725E+0	5.050322E-3
3.000000E+4	3.000000E+4	2.726778E+0	5.706642E-3
4.500000E+4	3.000000E+4	2.365192E+0	4.398147E-3
6.000000E+4	3.000000E+4	1.989816E+0	4.008020E-3
7.500000E+4	3.000000E+4	1.672408E+0	7.981630E-3
9.000000E+4	3.000000E+4	1.371284E+0	5.605407E-3
1.050000E+5	3.000000E+4	1.158405E+0	4.101142E-3
1.200000E+5	3.000000E+4	9.866511E-1	4.242990E-3
1.350000E+5	3.000000E+4	8.593659E-1	4.293309E-3
1.500000E+5	3.000000E+4	7.624236E-1	9.804122E-3
1.650000E+5	3.000000E+4	6.939966E-1	4.459872E-3
1.800000E+5	3.000000E+4	6.310184E-1	4.464358E-3
1.950000E+5	3.000000E+4	5.954399E-1	5.234962E-3
2.100000E+5	3.000000E+4	5.574925E-1	4.223756E-3
2.250000E+5	3.000000E+4	5.294880E-1	4.359879E-3
2.400000E+5	3.000000E+4	5.059420E-1	5.450949E-3
2.550000E+5	3.000000E+4	4.704431E-1	5.071673E-3
2.700000E+5	3.000000E+4	4.411710E-1	4.063563E-3
2.850000E+5	3.000000E+4	4.040149E-1	1.167090E-2
3.000000E+5	3.000000E+4	3.805251E-1	4.872449E-3
-3.000000E+5	4.500000E+4	4.441682E-1	5.394044E-3
-2.850000E+5	4.500000E+4	4.864436E-1	4.855653E-3
-2.700000E+5	4.500000E+4	5.181632E-1	4.279422E-3
-2.550000E+5	4.500000E+4	5.568694E-1	5.000650E-3
-2.400000E+5	4.500000E+4	5.994100E-1	5.200636E-3
-2.250000E+5	4.500000E+4	6.307012E-1	4.642860E-3
-2.100000E+5	4.500000E+4	6.758107E-1	4.426740E-3
-1.950000E+5	4.500000E+4	7.366687E-1	4.621079E-3
-1.800000E+5	4.500000E+4	8.173883E-1	5.943191E-3
-1.650000E+5	4.500000E+4	9.338943E-1	4.737699E-3
-1.500000E+5	4.500000E+4	1.101807E+0	4.667010E-3
-1.350000E+5	4.500000E+4	1.324034E+0	4.458092E-3
-1.200000E+5	4.500000E+4	1.599487E+0	4.686664E-3
-1.050000E+5	4.500000E+4	1.917653E+0	4.676716E-3
-9.000000E+4	4.500000E+4	2.251039E+0	6.507972E-3
-7.500000E+4	4.500000E+4	2.594844E+0	6.366732E-3
-6.000000E+4	4.500000E+4	2.891743E+0	4.727029E-3
-4.500000E+4	4.500000E+4	3.113540E+0	4.973192E-3
-3.000000E+4	4.500000E+4	3.203679E+0	4.957897E-3
-1.500000E+4	4.500000E+4	3.178700E+0	4.279691E-3
0.000000E+0	4.500000E+4	3.046677E+0	4.305950E-3
1.500000E+4	4.500000E+4	2.797240E+0	7.861950E-3
3.000000E+4	4.500000E+4	2.485226E+0	4.271122E-3
4.500000E+4	4.500000E+4	2.175918E+0	7.762933E-3
6.000000E+4	4.500000E+4	1.852149E+0	5.522797E-3
7.500000E+4	4.500000E+4	1.561491E+0	4.566067E-3
9.000000E+4	4.500000E+4	1.312522E+0	8.821418E-3
1.050000E+5	4.500000E+4	1.096935E+0	4.507770E-3
1.200000E+5	4.500000E+4	9.419455E-1	8.485873E-3
1.350000E+5	4.500000E+4	8.307598E-1	6.155632E-3
1.500000E+5	4.500000E+4	7.449943E-1	5.128915E-3
1.650000E+5	4.500000E+4	6.677523E-1	5.017713E-3
1.800000E+5	4.500000E+4	6.208419E-1	5.119929E-3
1.950000E+5	4.500000E+4	5.707997E-1	4.497410E-3
2.100000E+5	4.500000E+4	5.473201E-1	4.885474E-3
2.250000E+5	4.500000E+4	5.176401E-1	4.551138E-3
2.400000E+5	4.500000E+4	4.957360E-1	4.054076E-3
2.550000E+5	4.500000E+4	4.537869E-1	4.256949E-3
2.700000E+5	4.500000E+4	4.307977E-1	4.779259E-3
2.850000E+5	4.500000E+4	3.992586E-1	7.580629E-3
3.000000E+5	4.500000E+4	3.773362E-1	4.099833E-3
-3.000000E+5	6.000000E+4	4.354857E-1	4.112645E-3
-2.850000E+5	6.000000E+4	4.705237E-1	5.928574E-3
-2.700000E+5	6.000000E+4	5.097734E-1	4.544087E-3
-2.550000E+5	6.000000E+4	5.450643E-1	4.674385E-3
-2.400000E+5	6.000000E+4	5.829424E-1	5.347356E-3
-2.250000E+5	6.000000E+4	6.224430E-1	3.957198E-3
-2.100000E+5	6.000000E+4	6.680246E-1	4.995633E-3
-1.950000E+5	6.000000E+4	7.206152E-1	4.326222E-3
-1.800000E+5	6.000000E+4	7.929439E-1	4.870354E-3
-1.650000E+5	6.000000E+4	8.964731E-1	4.715343E-3
-1.500000E+5	6.000000E+4	1.039505E+0	4.339076E-3
-1.350000E+5	6.000000E+4	1.227455E+0	4.654735E-3
-1.200000E+5	6.000000E+4	1.457067E+0	4.202776E-3
-1.050000E+5	6.000000E+4	1.733861E+0	4.518198E-3
-9.000000E+4	6.000000E+4	2.026215E+0	4.628516E-3
-7.500000E+4	6.000000E+4	2.305529E+0	4.462041E-3
-6.000000E+4	6.000000E+4	2.546696E+0	4.798614E-3
-4.500000E+4	6.000000E+4	2.728713E+0	8.984408E-3
-3.000000E+4	6.000000E+4	2.816218E+0	4.431979E-3
-1.500000E+4	6.000000E+4	2.780952E+0	4.262996E-3
0.000000E+0	6.000000E+4	2.660883E+0	4.506348E-3
1.500000E+4	6.000000E+4	2.467616E+0	4.410557E-3
3.000000E+4	6.000000E+4	2.215938E+0	5.030259E-3
4.500000E+4	6.000000E+4	1.946181E+0	4.987755E-3
6.000000E+4	6.000000E+4	1.678750E+0	4.954741E-3
7.500000E+4	6.000000E+4	1.436721E+0	4.254127E-3
9.000000E+4	6.000000E+4	1.216018E+0	4.420242E-3
1.050000E+5	6.000000E+4	1.038784E+0	4.409141E-3
1.200000E+5	6.000000E+4	9.068586E-1	5.096639E-3
1.350000E+5	6.000000E+4	8.073780E-1	4.589944E-3
1.500000E+5	6.000000E+4	7.235114E-1	5.029662E-3
1.650000E+5	6.000000E+4	6.561511E-1	6.235604E-3
1.800000E+5	6.000000E+4	5.988909E-1	6.220802E-3
1.950000E+5	6.000000E+4	5.607242E-1	4.188837E-3
2.100000E+5	6.000000E+4	5.299856E-1	4.531454E-3
2.250000E+5	6.000000E+4	5.020780E-1	4.836952E-3
2.400000E+5	6.000000E+4	4.703707E-1	4.200668E-3
2.550000E+5	6.000000E+4	4.420389E-1	4.625259E-3
2.700000E+5	6.000000E+4	4.147758E-1	6.537885E-3
2.850000E+5	6.000000E+4	3.896777E-1	4.554421E-3
3.000000E+5	6.000000E+4	3.708952E-1	4.144235E-3
-3.000000E+5	7.500000E+4	4.290732E-1	5.010606E-3
-2.850000E+5	7.500000E+4	4.635157E-1	5.308572E-3
-2.700000E+5	7.500000E+4	4.997081E-1	4.262676E-3
-2.550000E+5	7.500000E+4	5.408423E-1	4.067249E-3
-2.400000E+5	7.500000E+4	5.714381E-1	4.973598E-3
-2.250000E+5	7.500000E+4	6.161233E-1	4.148242E-3
-2.100000E+5	7.500000E+4	6.483436E-1	3.934551E-3
-1.950000E+5	7.500000E+4	6.962769E-1	4.562729E-3
-1.800000E+5	7.500000E+4	7.580364E-1	7.356440E-3
-1.650000E+5	7.500000E+4	8.488957E-1	4.029662E-3
-1.500000E+5	7.500000E+4	9.717489E-1	4.856676E-3
-1.350000E+5	7.500000E+4	1.117709E+0	4.948485E-3
-1.200000E+5	7.500000E+4	1.303209E+0	5.146201E-3
-1.050000E+5	7.500000E+4	1.522851E+0	4.468525E-3
-9.000000E+4	7.500000E+4	1.753961E+0	4.307793E-3
-7.500000E+4	7.500000E+4	1.981713E+0	5.354660E-3
-6.000000E+4	7.500000E+4	2.169411E+0	4.987129E-3
-4.500000E+4	7.500000E+4	2.314105E+0	5.490499E-3
-3.000000E+4	7.500000E+4	2.388791E+0	6.977118E-3
-1.500000E+4	7.500000E+4	2.374771E+0	5.348950E-3
0.000000E+0	7.500000E+4	2.278397E+0	4.083179E-3
1.500000E+4	7.500000E+4	2.116319E+0	5.194042E-3
3.000000E+4	7.500000E+4	1.925948E+0	3.942512E-3
4.500000E+4	7.500000E+4	1.708135E+0	5.461678E-3
6.000000E+4	7.500000E+4	1.500080E+0	4.251904E-3
7.500000E+4	7.500000E+4	1.283497E+0	4.791428E-3
9.000000E+4	7.500000E+4	1.111307E+0	6.352539E-3
1.050000E+5	7.500000E+4	9.744973E-1	4.251297E-3
1.200000E+5	7.500000E+4	8.476648E-1	4.915613E-3
1.350000E+5	7.500000E+4	7.526937E-1	4.386503E-3
1.500000E+5	7.500000E+4	6.759596E-1	4.331094E-3
1.650000E+5	7.500000E+4	6.099322E-1	6.287033E-3
1.800000E+5	7.500000E+4	5.695066E-1	4.708210E-3
1.950000E+5	7.500000E+4	5.335692E-1	5.873984E-3
2.100000E+5	7.500000E+4	5.071790E-1	5.318267E-3
2.250000E+5	7.500000E+4	4.862346E-1	4.149971E-3
2.400000E+5	7.500000E+4	4.527528E-1	4.987271E-3
2.550000E+5	7.500000E+4	4.335002E-1	4.504635E-3
2.700000E+5	7.500000E+4	4.088538E-1	4.859933E-3
2.850000E+5	7.500000E+4	3.800825E-1	4.685518E-3
3.000000E+5	7.500000E+4	3.649029E-1	5.298477E-3
-3.000000E+5	9.000000E+4	4.199777E-1	4.206340E-3
-2.850000E+5	9.000000E+4	4.528038E-1	4.913917E-3
-2.700000E+5	9.000000E+4	4.896590E-1	4.683531E-3
-2.550000E+5	9.000000E+4	5.177614E-1	5.447183E-3
-2.400000E+5	9.000000E+4	5.581247E-1	3.908726E-3
-2.250000E+5	9.000000E+4	5.817941E-1	5.546659E-3
-2.100000E+5	9.000000E+4	6.193132E-1	4.285696E-3
-1.950000E+5	9.000000E+4	6.734458E-1	4.541011E-3
-1.800000E+5	9.000000E+4	7.202583E-1	4.292604E-3
-1.650000E+5	9.000000E+4	7.778877E-1	5.718411E-3
-1.500000E+5	9.000000E+4	8.828517E-1	4.189851E-3
-1.350000E+5	9.000000E+4	9.970550E-1	5.301372E-3
-1.200000E+5	9.000000E+4	1.123767E+0	4.528697E-3
-1.050000E+5	9.000000E+4	1.292100E+0	6.227035E-3
-9.000000E+4	9.000000E+4	1.458592E+0	5.357827E-3
-7.500000E+4	9.000000E+4	1.631440E+0	4.329008E-3
-6.000000E+4	9.000000E+4	1.777691E+0	4.922038E-3
-4.500000E+4	9.000000E+4	1.893553E+0	4.970263E-3
-3.000000E+4	9.000000E+4	1.943533E+0	5.610944E-3
-1.500000E+4	9.000000E+4	1.927199E+0	4.143950E-3
0.000000E+0	9.000000E+4	1.864572E+0	4.078555E-3
1.500000E+4	9.000000E+4	1.753523E+0	4.555289E-3
3.000000E+4	9.000000E+4	1.617865E+0	4.711676E-3
4.500000E+4	9.000000E+4	1.456303E+0	4.405517E-3
6.000000E+4	9.000000E+4	1.293353E+0	4.292719E-3
7.500000E+4	9.000000E+4	1.139242E+0	6.486637E-3
9.000000E+4	9.000000E+4	1.002144E+0	4.738893E-3
1.050000E+5	9.000000E+4	8.697586E-1	4.268059E-3
1.200000E+5	9.000000E+4	7.816344E-1	4.943713E-3
1.350000E+5	9.000000E+4	6.923241E-1	4.722337E-3
1.500000E+5	9.000000E+4	6.311408E-1	4.898470E-3
1.650000E+5	9.000000E+4	5.866320E-1	4.769579E-3
1.800000E+5	9.000000E+4	5.333867E-1	5.080750E-3
1.950000E+5	9.000000E+4	5.084456E-1	4.396756E-3
2.100000E+5	9.000000E+4	4.924502E-1	4.701990E-3
2.250000E+5	9.000000E+4	4.598913E-1	4.699540E-3
2.400000E+5	9.000000E+4	4.429077E-1	4.037711E-3
2.550000E+5	9.000000E+4	4.225966E-1	5.459240E-3
2.700000E+5	9.000000E+4	3.979513E-1	4.469869E-3
2.850000E+5	9.000000E+4	3.801161E-1	4.168881E-3
3.000000E+5	9.000000E+4	3.580886E-1	5.644883E-3
-3.000000E+5	1.050000E+5	3.942107E-1	4.514270E-3
-2.850000E+5	1.050000E+5	4.343894E-1	4.599680E-3
-2.700000E+5	1.050000E+5	4.716444E-1	4.374024E-3
-2.550000E+5	1.050000E+5	5.040340E-1	4.515231E-3
-2.400000E+5	1.050000E+5	5.438364E-1	5.325060E-3
-2.250000E+5	1.050000E+5	5.688825E-1	4.404699E-3
-2.100000E+5	1.050000E+5	6.014557E-1	4.381062E-3
-1.950000E+5	1.050000E+5	6.392093E-1	5.945299E-3
-1.800000E+5	1.050000E+5	6.779634E-1	4.534516E-3
-1.650000E+5	1.050000E+5	7.303256E-1	4.567396E-3
-1.500000E+5	1.050000E+5	7.979857E-1	4.572284E-3
-1.350000E+5	1.050000E+5	8.896608E-1	5.882133E-3
-1.200000E+5	1.050000E+5	9.856854E-1	4.342483E-3
-1.050000E+5	1.050000E+5	1.110823E+0	4.119123E-3
-9.000000E+4	1.050000E+5	1.237391E+0	4.721950E-3
-7.500000E+4	1.050000E+5	1.361502E+0	5.286344E-3
-6.000000E+4	1.050000E+5	1.463314E+0	4.873023E-3
-4.500000E+4	1.050000E+5	1.545651E+0	5.850369E-3
-3.000000E+4	1.050000E+5	1.588803E+0	5.168630E-3
-1.500000E+4	1.050000E+5	1.583600E+0	4.605642E-3
0.000000E+0	1.050000E+5	1.537178E+0	3.957831E-3
1.500000E+4	1.050000E+5	1.470387E+0	6.545271E-3
3.000000E+4	1.050000E+5	1.365340E+0	6.884038E-3
4.500000E+4	1.050000E+5	1.253267E+0	6.174996E-3
6.000000E+4	1.050000E+5	1.129625E+0	5.408238E-3
7.500000E+4	1.050000E+5	1.010995E+0	6.883365E-3
9.000000E+4	1.050000E+5	9.070544E-1	3.917926E-3
1.050000E+5	1.050000E+5	8.028858E-1	7.291742E-3
1.200000E+5	1.050000E+5	7.191926E-1	5.153436E-3
1.350000E+5	1.050000E+5	6.496948E-1	4.375461E-3
1.500000E+5	1.050000E+5	5.938960E-1	5.550535E-3
1.650000E+5	1.050000E+5	5.636153E-1	4.436100E-3
1.800000E+5	1.050000E+5	5.233356E-1	4.636519E-3
1.950000E+5	1.050000E+5	4.929846E-1	4.402936E-3
2.100000E+5	1.050000E+5	4.800363E-1	5.811994E-3
2.250000E+5	1.050000E+5	4.506367E-1	4.508394E-3
2.400000E+5	1.050000E+5	4.348646E-1	4.541931E-3
2.550000E+5	1.050000E+5	4.053335E-1	5.530034E-3
2.700000E+5	1.050000E+5	3.872659E-1	6.233280E-3
2.850000E+5	1.050000E+5	3.748102E-1	4.087690E-3
3.000000E+5	1.050000E+5	3.521188E-1	3.830333E-3
-3.000000E+5	1.200000E+5	3.876249E-1	4.339109E-3
-2.850000E+5	1.200000E+5	4.158007E-1	5.277808E-3
-2.700000E+5	1.200000E+5	4.570696E-1	5.589962E-3
-2.550000E+5	1.200000E+5	4.905330E-1	4.714661E-3
-2.400000E+5	1.200000E+5	5.149101E-1	4.221874E-3
-2.250000E+5	1.200000E+5	5.480043E-1	6.111756E-3
-2.100000E+5	1.200000E+5	5.728964E-1	4.328167E-3
-1.950000E+5	1.200000E+5	6.105675E-1	4.378897E-3
-1.800000E+5	1.200000E+5	6.431315E-1	5.250092E-3
-1.650000E+5	1.200000E+5	6.873170E-1	5.482564E-3
-1.500000E+5	1.200000E+5	7.337644E-1	4.725187E-3
-1.350000E+5	1.200000E+5	8.042778E-1	4.129408E-3
-1.200000E+5	1.200000E+5	8.643496E-1	4.059052E-3
-1.050000E+5	1.200000E+5	9.455199E-1	4.211283E-3
-9.000000E+4	1.200000E+5	1.042020E+0	4.352467E-3
-7.500000E+4	1.200000E+5	1.121743E+0	4.279938E-3
-6.000000E+4	1.200000E+5	1.199895E+0	5.108536E-3
-4.500000E+4	1.200000E+5	1.267605E+0	4.812255E-3
-3.000000E+4	1.200000E+5	1.289280E+0	5.199204E-3
-1.500000E+4	1.200000E+5	1.295069E+0	5.505316E-3
0.000000E+0	1.200000E+5	1.277084E+0	4.335852E-3
1.500000E+4	1.200000E+5	1.228222E+0	4.905193E-3
3.000000E+4	1.200000E+5	1.161981E+0	4.328386E-3
4.500000E+4	1.200000E+5	1.083324E+0	4.985877E-3
6.000000E+4	1.200000E+5	9.854172E-1	6.239587E-3
7.500000E+4	1.200000E+5	8.968993E-1	5.092300E-3
9.000000E+4	1.200000E+5	8.059727E-1	3.905350E-3
1.050000E+5	1.200000E+5	7.329689E-1	4.501640E-3
1.200000E+5	1.200000E+5	6.794421E-1	4.007644E-3
1.350000E+5	1.200000E+5	6.206073E-1	4.294566E-3
1.500000E+5	1.200000E+5	5.744842E-1	4.352269E-3
1.650000E+5	1.200000E+5	5.547870E-1	4.549784E-3
1.800000E+5	1.200000E+5	5.128011E-1	6.170707E-3
1.950000E+5	1.200000E+5	4.912723E-1	4.373224E-3
2.100000E+5	1.200000E+5	4.562864E-1	4.219312E-3
2.250000E+5	1.200000E+5	4.413740E-1	4.064497E-3
2.400000E+5	1.200000E+5	4.249360E-1	4.434722E-3
2.550000E+5	1.200000E+5	3.928360E-1	6.400142E-3
2.700000E+5	1.200000E+5	3.872027E-1	4.470548E-3
2.850000E+5	1.200000E+5	3.718120E-1	4.259845E-3
3.000000E+5	1.200000E+5	3.367771E-1	4.811452E-3
-3.000000E+5	1.350000E+5	3.625604E-1	5.467459E-3
-2.850000E+5	1.350000E+5	3.855802E-1	4.868522E-3
-2.700000E+5	1.350000E+5	4.161943E-1	5.672443E-3
-2.550000E+5	1.350000E+5	4.513037E-1	4.869157E-3
-2.400000E+5	1.350000E+5	4.941329E-1	4.599489E-3
-2.250000E+5	1.350000E+5	5.150172E-1	4.637250E-3
-2.100000E+5	1.350000E+5	5.395972E-1	7.867348E-3
-1.950000E+5	1.350000E+5	5.722366E-1	4.709248E-3
-1.800000E+5	1.350000E+5	5.991448E-1	6.709975E-3
-1.650000E+5	1.350000E+5	6.329988E-1	5.092236E-3
-1.500000E+5	1.350000E+5	6.692748E-1	4.542475E-3
-1.350000E+5	1.350000E+5	7.058201E-1	4.660703E-3
-1.200000E+5	1.350000E+5	7.566046E-1	4.685185E-3
-1.050000E+5	1.350000E+5	8.090209E-1	3.989850E-3
-9.000000E+4	1.350000E+5	8.708070E-1	4.527479E-3
-7.500000E+4	1.350000E+5	9.243776E-1	4.614214E-3
-6.000000E+4	1.350000E+5	9.858832E-1	4.736710E-3
-4.500000E+4	1.350000E+5	1.027038E+0	4.575446E-3
-3.000000E+4	1.350000E+5	1.052411E+0	4.484079E-3
-1.500000E+4	1.350000E+5	1.062793E+0	4.250241E-3
0.000000E+0	1.350000E+5	1.050595E+0	4.107527E-3
1.500000E+4	1.350000E+5	1.031477E+0	4.062309E-3
3.000000E+4	1.350000E+5	9.794014E-1	4.379848E-3
4.500000E+4	1.350000E+5	9.249517E-1	4.640430E-3
6.000000E+4	1.350000E+5	8.629189E-1	4.484982E-3
7.500000E+4	1.350000E+5	7.891604E-1	4.916892E-3
9.000000E+4	1.350000E+5	7.300839E-1	4.078638E-3
1.050000E+5	1.350000E+5	6.815317E-1	4.403081E-3
1.200000E+5	1.350000E+5	6.371881E-1	5.647315E-3
1.350000E+5	1.350000E+5	5.990082E-1	4.387043E-3
1.500000E+5	1.350000E+5	5.638427E-1	4.257902E-3
1.650000E+5	1.350000E+5	5.319294E-1	4.608412E-3
1.800000E+5	1.350000E+5	4.957757E-1	4.281436E-3
1.950000E+5	1.350000E+5	4.574214E-1	6.522120E-3
2.100000E+5	1.350000E+5	4.452532E-1	5.995974E-3
2.250000E+5	1.350000E+5	4.297534E-1	4.490028E-3
2.400000E+5	1.350000E+5	4.010198E-1	6.039230E-3
2.550000E+5	1.350000E+5	3.862767E-1	4.405044E-3
2.700000E+5	1.350000E+5	3.715326E-1	4.280463E-3
2.850000E+5	1.350000E+5	3.495816E-1	4.962937E-3
3.000000E+5	1.350000E+5	3.217617E-1	4.132409E-3
-3.000000E+5	1.500000E+5	3.377499E-1	4.274896E-3
-2.850000E+5	1.500000E+5	3.738771E-1	6.103405E-3
-2.700000E+5	1.500000E+5	3.975709E-1	3.961269E-3
-2.550000E+5	1.500000E+5	4.408732E-1	4.289276E-3
-2.400000E+5	1.500000E+5	4.677886E-1	4.760766E-3
-2.250000E+5	1.500000E+5	4.947070E-1	4.362907E-3
-2.100000E+5	1.500000E+5	5.176859E-1	6.037445E-3
-1.950000E+5	1.500000E+5	5.488548E-1	5.678529E-3
-1.800000E+5	1.500000E+5	5.635623E-1	4.889307E-3
-1.650000E+5	1.500000E+5	6.026141E-1	4.833638E-3
-1.500000E+5	1.500000E+5	6.239512E-1	4.529189E-3
-1.350000E+5	1.500000E+5	6.552609E-1	5.204439E-3
-1.200000E+5	1.500000E+5	6.881909E-1	5.566396E-3
-1.050000E+5	1.500000E+5	7.110373E-1	5.933059E-3
-9.000000E+4	1.500000E+5	7.475010E-1	4.315018E-3
-7.500000E+4	1.500000E+5	7.898825E-1	4.486848E-3
-6.000000E+4	1.500000E+5	8.269814E-1	3.879511E-3
-4.500000E+4	1.500000E+5	8.622917E-1	5.600664E-3
-3.000000E+4	1.500000E+5	8.791529E-1	5.917654E-3
-1.500000E+4	1.500000E+5	9.009989E-1	5.445292E-3
0.000000E+0	1.500000E+5	8.887124E-1	4.357597E-3
1.500000E+4	1.500000E+5	8.699014E-1	4.369250E-3
3.000000E+4	1.500000E+5	8.493597E-1	5.572781E-3
4.500000E+4	1.500000E+5	8.065428E-1	3.932157E-3
6.000000E+4	1.500000E+5	7.606338E-1	4.495084E-3
7.500000E+4	1.500000E+5	7.192395E-1	4.045957E-3
9.000000E+4	1.500000E+5	6.753548E-1	4.319888E-3
1.050000E+5	1.500000E+5	6.389004E-1	5.806686E-3
1.200000E+5	1.500000E+5	5.998984E-1	4.567675E-3
1.350000E+5	1.500000E+5	5.683726E-1	4.319071E-3
1.500000E+5	1.500000E+5	5.373853E-1	6.159223E-3
1.650000E+5	1.500000E+5	4.989401E-1	4.366591E-3
1.800000E+5	1.500000E+5	4.713497E-1	4.285258E-3
1.950000E+5	1.500000E+5	4.444140E-1	5.550822E-3
2.100000E+5	1.500000E+5	4.232421E-1	5.124526E-3
2.250000E+5	1.500000E+5	4.043586E-1	4.806515E-3
2.400000E+5	1.500000E+5	3.805251E-1	5.049140E-3
2.550000E+5	1.500000E+5	3.703914E-1	5.274849E-3
2.700000E+5	1.500000E+5	3.472778E-1	8.684335E-3
2.850000E+5	1.500000E+5	3.283332E-1	5.076697E-3
3.000000E+5	1.500000E+5	3.053226E-1	4.530217E-3
-3.000000E+5	1.650000E+5	3.189725E-1	4.510802E-3
-2.850000E+5	1.650000E+5	3.497345E-1	4.825442E-3
-2.700000E+5	1.650000E+5	3.796419E-1	4.604812E-3
-2.550000E+5	1.650000E+5	4.018091E-1	4.691500E-3
-2.400000E+5	1.650000E+5	4.428731E-1	3.924102E-3
-2.250000E+5	1.650000E+5	4.825888E-1	4.071650E-3
-2.100000E+5	1.650000E+5	5.003719E-1	4.020243E-3
-1.950000E+5	1.650000E+5	5.173943E-1	4.515647E-3
-1.800000E+5	1.650000E+5	5.414216E-1	7.269394E-3
-1.650000E+5	1.650000E+5	5.653510E-1	4.956918E-3
-1.500000E+5	1.650000E+5	5.796913E-1	5.457969E-3
-1.350000E+5	1.650000E+5	6.084474E-1	4.326109E-3
-1.200000E+5	1.650000E+5	6.346550E-1	4.580790E-3
-1.050000E+5	1.650000E+5	6.595348E-1	7.432809E-3
-9.000000E+4	1.650000E+5	6.833755E-1	4.107997E-3
-7.500000E+4	1.650000E+5	7.226578E-1	4.280817E-3
-6.000000E+4	1.650000E+5	7.401605E-1	4.358663E-3
-4.500000E+4	1.650000E+5	7.576336E-1	5.975256E-3
-3.000000E+4	1.650000E+5	7.831600E-1	5.584443E-3
-1.500000E+4	1.650000E+5	7.994093E-1	4.606526E-3
0.000000E+0	1.650000E+5	7.993053E-1	4.454940E-3
1.500000E+4	1.650000E+5	7.998224E-1	5.142525E-3
3.000000E+4	1.650000E+5	7.698385E-1	4.734805E-3
4.500000E+4	1.650000E+5	7.410600E-1	4.261380E-3
6.000000E+4	1.650000E+5	7.075323E-1	4.303971E-3
7.500000E+4	1.650000E+5	6.854650E-1	4.200138E-3
9.000000E+4	1.650000E+5	6.519710E-1	4.906668E-3
1.050000E+5	1.650000E+5	6.201515E-1	4.088255E-3
1.200000E+5	1.650000E+5	5.877996E-1	4.151201E-3
1.350000E+5	1.650000E+5	5.594138E-1	3.954726E-3
1.500000E+5	1.650000E+5	5.175034E-1	4.385089E-3
1.650000E+5	1.650000E+5	4.910908E-1	4.676708E-3
1.800000E+5	1.650000E+5	4.668647E-1	5.236993E-3
1.950000E+5	1.650000E+5	4.435910E-1	4.457812E-3
2.100000E+5	1.650000E+5	4.085255E-1	5.963468E-3
2.250000E+5	1.650000E+5	3.907148E-1	4.027950E-3
2.400000E+5	1.650000E+5	3.729113E-1	4.062847E-3
2.550000E+5	1.650000E+5	3.532324E-1	4.219651E-3
2.700000E+5	1.650000E+5	3.332547E-1	4.109475E-3
2.850000E+5	1.650000E+5	3.202870E-1	3.901928E-3
3.000000E+5	1.650000E+5	2.972571E-1	5.266980E-3
-3.000000E+5	1.800000E+5	3.107377E-1	5.433050E-3
-2.850000E+5	1.800000E+5	3.295223E-1	4.778458E-3
-2.700000E+5	1.800000E+5	3.538953E-1	4.326224E-3
-2.550000E+5	1.800000E+5	3.884091E-1	5.109084E-3
-2.400000E+5	1.800000E+5	4.159037E-1	4.976877E-3
-2.250000E+5	1.800000E+5	4.476100E-1	4.901979E-3
-2.100000E+5	1.800000E+5	4.887443E-1	4.975788E-3
-1.950000E+5	1.800000E+5	5.054913E-1	4.166709E-3
-1.800000E+5	1.800000E+5	5.260268E-1	4.662140E-3
-1.650000E+5	1.800000E+5	5.482542E-1	4.689647E-3
-1.500000E+5	1.800000E+5	5.570764E-1	4.021352E-3
-1.350000E+5	1.800000E+5	5.790203E-1	4.360472E-3
-1.200000E+5	1.800000E+5	5.936349E-1	4.382773E-3
-1.050000E+5	1.800000E+5	6.200954E-1	4.328686E-3
-9.000000E+4	1.800000E+5	6.462275E-1	4.605616E-3
-7.500000E+4	1.800000E+5	6.709381E-1	4.550167E-3
-6.000000E+4	1.800000E+5	6.871762E-1	7.858736E-3
-4.500000E+4	1.800000E+5	7.111311E-1	5.116432E-3
-3.000000E+4	1.800000E+5	7.284237E-1	4.421672E-3
-1.500000E+4	1.800000E+5	7.385176E-1	4.398045E-3
0.000000E+0	1.800000E+5	7.480751E-1	4.195974E-3
1.500000E+4	1.800000E+5	7.398260E-1	4.457138E-3
3.000000E+4	1.800000E+5	7.283697E-1	4.150343E-3
4.500000E+4	1.800000E+5	7.076159E-1	4.341271E-3
6.000000E+4	1.800000E+5	6.826861E-1	5.192123E-3
7.500000E+4	1.800000E+5	6.445429E-1	4.458583E-3
9.000000E+4	1.800000E+5	6.204228E-1	4.076921E-3
1.050000E+5	1.800000E+5	6.054074E-1	4.597304E-3
1.200000E+5	1.800000E+5	5.631482E-1	4.470979E-3
1.350000E+5	1.800000E+5	5.277972E-1	4.432094E-3
1.500000E+5	1.800000E+5	4.966466E-1	4.963049E-3
1.650000E+5	1.800000E+5	4.829039E-1	4.509015E-3
1.800000E+5	1.800000E+5	4.471868E-1	4.435700E-3
1.950000E+5	1.800000E+5	4.230799E-1	4.968582E-3
2.100000E+5	1.800000E+5	3.941495E-1	4.118419E-3
2.250000E+5	1.800000E+5	3.777880E-1	7.040647E-3
2.400000E+5	1.800000E+5	3.581611E-1	4.797773E-3
2.550000E+5	1.800000E+5	3.429488E-1	4.399717E-3
2.700000E+5	1.800000E+5	3.196038E-1	3.992707E-3
2.850000E+5	1.800000E+5	2.985573E-1	5.180138E-3
3.000000E+5	1.800000E+5	2.753795E-1	3.933516E-3
-3.000000E+5	1.950000E+5	2.892201E-1	5.416115E-3
-2.850000E+5	1.950000E+5	3.200912E-1	3.846496E-3
-2.700000E+5	1.950000E+5	3.322247E-1	4.408410E-3
-2.550000E+5	1.950000E+5	3.709299E-1	4.802310E-3
-2.400000E+5	1.950000E+5	3.908025E-1	4.523001E-3
-2.250000E+5	1.950000E+5	4.315462E-1	4.510960E-3
-2.100000E+5	1.950000E+5	4.498749E-1	4.991711E-3
-1.950000E+5	1.950000E+5	4.820096E-1	5.210016E-3
-1.800000E+5	1.950000E+5	5.098540E-1	4.551704E-3
-1.650000E+5	1.950000E+5	5.245308E-1	6.144776E-3
-1.500000E+5	1.950000E+5	5.453590E-1	4.344302E-3
-1.350000E+5	1.950000E+5	5.548584E-1	4.738270E-3
-1.200000E+5	1.950000E+5	5.634277E-1	5.025152E-3
-1.050000E+5	1.950000E+5	5.887746E-1	4.282079E-3
-9.000000E+4	1.950000E+5	6.042897E-1	5.136027E-3
-7.500000E+4	1.950000E+5	6.244836E-1	4.251494E-3
-6.000000E+4	1.950000E+5	6.433456E-1	4.948553E-3
-4.500000E+4	1.950000E+5	6.658585E-1	4.316004E-3
-3.000000E+4	1.950000E+5	6.884979E-1	3.974098E-3
-1.500000E+4	1.950000E+5	7.031717E-1	5.574184E-3
0.000000E+0	1.950000E+5	7.038763E-1	5.091785E-3
1.500000E+4	1.950000E+5	7.078535E-1	4.330232E-3
3.000000E+4	1.950000E+5	7.011198E-1	4.815208E-3
4.500000E+4	1.950000E+5	6.838272E-1	4.174146E-3
6.000000E+4	1.950000E+5	6.605097E-1	5.123071E-3
7.500000E+4	1.950000E+5	6.281732E-1	5.341271E-3
9.000000E+4	1.950000E+5	6.061294E-1	4.764312E-3
1.050000E+5	1.950000E+5	5.705713E-1	5.367680E-3
1.200000E+5	1.950000E+5	5.424608E-1	5.425393E-3
1.350000E+5	1.950000E+5	5.078868E-1	4.363219E-3
1.500000E+5	1.950000E+5	4.887218E-1	4.988326E-3
1.650000E+5	1.950000E+5	4.508907E-1	4.384093E-3
1.800000E+5	1.950000E+5	4.334655E-1	4.132837E-3
1.950000E+5	1.950000E+5	4.134409E-1	4.899189E-3
2.100000E+5	1.950000E+5	3.861094E-1	5.944827E-3
2.250000E+5	1.950000E+5	3.708411E-1	4.451299E-3
2.400000E+5	1.950000E+5	3.401006E-1	7.004470E-3
2.550000E+5	1.950000E+5	3.237747E-1	4.294208E-3
2.700000E+5	1.950000E+5	3.131250E-1	4.534926E-3
2.850000E+5	1.950000E+5	2.901043E-1	7.261298E-3
3.000000E+5	1.950000E+5	2.674017E-1	4.313457E-3
-3.000000E+5	2.100000E+5	2.746371E-1	3.899356E-3
-2.850000E+5	2.100000E+5	2.943548E-1	4.099311E-3
-2.700000E+5	2.100000E+5	3.166739E-1	4.275869E-3
-2.550000E+5	2.100000E+5	3.394051E-1	4.935631E-3
-2.400000E+5	2.100000E+5	3.649896E-1	8.454485E-3
-2.250000E+5	2.100000E+5	3.974301E-1	3.919364E-3
-2.100000E+5	2.100000E+5	4.288621E-1	4.466770E-3
-1.950000E+5	2.100000E+5	4.486767E-1	4.429248E-3
-1.800000E+5	2.100000E+5	4.888452E-1	4.580618E-3
-1.650000E+5	2.100000E+5	5.047836E-1	4.107221E-3
-1.500000E+5	2.100000E+5	5.194961E-1	4.430183E-3
-1.350000E+5	2.100000E+5	5.363410E-1	5.488703E-3
-1.200000E+5	2.100000E+5	5.483715E-1	4.933270E-3
-1.050000E+5	2.100000E+5	5.612208E-1	4.283195E-3
-9.000000E+4	2.100000E+5	5.678892E-1	4.432279E-3
-7.500000E+4	2.100000E+5	5.836736E-1	6.946931E-3
-6.000000E+4	2.100000E+5	6.080680E-1	4.234006E-3
-4.500000E+4	2.100000E+5	6.302852E-1	4.701862E-3
-3.000000E+4	2.100000E+5	6.364008E-1	4.488141E-3
-1.500000E+4	2.100000E+5	6.664796E-1	4.183009E-3
0.000000E+0	2.100000E+5	6.685538E-1	4.229173E-3
1.500000E+4	2.100000E+5	6.665071E-1	4.778931E-3
3.000000E+4	2.100000E+5	6.602711E-1	4.968862E-3
4.500000E+4	2.100000E+5	6.428714E-1	4.575366E-3
6.000000E+4	2.100000E+5	6.254279E-1	5.010720E-3
7.500000E+4	2.100000E+5	6.070768E-1	4.421214E-3
9.000000E+4	2.100000E+5	5.701909E-1	4.431086E-3
1.050000E+5	2.100000E+5	5.368233E-1	5.878967E-3
1.200000E+5	2.100000E+5	5.127614E-1	4.564407E-3
1.350000E+5	2.100000E+5	4.922779E-1	5.057057E-3
1.500000E+5	2.100000E+5	4.543528E-1	5.745287E-3
1.650000E+5	2.100000E+5	4.377211E-1	4.666914E-3
1.800000E+5	2.100000E+5	4.078432E-1	5.153234E-3
1.950000E+5	2.100000E+5	3.820497E-1	4.776243E-3
2.100000E+5	2.100000E+5	3.612225E-1	5.094934E-3
2.250000E+5	2.100000E+5	3.522167E-1	7.100152E-3
2.400000E+5	2.100000E+5	3.301209E-1	4.502465E-3
2.550000E+5	2.100000E+5	3.039224E-1	5.676582E-3
2.700000E+5	2.100000E+5	2.872907E-1	5.225071E-3
2.850000E+5	2.100000E+5	2.639742E-1	4.533923E-3
3.000000E+5	2.100000E+5	2.533663E-1	4.204629E-3
-3.000000E+5	2.250000E+5	2.610943E-1	4.098884E-3
-2.850000E+5	2.250000E+5	2.828128E-1	6.900416E-3
-2.700000E+5	2.250000E+5	3.016544E-1	5.745470E-3
-2.550000E+5	2.250000E+5	3.244366E-1	4.391798E-3
-2.400000E+5	2.250000E+5	3.456207E-1	5.914889E-3
-2.250000E+5	2.250000E+5	3.747887E-1	4.256384E-3
-2.100000E+5	2.250000E+5	4.023364E-1	5.874877E-3
-1.950000E+5	2.250000E+5	4.250104E-1	4.422346E-3
-1.800000E+5	2.250000E+5	4.542815E-1	5.040621E-3
-1.650000E+5	2.250000E+5	4.799108E-1	5.797605E-3
-1.500000E+5	2.250000E+5	4.948773E-1	4.719495E-3
-1.350000E+5	2.250000E+5	5.051670E-1	4.874306E-3
-1.200000E+5	2.250000E+5	5.264694E-1	5.451283E-3
-1.050000E+5	2.250000E+5	5.410728E-1	4.297141E-3
-9.000000E+4	2.250000E+5	5.570346E-1	4.014818E-3
-7.500000E+4	2.250000E+5	5.631737E-1	4.060175E-3
-6.000000E+4	2.250000E+5	5.734084E-1	6.995047E-3
-4.500000E+4	2.250000E+5	5.903471E-1	4.486425E-3
-3.000000E+4	2.250000E+5	6.076784E-1	4.134677E-3
-1.500000E+4	2.250000E+5	6.081261E-1	4.425557E-3
0.000000E+0	2.250000E+5	6.171125E-1	4.149553E-3
1.500000E+4	2.250000E+5	6.195182E-1	4.183133E-3
3.000000E+4	2.250000E+5	6.164017E-1	4.264050E-3
4.500000E+4	2.250000E+5	6.065658E-1	4.912856E-3
6.000000E+4	2.250000E+5	5.744873E-1	4.832131E-3
7.500000E+4	2.250000E+5	5.523905E-1	1.493645E-2
9.000000E+4	2.250000E+5	5.321639E-1	4.540631E-3
1.050000E+5	2.250000E+5	5.078572E-1	5.103607E-3
1.200000E+5	2.250000E+5	4.835964E-1	6.273616E-3
1.350000E+5	2.250000E+5	4.587777E-1	6.401093E-3
1.500000E+5	2.250000E+5	4.235337E-1	5.188195E-3
1.650000E+5	2.250000E+5	4.110219E-1	4.316432E-3
1.800000E+5	2.250000E+5	3.808585E-1	4.780399E-3
1.950000E+5	2.250000E+5	3.708116E-1	4.204616E-3
2.100000E+5	2.250000E+5	3.503025E-1	6.568860E-3
2.250000E+5	2.250000E+5	3.306196E-1	5.039214E-3
2.400000E+5	2.250000E+5	3.141377E-1	4.060521E-3
2.550000E+5	2.250000E+5	2.839896E-1	5.092276E-3
2.700000E+5	2.250000E+5	2.649267E-1	4.591890E-3
2.850000E+5	2.250000E+5	2.535927E-1	4.200322E-3
3.000000E+5	2.250000E+5	2.432745E-1	4.361150E-3
-3.000000E+5	2.400000E+5	2.519712E-1	5.435115E-3
-2.850000E+5	2.400000E+5	2.644749E-1	4.815865E-3
-2.700000E+5	2.400000E+5	2.813086E-1	5.603978E-3
-2.550000E+5	2.400000E+5	3.114873E-1	5.747541E-3
-2.400000E+5	2.400000E+5	3.266862E-1	4.426744E-3
-2.250000E+5	2.400000E+5	3.508869E-1	4.223126E-3
-2.100000E+5	2.400000E+5	3.759584E-1	3.982594E-3
-1.950000E+5	2.400000E+5	3.954150E-1	5.594776E-3
-1.800000E+5	2.400000E+5	4.218664E-1	6.283429E-3
-1.650000E+5	2.400000E+5	4.418349E-1	4.787733E-3
-1.500000E+5	2.400000E+5	4.551697E-1	4.217026E-3
-1.350000E+5	2.400000E+5	4.765506E-1	5.252939E-3
-1.200000E+5	2.400000E+5	4.961663E-1	4.049672E-3
-1.050000E+5	2.400000E+5	5.079000E-1	4.316401E-3
-9.000000E+4	2.400000E+5	5.275993E-1	4.529226E-3
-7.500000E+4	2.400000E+5	5.426270E-1	4.711539E-3
-6.000000E+4	2.400000E+5	5.526576E-1	4.234800E-3
-4.500000E+4	2.400000E+5	5.572202E-1	4.454983E-3
-3.000000E+4	2.400000E+5	5.691181E-1	4.573644E-3
-1.500000E+4	2.400000E+5	5.642812E-1	4.120149E-3
0.000000E+0	2.400000E+5	5.712148E-1	4.995492E-3
1.500000E+4	2.400000E+5	5.734420E-1	5.008611E-3
3.000000E+4	2.400000E+5	5.727281E-1	4.647585E-3
4.500000E+4	2.400000E+5	5.563319E-1	4.094219E-3
6.000000E+4	2.400000E+5	5.426810E-1	6.603551E-3
7.500000E+4	2.400000E+5	5.134681E-1	5.306725E-3
9.000000E+4	2.400000E+5	4.953168E-1	4.710364E-3
1.050000E+5	2.400000E+5	4.714292E-1	4.316170E-3
1.200000E+5	2.400000E+5	4.430383E-1	4.491582E-3
1.350000E+5	2.400000E+5	4.233043E-1	6.710378E-3
1.500000E+5	2.400000E+5	3.937069E-1	4.273288E-3
1.650000E+5	2.400000E+5	3.762909E-1	4.586476E-3
1.800000E+5	2.400000E+5	3.658401E-1	4.658944E-3
1.950000E+5	2.400000E+5	3.395958E-1	4.650381E-3
2.100000E+5	2.400000E+5	3.247017E-1	5.460157E-3
2.250000E+5	2.400000E+5	3.091458E-1	5.784703E-3
2.400000E+5	2.400000E+5	2.824599E-1	6.417753E-3
2.550000E+5	2.400000E+5	2.692618E-1	4.066254E-3
2.700000E+5	2.400000E+5	2.525464E-1	4.052639E-3
2.850000E+5	2.400000E+5	2.332856E-1	3.814440E-3
3.000000E+5	2.400000E+5	2.170505E-1	4.648091E-3
-3.000000E+5	2.550000E+5	2.166814E-1	4.606161E-3
-2.850000E+5	2.550000E+5	2.425331E-1	6.085819E-3
-2.700000E+5	2.550000E+5	2.667154E-1	4.280269E-3
-2.550000E+5	2.550000E+5	2.911363E-1	4.279681E-3
-2.400000E+5	2.550000E+5	3.045833E-1	6.180375E-3
-2.250000E+5	2.550000E+5	3.253064E-1	4.590863E-3
-2.100000E+5	2.550000E+5	3.422778E-1	4.306611E-3
-1.950000E+5	2.550000E+5	3.660196E-1	6.811503E-3
-1.800000E+5	2.550000E+5	3.916755E-1	4.244418E-3
-1.650000E+5	2.550000E+5	4.045554E-1	6.343940E-3
-1.500000E+5	2.550000E+5	4.253388E-1	5.993052E-3
-1.350000E+5	2.550000E+5	4.414352E-1	3.978169E-3
-1.200000E+5	2.550000E+5	4.570808E-1	5.506556E-3
-1.050000E+5	2.550000E+5	4.719249E-1	4.336079E-3
-9.000000E+4	2.550000E+5	4.984853E-1	4.158416E-3
-7.500000E+4	2.550000E+5	5.055107E-1	4.172877E-3
-6.000000E+4	2.550000E+5	5.098346E-1	5.555098E-3
-4.500000E+4	2.550000E+5	5.194614E-1	6.681715E-3
-3.000000E+4	2.550000E+5	5.277217E-1	5.592150E-3
-1.500000E+4	2.550000E+5	5.385152E-1	7.361502E-3
0.000000E+0	2.550000E+5	5.451958E-1	6.041047E-3
1.500000E+4	2.550000E+5	5.405109E-1	4.976131E-3
3.000000E+4	2.550000E+5	5.240535E-1	5.634028E-3
4.500000E+4	2.550000E+5	5.088984E-1	4.386365E-3
6.000000E+4	2.550000E+5	4.988300E-1	4.377428E-3
7.500000E+4	2.550000E+5	4.900262E-1	5.158913E-3
9.000000E+4	2.550000E+5	4.618310E-1	4.915216E-3
1.050000E+5	2.550000E+5	4.398688E-1	4.756800E-3
1.200000E+5	2.550000E+5	4.279311E-1	4.633040E-3
1.350000E+5	2.550000E+5	3.911533E-1	4.332962E-3
1.500000E+5	2.550000E+5	3.753231E-1	4.139780E-3
1.650000E+5	2.550000E+5	3.590789E-1	9.365088E-3
1.800000E+5	2.550000E+5	3.289655E-1	6.120196E-3
1.950000E+5	2.550000E+5	3.271176E-1	5.803872E-3
2.100000E+5	2.550000E+5	2.966534E-1	4.738116E-3
2.250000E+5	2.550000E+5	2.830157E-1	4.460415E-3
2.400000E+5	2.550000E+5	2.675118E-1	4.095366E-3
2.550000E+5	2.550000E+5	2.610943E-1	4.425957E-3
2.700000E+5	2.550000E+5	2.478350E-1	4.706951E-3
2.850000E+5	2.550000E+5	2.320292E-1	4.088125E-3
3.000000E+5	2.550000E+5	2.086607E-1	4.187511E-3
-3.000000E+5	2.700000E+5	2.134150E-1	5.014075E-3
-2.850000E+5	2.700000E+5	2.303282E-1	5.051138E-3
-2.700000E+5	2.700000E+5	2.534754E-1	4.200112E-3
-2.550000E+5	2.700000E+5	2.666470E-1	4.178490E-3
-2.400000E+5	2.700000E+5	2.751266E-1	3.906750E-3
-2.250000E+5	2.700000E+5	3.103329E-1	4.735019E-3
-2.100000E+5	2.700000E+5	3.194274E-1	4.060948E-3
-1.950000E+5	2.700000E+5	3.352994E-1	5.131992E-3
-1.800000E+5	2.700000E+5	3.618313E-1	5.934925E-3
-1.650000E+5	2.700000E+5	3.710063E-1	4.178319E-3
-1.500000E+5	2.700000E+5	3.954263E-1	6.649307E-3
-1.350000E+5	2.700000E+5	3.995727E-1	3.988525E-3
-1.200000E+5	2.700000E+5	4.230238E-1	6.223340E-3
-1.050000E+5	2.700000E+5	4.397423E-1	4.068156E-3
-9.000000E+4	2.700000E+5	4.540377E-1	4.843907E-3
-7.500000E+4	2.700000E+5	4.677447E-1	4.838503E-3
-6.000000E+4	2.700000E+5	4.875511E-1	4.704385E-3
-4.500000E+4	2.700000E+5	5.007768E-1	9.947661E-3
-3.000000E+4	2.700000E+5	4.944439E-1	4.508719E-3
-1.500000E+4	2.700000E+5	5.010470E-1	4.228877E-3
0.000000E+0	2.700000E+5	4.939799E-1	4.541718E-3
1.500000E+4	2.700000E+5	4.927194E-1	4.998526E-3
3.000000E+4	2.700000E+5	4.878275E-1	4.492323E-3
4.500000E+4	2.700000E+5	4.782496E-1	6.302450E-3
6.000000E+4	2.700000E+5	4.548311E-1	4.715176E-3
7.500000E+4	2.700000E+5	4.452553E-1	4.321697E-3
9.000000E+4	2.700000E+5	4.236112E-1	6.933461E-3
1.050000E+5	2.700000E+5	4.085428E-1	4.450731E-3
1.200000E+5	2.700000E+5	3.899459E-1	4.633313E-3
1.350000E+5	2.700000E+5	3.696225E-1	5.189518E-3
1.500000E+5	2.700000E+5	3.523228E-1	7.045861E-3
1.650000E+5	2.700000E+5	3.322930E-1	4.938319E-3
1.800000E+5	2.700000E+5	3.177600E-1	4.085231E-3
1.950000E+5	2.700000E+5	2.958437E-1	5.816829E-3
2.100000E+5	2.700000E+5	2.831513E-1	5.257071E-3
2.250000E+5	2.700000E+5	2.738702E-1	4.494867E-3
2.400000E+5	2.700000E+5	2.636703E-1	4.617802E-3
2.550000E+5	2.700000E+5	2.414174E-1	6.567779E-3
2.700000E+5	2.700000E+5	2.288312E-1	5.733026E-3
2.850000E+5	2.700000E+5	2.109216E-1	4.080168E-3
3.000000E+5	2.700000E+5	1.945662E-1	6.025107E-3
-3.000000E+5	2.850000E+5	2.019280E-1	4.788255E-3
-2.850000E+5	2.850000E+5	2.187699E-1	4.727389E-3
-2.700000E+5	2.850000E+5	2.335324E-1	3.826396E-3
-2.550000E+5	2.850000E+5	2.499133E-1	5.172219E-3
-2.400000E+5	2.850000E+5	2.663574E-1	4.579303E-3
-2.250000E+5	2.850000E+5	2.738080E-1	3.942851E-3
-2.100000E+5	2.850000E+5	2.857967E-1	7.024308E-3
-1.950000E+5	2.850000E+5	3.150881E-1	4.052826E-3
-1.800000E+5	2.850000E+5	3.236534E-1	4.277947E-3
-1.650000E+5	2.850000E+5	3.367424E-1	4.735029E-3
-1.500000E+5	2.850000E+5	3.526205E-1	4.604644E-3
-1.350000E+5	2.850000E+5	3.765836E-1	5.000606E-3
-1.200000E+5	2.850000E+5	3.882327E-1	4.575477E-3
-1.050000E+5	2.850000E+5	4.067327E-1	4.545112E-3
-9.000000E+4	2.850000E+5	4.102581E-1	4.442240E-3
-7.500000E+4	2.850000E+5	4.328597E-1	5.544937E-3
-6.000000E+4	2.850000E+5	4.394761E-1	3.980456E-3
-4.500000E+4	2.850000E+5	4.460915E-1	4.386930E-3
-3.000000E+4	2.850000E+5	4.461904E-1	4.278178E-3
-1.500000E+4	2.850000E+5	4.455796E-1	4.182268E-3
0.000000E+0	2.850000E+5	4.489836E-1	4.407795E-3
1.500000E+4	2.850000E+5	4.444904E-1	3.993054E-3
3.000000E+4	2.850000E+5	4.430179E-1	3.905915E-3
4.500000E+4	2.850000E+5	4.401625E-1	4.317231E-3
6.000000E+4	2.850000E+5	4.318501E-1	4.459329E-3
7.500000E+4	2.850000E+5	4.047247E-1	7.689802E-3
9.000000E+4	2.850000E+5	3.904344E-1	4.275896E-3
1.050000E+5	2.850000E+5	3.734508E-1	4.684860E-3
1.200000E+5	2.850000E+5	3.663724E-1	4.496998E-3
1.350000E+5	2.850000E+5	3.401883E-1	4.907483E-3
1.500000E+5	2.850000E+5	3.270401E-1	5.747888E-3
1.650000E+5	2.850000E+5	3.128986E-1	4.493347E-3
1.800000E+5	2.850000E+5	2.951594E-1	5.427817E-3
1.950000E+5	2.850000E+5	2.640160E-1	4.716689E-3
2.100000E+5	2.850000E+5	2.640496E-1	4.439414E-3
2.250000E+5	2.850000E+5	2.557149E-1	3.918671E-3
2.400000E+5	2.850000E+5	2.412094E-1	5.196199E-3
2.550000E+5	2.850000E+5	2.303792E-1	4.478254E-3
2.700000E+5	2.850000E+5	2.149396E-1	4.289444E-3
2.850000E+5	2.850000E+5	2.015640E-1	5.430000E-3
3.000000E+5	2.850000E+5	1.837166E-1	4.446853E-3
-3.000000E+5	3.000000E+5	1.775948E-1	4.881351E-3
-2.850000E+5	3.000000E+5	1.974879E-1	5.514154E-3
-2.700000E+5	3.000000E+5	2.076511E-1	4.229153E-3
-2.550000E+5	3.000000E+5	2.165070E-1	5.930855E-3
-2.400000E+5	3.000000E+5	2.319894E-1	4.351372E-3
-2.250000E+5	3.000000E+5	2.569427E-1	4.223849E-3
-2.100000E+5	3.000000E+5	2.646462E-1	4.367556E-3
-1.950000E+5	3.000000E+5	2.802766E-1	6.502416E-3
-1.800000E+5	3.000000E+5	2.971867E-1	5.804392E-3
-1.650000E+5	3.000000E+5	3.132994E-1	4.632128E-3
-1.500000E+5	3.000000E+5	3.233882E-1	4.320735E-3
-1.350000E+5	3.000000E+5	3.403066E-1	4.755796E-3
-1.200000E+5	3.000000E+5	3.551364E-1	4.491112E-3
-1.050000E+5	3.000000E+5	3.679378E-1	4.692812E-3
-9.000000E+4	3.000000E+5	3.835355E-1	4.188527E-3
-7.500000E+4	3.000000E+5	3.855333E-1	5.854453E-3
-6.000000E+4	3.000000E+5	4.036417E-1	4.900309E-3
-4.500000E+4	3.000000E+5	3.981675E-1	5.184054E-3
-3.000000E+4	3.000000E+5	4.104835E-1	4.358119E-3
-1.500000E+4	3.000000E+5	4.088416E-1	4.614764E-3
0.000000E+0	3.000000E+5	4.115828E-1	4.322334E-3
1.500000E+4	3.000000E+5	4.071263E-1	4.834957E-3
3.000000E+4	3.000000E+5	3.991393E-1	4.451249E-3
4.500000E+4	3.000000E+5	3.914552E-1	4.170208E-3
6.000000E+4	3.000000E+5	3.884815E-1	5.408357E-3
7.500000E+4	3.000000E+5	3.761930E-1	3.869732E-3
9.000000E+4	3.000000E+5	3.652119E-1	4.554116E-3
1.050000E+5	3.000000E+5	3.405421E-1	5.554074E-3
1.200000E+5	3.000000E+5	3.305941E-1	4.393015E-3
1.350000E+5	3.000000E+5	3.163221E-1	4.352663E-3
1.500000E+5	3.000000E+5	2.945750E-1	4.527847E-3
1.650000E+5	3.000000E+5	2.714472E-1	4.524772E-3
1.800000E+5	3.000000E+5	2.708088E-1	4.637249E-3
1.950000E+5	3.000000E+5	2.583154E-1	4.405285E-3
2.100000E+5	3.000000E+5	2.510544E-1	4.553317E-3
2.250000E+5	3.000000E+5	2.274004E-1	5.875594E-3
2.400000E+5	3.000000E+5	2.125665E-1	4.588044E-3
2.550000E+5	3.000000E+5	2.092828E-1	4.190204E-3
2.700000E+5	3.000000E+5	1.858021E-1	4.656320E-3
2.850000E+5	3.000000E+5	1.753197E-1	4.705733E-3
3.000000E+5	3.000000E+5	1.652635E-1	5.592242E-3
