-2.000000E+5	-2.000000E+5	4.647664E-1	1.216541E-2
-1.750000E+5	-2.000000E+5	4.826464E-1	1.447332E-2
-1.500000E+5	-2.000000E+5	4.424636E-1	1.955813E-2
-1.250000E+5	-2.000000E+5	3.752324E-1	1.265785E-2
-1.000000E+5	-2.000000E+5	3.178431E-1	1.161237E-2
-7.500000E+4	-2.000000E+5	3.041657E-1	6.382474E-2
-5.000000E+4	-2.000000E+5	-5.706243E-1	1.482082E+0
-2.500000E+4	-2.000000E+5	4.023058E-1	1.799970E-2
0.000000E+0	-2.000000E+5	4.961291E-1	1.995255E-2
2.500000E+4	-2.000000E+5	5.124667E-1	2.396110E-2
5.000000E+4	-2.000000E+5	4.636212E-1	1.147201E-2
7.500000E+4	-2.000000E+5	3.920671E-1	1.902423E-2
1.000000E+5	-2.000000E+5	3.201682E-1	2.501766E-2
1.250000E+5	-2.000000E+5	2.299488E-1	7.364205E-2
1.500000E+5	-2.000000E+5	3.158749E-1	1.394355E-2
1.750000E+5	-2.000000E+5	3.345799E-1	1.642956E-2
2.000000E+5	-2.000000E+5	3.266062E-1	1.793008E-2
-2.000000E+5	-1.750000E+5	5.119644E-1	1.730933E-2
-1.750000E+5	-1.750000E+5	4.581409E-1	1.829316E-2
-1.500000E+5	-1.750000E+5	4.201373E-1	1.436266E-2
-1.250000E+5	-1.750000E+5	3.156123E-1	1.992740E-2
-1.000000E+5	-1.750000E+5	3.271293E-1	1.550555E-2
-7.500000E+4	-1.750000E+5	3.665137E-1	1.688773E-2
-5.000000E+4	-1.750000E+5	1.726570E-1	5.099117E-1
-2.500000E+4	-1.750000E+5	6.820819E-1	1.088992E-2
0.000000E+0	-1.750000E+5	7.972285E-1	1.863041E-2
2.500000E+4	-1.750000E+5	8.282495E-1	8.077492E-3
5.000000E+4	-1.750000E+5	7.514598E-1	2.287034E-2
7.500000E+4	-1.750000E+5	5.862368E-1	2.439214E-2
1.000000E+5	-1.750000E+5	3.942943E-1	1.527637E-2
1.250000E+5	-1.750000E+5	3.079119E-1	9.785087E-3
1.500000E+5	-1.750000E+5	3.112038E-1	1.881118E-2
1.750000E+5	-1.750000E+5	3.410163E-1	2.761112E-2
2.000000E+5	-1.750000E+5	3.519827E-1	6.286921E-3
-2.000000E+5	-1.500000E+5	4.537563E-1	1.277381E-2
-1.750000E+5	-1.500000E+5	4.297942E-1	1.966634E-2
-1.500000E+5	-1.500000E+5	3.329003E-1	1.325461E-2
-1.250000E+5	-1.500000E+5	3.462076E-1	1.527683E-2
-1.000000E+5	-1.500000E+5	4.259889E-1	1.281693E-2
-7.500000E+4	-1.500000E+5	6.000356E-1	2.504860E-2
-5.000000E+4	-1.500000E+5	8.838659E-1	1.655075E-2
-2.500000E+4	-1.500000E+5	1.214273E+0	1.949615E-2
0.000000E+0	-1.500000E+5	1.386721E+0	1.027242E-2
2.500000E+4	-1.500000E+5	1.374705E+0	1.868035E-2
5.000000E+4	-1.500000E+5	1.218393E+0	3.433304E-2
7.500000E+4	-1.500000E+5	8.941382E-1	2.378329E-2
1.000000E+5	-1.500000E+5	5.687209E-1	1.325074E-2
1.250000E+5	-1.500000E+5	3.787302E-1	2.057663E-2
1.500000E+5	-1.500000E+5	3.080205E-1	1.848672E-2
1.750000E+5	-1.500000E+5	2.990601E-1	1.828523E-2
2.000000E+5	-1.500000E+5	3.487703E-1	1.324487E-2
-2.000000E+5	-1.250000E+5	4.156926E-1	9.769823E-3
-1.750000E+5	-1.250000E+5	4.109470E-1	1.514359E-2
-1.500000E+5	-1.250000E+5	3.832015E-1	1.996934E-2
-1.250000E+5	-1.250000E+5	4.156191E-1	2.093782E-2
-1.000000E+5	-1.250000E+5	6.213554E-1	2.089153E-2
-7.500000E+4	-1.250000E+5	1.023354E+0	2.366037E-2
-5.000000E+4	-1.250000E+5	1.484228E+0	1.202458E-2
-2.500000E+4	-1.250000E+5	1.936822E+0	1.759823E-2
0.000000E+0	-1.250000E+5	2.175451E+0	2.262451E-2
2.500000E+4	-1.250000E+5	2.176018E+0	1.441184E-2
5.000000E+4	-1.250000E+5	1.874052E+0	2.585526E-2
7.500000E+4	-1.250000E+5	1.396155E+0	1.426174E-2
1.000000E+5	-1.250000E+5	8.568608E-1	1.163172E-2
1.250000E+5	-1.250000E+5	4.874089E-1	1.391558E-2
1.500000E+5	-1.250000E+5	2.993517E-1	1.266171E-2
1.750000E+5	-1.250000E+5	2.828245E-1	2.603513E-2
2.000000E+5	-1.250000E+5	3.302922E-1	1.361725E-2
-2.000000E+5	-1.000000E+5	3.733483E-1	1.442522E-2
-1.750000E+5	-1.000000E+5	3.676951E-1	1.502543E-2
-1.500000E+5	-1.000000E+5	3.884866E-1	1.892661E-2
-1.250000E+5	-1.000000E+5	5.651501E-1	1.212572E-2
-1.000000E+5	-1.000000E+5	9.947982E-1	1.765310E-2
-7.500000E+4	-1.000000E+5	1.579786E+0	1.243446E-2
-5.000000E+4	-1.000000E+5	2.275495E+0	1.822262E-2
-2.500000E+4	-1.000000E+5	2.850890E+0	2.831428E-2
0.000000E+0	-1.000000E+5	3.183930E+0	8.703781E-3
2.500000E+4	-1.000000E+5	3.120036E+0	1.411232E-2
5.000000E+4	-1.000000E+5	2.675743E+0	1.571754E-2
7.500000E+4	-1.000000E+5	2.006489E+0	1.913505E-2
1.000000E+5	-1.000000E+5	1.271475E+0	1.626446E-2
1.250000E+5	-1.000000E+5	6.782750E-1	2.610349E-2
1.500000E+5	-1.000000E+5	3.368265E-1	2.600464E-2
1.750000E+5	-1.000000E+5	2.797825E-1	2.276904E-2
2.000000E+5	-1.000000E+5	2.960502E-1	2.031247E-2
-2.000000E+5	-7.500000E+4	3.099678E-1	2.042139E-2
-1.750000E+5	-7.500000E+4	3.364676E-1	1.274230E-2
-1.500000E+5	-7.500000E+4	4.623511E-1	1.757839E-2
-1.250000E+5	-7.500000E+4	8.117611E-1	2.343896E-2
-1.000000E+5	-7.500000E+4	1.440228E+0	2.848299E-2
-7.500000E+4	-7.500000E+4	2.264919E+0	7.231156E-3
-5.000000E+4	-7.500000E+4	3.177122E+0	1.412389E-2
-2.500000E+4	-7.500000E+4	3.878636E+0	2.121689E-2
0.000000E+0	-7.500000E+4	4.204924E+0	1.345555E-2
2.500000E+4	-7.500000E+4	4.054954E+0	2.321040E-2
5.000000E+4	-7.500000E+4	3.495724E+0	1.515118E-2
7.500000E+4	-7.500000E+4	2.643509E+0	1.156029E-2
1.000000E+5	-7.500000E+4	1.672303E+0	1.941876E-2
1.250000E+5	-7.500000E+4	9.146937E-1	1.521789E-2
1.500000E+5	-7.500000E+4	4.710575E-1	1.721081E-2
1.750000E+5	-7.500000E+4	2.643591E-1	1.420822E-2
2.000000E+5	-7.500000E+4	2.369961E-1	1.808994E-2
-2.000000E+5	-5.000000E+4	2.556425E-1	1.447260E-2
-1.750000E+5	-5.000000E+4	3.272084E-1	1.617434E-2
-1.500000E+5	-5.000000E+4	5.718639E-1	1.662088E-2
-1.250000E+5	-5.000000E+4	1.076989E+0	1.653702E-2
-1.000000E+5	-5.000000E+4	1.908196E+0	1.173109E-2
-7.500000E+4	-5.000000E+4	2.920542E+0	1.493908E-2
-5.000000E+4	-5.000000E+4	3.931989E+0	2.103410E-2
-2.500000E+4	-5.000000E+4	4.688028E+0	2.044911E-2
0.000000E+0	-5.000000E+4	5.009966E+0	2.446245E-2
2.500000E+4	-5.000000E+4	4.825651E+0	1.357216E-2
5.000000E+4	-5.000000E+4	4.108152E+0	1.279410E-2
7.500000E+4	-5.000000E+4	3.128454E+0	1.119344E-2
1.000000E+5	-5.000000E+4	2.055285E+0	8.940225E-3
1.250000E+5	-5.000000E+4	1.173035E+0	1.642876E-2
1.500000E+5	-5.000000E+4	6.111110E-1	2.451455E-2
1.750000E+5	-5.000000E+4	3.047281E-1	1.298029E-2
2.000000E+5	-5.000000E+4	2.448521E-1	3.279352E-2
-2.000000E+5	-2.500000E+4	2.438425E-1	1.655089E-2
-1.750000E+5	-2.500000E+4	3.620500E-1	1.897768E-2
-1.500000E+5	-2.500000E+4	6.631851E-1	1.521851E-2
-1.250000E+5	-2.500000E+4	1.245369E+0	1.270120E-2
-1.000000E+5	-2.500000E+4	2.226032E+0	1.316560E-2
-7.500000E+4	-2.500000E+4	3.323679E+0	1.732186E-2
-5.000000E+4	-2.500000E+4	4.404342E+0	1.292488E-2
-2.500000E+4	-2.500000E+4	5.133817E+0	1.430522E-2
0.000000E+0	-2.500000E+4	5.404037E+0	2.353613E-2
2.500000E+4	-2.500000E+4	5.134153E+0	2.048986E-2
5.000000E+4	-2.500000E+4	4.387578E+0	2.504865E-2
7.500000E+4	-2.500000E+4	3.357662E+0	1.428416E-2
1.000000E+5	-2.500000E+4	2.271623E+0	1.478971E-2
1.250000E+5	-2.500000E+4	1.347852E+0	1.758059E-2
1.500000E+5	-2.500000E+4	7.122182E-1	1.036024E-2
1.750000E+5	-2.500000E+4	3.747893E-1	1.731335E-2
2.000000E+5	-2.500000E+4	2.425091E-1	1.289657E-2
-2.000000E+5	0.000000E+0	2.450525E-1	1.422186E-2
-1.750000E+5	0.000000E+0	3.590034E-1	1.175707E-2
-1.500000E+5	0.000000E+0	6.962636E-1	1.259180E-2
-1.250000E+5	0.000000E+0	1.327047E+0	2.259980E-2
-1.000000E+5	0.000000E+0	2.276514E+0	3.838621E-2
-7.500000E+4	0.000000E+0	3.365072E+0	1.261025E-2
-5.000000E+4	0.000000E+0	4.327557E+0	2.026604E-2
-2.500000E+4	0.000000E+0	4.974784E+0	2.718220E-2
0.000000E+0	0.000000E+0	5.198075E+0	1.245429E-2
2.500000E+4	0.000000E+0	4.955145E+0	1.098783E-2
5.000000E+4	0.000000E+0	4.194112E+0	1.824762E-2
7.500000E+4	0.000000E+0	3.224866E+0	2.209470E-2
1.000000E+5	0.000000E+0	2.235897E+0	1.660881E-2
1.250000E+5	0.000000E+0	1.376115E+0	1.966814E-2
1.500000E+5	0.000000E+0	7.879545E-1	2.065506E-2
1.750000E+5	0.000000E+0	4.259002E-1	1.813834E-2
2.000000E+5	0.000000E+0	2.782574E-1	1.555106E-2
-2.000000E+5	2.500000E+4	2.477988E-1	1.164597E-2
-1.750000E+5	2.500000E+4	3.918804E-1	1.914536E-2
-1.500000E+5	2.500000E+4	7.071840E-1	2.450009E-2
-1.250000E+5	2.500000E+4	1.204628E+0	2.961090E-2
-1.000000E+5	2.500000E+4	2.027340E+0	1.552615E-2
-7.500000E+4	2.500000E+4	2.954130E+0	8.767449E-3
-5.000000E+4	2.500000E+4	3.765545E+0	1.688405E-2
-2.500000E+4	2.500000E+4	4.290837E+0	1.348743E-2
0.000000E+0	2.500000E+4	4.456134E+0	1.111115E-2
2.500000E+4	2.500000E+4	4.178246E+0	2.088319E-2
5.000000E+4	2.500000E+4	3.595843E+0	1.784281E-2
7.500000E+4	2.500000E+4	2.777039E+0	1.274188E-2
1.000000E+5	2.500000E+4	1.980652E+0	1.675111E-2
1.250000E+5	2.500000E+4	1.290151E+0	1.604811E-2
1.500000E+5	2.500000E+4	8.118783E-1	2.748092E-2
1.750000E+5	2.500000E+4	4.903005E-1	1.098882E-2
2.000000E+5	2.500000E+4	9.206645E-1	9.538967E-1
-2.000000E+5	5.000000E+4	2.823289E-1	1.304994E-2
-1.750000E+5	5.000000E+4	3.746771E-1	1.415926E-2
-1.500000E+5	5.000000E+4	5.867758E-1	3.229710E-2
-1.250000E+5	5.000000E+4	9.816231E-1	9.757842E-3
-1.000000E+5	5.000000E+4	1.569640E+0	1.172187E-2
-7.500000E+4	5.000000E+4	2.269016E+0	1.802636E-2
-5.000000E+4	5.000000E+4	2.836986E+0	1.828150E-2
-2.500000E+4	5.000000E+4	3.219870E+0	2.562329E-2
0.000000E+0	5.000000E+4	3.330060E+0	1.981115E-2
2.500000E+4	5.000000E+4	3.124295E+0	1.007659E-2
5.000000E+4	5.000000E+4	2.656711E+0	1.272598E-2
7.500000E+4	5.000000E+4	2.133665E+0	1.622880E-2
1.000000E+5	5.000000E+4	1.590904E+0	1.026615E-2
1.250000E+5	5.000000E+4	1.161641E+0	2.093865E-2
1.500000E+5	5.000000E+4	7.761071E-1	1.907897E-2
1.750000E+5	5.000000E+4	5.419702E-1	1.444809E-2
2.000000E+5	5.000000E+4	3.506233E-1	1.358620E-2
-2.000000E+5	7.500000E+4	2.582832E-1	1.389407E-2
-1.750000E+5	7.500000E+4	3.365292E-1	1.481868E-2
-1.500000E+5	7.500000E+4	4.623026E-1	1.272795E-2
-1.250000E+5	7.500000E+4	6.911177E-1	1.955952E-2
-1.000000E+5	7.500000E+4	1.062670E+0	1.915370E-2
-7.500000E+4	7.500000E+4	1.494777E+0	2.361317E-2
-5.000000E+4	7.500000E+4	1.872837E+0	1.300208E-2
-2.500000E+4	7.500000E+4	2.125333E+0	1.750172E-2
0.000000E+0	7.500000E+4	2.192082E+0	1.184262E-2
2.500000E+4	7.500000E+4	2.048128E+0	1.821605E-2
5.000000E+4	7.500000E+4	1.803894E+0	2.041532E-2
7.500000E+4	7.500000E+4	1.521973E+0	1.391598E-2
1.000000E+5	7.500000E+4	1.261220E+0	3.315408E-2
1.250000E+5	7.500000E+4	9.516152E-1	1.413154E-2
1.500000E+5	7.500000E+4	7.345190E-1	1.061095E-2
1.750000E+5	7.500000E+4	5.486509E-1	3.528371E-2
2.000000E+5	7.500000E+4	3.998873E-1	1.667421E-2
-2.000000E+5	1.000000E+5	2.494569E-1	1.577350E-2
-1.750000E+5	1.000000E+5	2.899421E-1	1.988348E-2
-1.500000E+5	1.000000E+5	3.488774E-1	8.494658E-3
-1.250000E+5	1.000000E+5	4.588817E-1	1.850131E-2
-1.000000E+5	1.000000E+5	6.726646E-1	1.818344E-2
-7.500000E+4	1.000000E+5	8.965429E-1	1.494163E-2
-5.000000E+4	1.000000E+5	1.106062E+0	1.316113E-2
-2.500000E+4	1.000000E+5	1.198413E+0	1.698338E-2
0.000000E+0	1.000000E+5	1.237383E+0	1.579264E-2
2.500000E+4	1.000000E+5	1.221736E+0	1.452401E-2
5.000000E+4	1.000000E+5	1.131669E+0	2.137217E-2
7.500000E+4	1.000000E+5	1.030634E+0	1.422342E-2
1.000000E+5	1.000000E+5	9.151582E-1	2.235279E-2
1.250000E+5	1.000000E+5	7.818037E-1	2.522813E-2
1.500000E+5	1.000000E+5	6.143881E-1	1.445137E-2
1.750000E+5	1.000000E+5	5.359055E-1	2.253338E-2
2.000000E+5	1.000000E+5	4.082277E-1	1.191888E-2
-2.000000E+5	1.250000E+5	2.158890E-1	1.628923E-2
-1.750000E+5	1.250000E+5	2.598965E-1	2.051956E-2
-1.500000E+5	1.250000E+5	2.730003E-1	1.048922E-2
-1.250000E+5	1.250000E+5	3.032550E-1	1.529110E-2
-1.000000E+5	1.250000E+5	3.814985E-1	1.357606E-2
-7.500000E+4	1.250000E+5	5.024732E-1	1.227988E-2
-5.000000E+4	1.250000E+5	5.667965E-1	2.013072E-2
-2.500000E+4	1.250000E+5	6.336015E-1	2.129244E-2
0.000000E+0	1.250000E+5	6.529311E-1	9.068501E-3
2.500000E+4	1.250000E+5	6.795411E-1	9.899949E-3
5.000000E+4	1.250000E+5	6.879406E-1	1.550924E-2
7.500000E+4	1.250000E+5	6.713231E-1	1.635402E-2
1.000000E+5	1.250000E+5	6.355330E-1	1.498192E-2
1.250000E+5	1.250000E+5	5.768818E-1	1.421706E-2
1.500000E+5	1.250000E+5	5.439680E-1	1.726948E-2
1.750000E+5	1.250000E+5	4.651902E-1	1.929372E-2
2.000000E+5	1.250000E+5	3.613724E-1	1.688893E-2
-2.000000E+5	1.500000E+5	2.098977E-1	1.536570E-2
-1.750000E+5	1.500000E+5	2.594907E-1	1.854183E-2
-1.500000E+5	1.500000E+5	2.358320E-1	2.542811E-2
-1.250000E+5	1.500000E+5	2.380837E-1	1.105787E-2
-1.000000E+5	1.500000E+5	2.632792E-1	1.094831E-2
-7.500000E+4	1.500000E+5	3.126406E-1	2.872570E-2
-5.000000E+4	1.500000E+5	3.112226E-1	1.530395E-2
-2.500000E+4	1.500000E+5	3.759263E-1	8.442215E-3
0.000000E+0	1.500000E+5	3.644904E-1	2.207804E-2
2.500000E+4	1.500000E+5	3.954268E-1	1.996930E-2
5.000000E+4	1.500000E+5	4.256947E-1	2.765761E-2
7.500000E+4	1.500000E+5	4.675551E-1	1.521444E-2
1.000000E+5	1.500000E+5	4.444328E-1	2.012809E-2
1.250000E+5	1.500000E+5	4.450886E-1	1.866898E-2
1.500000E+5	1.500000E+5	4.285292E-1	2.154174E-2
1.750000E+5	1.500000E+5	3.869385E-1	2.375333E-2
2.000000E+5	1.500000E+5	3.194814E-1	2.130425E-2
-2.000000E+5	1.750000E+5	1.925098E-1	1.732966E-2
-1.750000E+5	1.750000E+5	2.239198E-1	1.030517E-2
-1.500000E+5	1.750000E+5	2.092201E-1	1.506254E-2
-1.250000E+5	1.750000E+5	2.017435E-1	1.137709E-2
-1.000000E+5	1.750000E+5	2.152251E-1	1.093633E-2
-7.500000E+4	1.750000E+5	2.406872E-1	8.539749E-3
-5.000000E+4	1.750000E+5	2.564940E-1	1.123477E-2
-2.500000E+4	1.750000E+5	2.896627E-1	1.871798E-2
0.000000E+0	1.750000E+5	2.884232E-1	1.311298E-2
2.500000E+4	1.750000E+5	3.107255E-1	1.318654E-2
5.000000E+4	1.750000E+5	3.198781E-1	1.302777E-2
7.500000E+4	1.750000E+5	3.369336E-1	2.317767E-2
1.000000E+5	1.750000E+5	3.695598E-1	1.952121E-2
1.250000E+5	1.750000E+5	3.250122E-1	2.024354E-2
1.500000E+5	1.750000E+5	3.132857E-1	1.233525E-2
1.750000E+5	1.750000E+5	3.309127E-1	1.365850E-2
2.000000E+5	1.750000E+5	2.736459E-1	2.974155E-2
-2.000000E+5	2.000000E+5	2.124324E-1	1.213122E-2
-1.750000E+5	2.000000E+5	2.039381E-1	3.870979E-2
-1.500000E+5	2.000000E+5	1.768300E-1	1.511807E-2
-1.250000E+5	2.000000E+5	2.209130E-1	1.901212E-2
-1.000000E+5	2.000000E+5	1.842403E-1	1.300447E-2
-7.500000E+4	2.000000E+5	2.210354E-1	1.470802E-2
-5.000000E+4	2.000000E+5	2.192594E-1	1.958069E-2
-2.500000E+4	2.000000E+5	2.433841E-1	1.800366E-2
0.000000E+0	2.000000E+5	2.547440E-1	3.072691E-2
2.500000E+4	2.000000E+5	2.952415E-1	1.709484E-2
5.000000E+4	2.000000E+5	2.742287E-1	1.382225E-2
7.500000E+4	2.000000E+5	2.710617E-1	2.178937E-2
1.000000E+5	2.000000E+5	2.515597E-1	1.394922E-2
1.250000E+5	2.000000E+5	2.621804E-1	2.436608E-2
1.500000E+5	2.000000E+5	2.451677E-1	1.988493E-2
1.750000E+5	2.000000E+5	2.353063E-1	1.091748E-2
2.000000E+5	2.000000E+5	2.351381E-1	1.344790E-2
