9.962562E-2	6.735669E-3
9.999456E-2	6.733939E-3
1.000460E-1	6.735927E-3
1.001028E-1	6.731989E-3
1.001622E-1	6.733177E-3
1.001880E-1	6.731796E-3
1.002331E-1	6.733668E-3
1.002992E-1	6.733435E-3
1.003242E-1	6.731912E-3
1.003548E-1	6.734997E-3
1.003983E-1	6.735991E-3
1.004264E-1	6.735953E-3
1.004869E-1	6.736805E-3
1.005147E-1	6.735501E-3
1.005837E-1	6.737399E-3
1.006161E-1	6.738999E-3
1.006621E-1	6.738070E-3
1.006981E-1	6.736043E-3
1.007110E-1	6.737489E-3
1.007768E-1	6.736998E-3
1.008317E-1	6.737308E-3
1.008992E-1	6.737089E-3
1.009186E-1	6.737644E-3
1.009835E-1	6.738961E-3
1.010227E-1	6.738225E-3
1.010468E-1	6.737166E-3
1.010761E-1	6.738664E-3
1.011228E-1	6.737579E-3
1.011958E-1	6.737541E-3
1.012137E-1	6.736417E-3
1.012499E-1	6.738845E-3
1.012870E-1	6.737282E-3
1.013314E-1	6.738083E-3
1.013522E-1	6.735772E-3
1.013968E-1	6.735682E-3
1.014344E-1	6.737644E-3
1.014842E-1	6.735837E-3
1.015101E-1	6.736301E-3
1.015418E-1	6.736960E-3
1.015758E-1	6.737334E-3
1.016303E-1	6.738406E-3
1.016919E-1	6.738677E-3
1.017079E-1	6.737399E-3
1.017709E-1	6.737760E-3
1.018506E-1	6.739438E-3
1.018582E-1	6.737993E-3
1.019187E-1	6.738780E-3
1.019233E-1	6.736792E-3
1.019824E-1	6.737218E-3
1.020161E-1	6.738225E-3
1.020593E-1	6.735398E-3
1.020841E-1	6.734610E-3
1.021297E-1	6.735682E-3
1.022009E-1	6.736082E-3
1.022335E-1	6.738922E-3
1.022551E-1	6.737670E-3
1.023227E-1	6.736185E-3
1.023765E-1	6.736133E-3
1.023993E-1	6.736275E-3
1.024290E-1	6.737941E-3
1.024911E-1	6.738122E-3
1.025202E-1	6.736430E-3
1.025706E-1	6.735746E-3
1.026039E-1	6.736882E-3
1.026508E-1	6.737386E-3
1.026973E-1	6.735410E-3
1.027154E-1	6.735617E-3
1.027728E-1	6.735604E-3
1.028054E-1	6.738018E-3
1.028763E-1	6.735062E-3
1.029064E-1	6.738341E-3
1.029414E-1	6.736663E-3
1.029826E-1	6.737915E-3
1.030221E-1	6.736430E-3
1.030550E-1	6.736611E-3
1.030759E-1	6.738044E-3
1.031143E-1	6.737050E-3
1.031413E-1	6.739296E-3
1.032409E-1	6.737554E-3
1.032752E-1	6.737915E-3
1.033150E-1	6.736792E-3
1.033233E-1	6.737218E-3
1.033739E-1	6.738664E-3
1.034419E-1	6.736740E-3
1.034673E-1	6.736224E-3
1.034824E-1	6.737799E-3
1.035134E-1	6.738561E-3
1.035707E-1	6.737205E-3
1.036271E-1	6.736650E-3
1.036820E-1	6.736198E-3
1.036844E-1	6.738690E-3
1.037272E-1	6.735320E-3
1.037723E-1	6.737166E-3
1.038464E-1	6.737967E-3
1.038615E-1	6.736482E-3
1.039038E-1	6.735914E-3
1.039404E-1	6.736430E-3
1.039934E-1	6.736366E-3
1.040333E-1	6.737102E-3
1.040600E-1	6.735953E-3
1.041128E-1	6.738005E-3
1.041694E-1	6.735281E-3
1.041748E-1	6.736701E-3
1.042285E-1	6.737528E-3
1.042857E-1	6.737541E-3
1.043288E-1	6.736185E-3
1.043519E-1	6.736934E-3
1.043785E-1	6.736908E-3
1.044450E-1	6.736779E-3
1.044674E-1	6.736340E-3
1.044971E-1	6.737244E-3
1.045238E-1	6.737115E-3
1.045710E-1	6.737063E-3
1.046173E-1	6.736921E-3
1.046704E-1	6.736701E-3
1.046975E-1	6.736740E-3
1.047434E-1	6.737192E-3
1.047537E-1	6.737554E-3
1.047933E-1	6.737205E-3
1.048452E-1	6.738728E-3
1.048761E-1	6.738005E-3
1.049305E-1	6.738031E-3
1.049787E-1	6.736727E-3
1.049942E-1	6.737424E-3
1.050298E-1	6.739426E-3
1.050950E-1	6.737812E-3
1.051221E-1	6.738535E-3
1.051750E-1	6.738289E-3
1.052467E-1	6.737424E-3
1.052943E-1	6.737347E-3
1.053042E-1	6.737747E-3
1.053465E-1	6.737218E-3
1.054129E-1	6.738896E-3
1.054350E-1	6.738147E-3
1.054621E-1	6.737838E-3
1.054848E-1	6.738922E-3
1.055246E-1	6.737128E-3
1.055909E-1	6.737657E-3
1.055938E-1	6.738057E-3
1.056416E-1	6.737941E-3
1.056951E-1	6.737050E-3
1.057447E-1	6.739154E-3
1.057519E-1	6.736379E-3
1.057845E-1	6.736482E-3
1.058483E-1	6.735294E-3
1.059082E-1	6.736133E-3
1.059556E-1	6.738199E-3
1.059793E-1	6.736663E-3
1.060159E-1	6.737799E-3
1.060369E-1	6.738238E-3
1.060622E-1	6.737708E-3
1.060887E-1	6.737192E-3
1.061537E-1	6.738199E-3
1.062069E-1	6.738354E-3
1.062812E-1	6.738135E-3
1.062849E-1	6.736443E-3
1.063305E-1	6.737437E-3
1.063637E-1	6.738444E-3
1.064123E-1	6.735759E-3
1.064469E-1	6.736275E-3
1.064336E-1	6.738018E-3
1.064951E-1	6.739774E-3
1.065510E-1	6.738225E-3
1.065985E-1	6.737541E-3
1.066216E-1	6.737812E-3
1.066573E-1	6.737102E-3
1.067030E-1	6.736263E-3
1.067663E-1	6.736095E-3
1.067930E-1	6.737605E-3
1.068261E-1	6.738315E-3
1.068637E-1	6.736301E-3
1.068695E-1	6.736559E-3
1.068907E-1	6.737579E-3
1.069825E-1	6.739116E-3
1.069984E-1	6.736301E-3
1.070532E-1	6.738561E-3
1.070662E-1	6.737308E-3
1.071144E-1	6.737915E-3
1.071535E-1	6.737528E-3
1.071929E-1	6.735772E-3
1.072147E-1	6.737541E-3
1.072529E-1	6.735333E-3
1.072992E-1	6.737734E-3
1.073236E-1	6.737424E-3
1.073605E-1	6.737386E-3
1.074072E-1	6.738754E-3
1.074343E-1	6.737670E-3
1.074358E-1	6.733539E-3
1.075119E-1	6.737295E-3
1.075498E-1	6.738031E-3
1.076017E-1	6.738703E-3
1.076082E-1	6.737153E-3
1.076568E-1	6.737192E-3
1.077261E-1	6.738754E-3
1.077532E-1	6.735979E-3
1.077845E-1	6.736934E-3
1.078488E-1	6.736043E-3
1.078565E-1	6.737270E-3
1.078942E-1	6.736495E-3
1.079358E-1	6.735746E-3
1.079790E-1	6.737541E-3
1.080054E-1	6.736960E-3
1.080603E-1	6.738857E-3
1.080800E-1	6.738147E-3
1.081044E-1	6.737515E-3
1.081606E-1	6.739348E-3
1.082134E-1	6.737450E-3
1.082439E-1	6.736908E-3
1.082824E-1	6.735359E-3
1.083253E-1	6.739025E-3
1.083564E-1	6.736779E-3
1.084361E-1	6.737295E-3
1.084362E-1	6.736508E-3
1.084608E-1	6.737089E-3
1.084782E-1	6.737696E-3
1.085310E-1	6.736275E-3
1.085666E-1	6.737812E-3
1.086261E-1	6.739361E-3
1.086609E-1	6.737308E-3
1.086966E-1	6.737541E-3
1.087537E-1	6.736947E-3
1.087742E-1	6.736017E-3
1.088034E-1	6.740213E-3
1.088336E-1	6.737644E-3
1.088595E-1	6.739038E-3
1.089075E-1	6.736856E-3
1.089587E-1	6.739968E-3
1.090045E-1	6.740045E-3
1.090274E-1	6.735733E-3
1.090718E-1	6.739826E-3
1.091143E-1	6.740523E-3
1.091316E-1	6.739619E-3
1.091591E-1	6.738470E-3
1.091893E-1	6.736482E-3
1.092471E-1	6.738289E-3
1.092813E-1	6.737037E-3
1.093212E-1	6.737670E-3
1.093341E-1	6.738586E-3
1.093713E-1	6.736082E-3
1.094179E-1	6.735307E-3
1.094377E-1	6.737218E-3
1.094736E-1	6.737295E-3
1.095304E-1	6.739090E-3
1.095633E-1	6.737179E-3
1.095903E-1	6.739129E-3
1.096179E-1	6.737463E-3
1.096730E-1	6.736882E-3
1.097099E-1	6.737257E-3
1.097558E-1	6.737644E-3
1.097760E-1	6.736753E-3
1.097862E-1	6.737424E-3
1.098259E-1	6.734610E-3
1.098750E-1	6.736818E-3
1.099343E-1	6.737489E-3
1.099481E-1	6.737476E-3
1.099888E-1	6.736766E-3
1.100091E-1	6.738780E-3
1.100503E-1	6.739116E-3
1.100799E-1	6.737347E-3
1.101108E-1	6.737192E-3
1.101532E-1	6.738199E-3
1.102158E-1	6.735656E-3
1.102581E-1	6.737115E-3
1.102681E-1	6.738819E-3
1.102815E-1	6.738251E-3
1.103237E-1	6.738160E-3
1.103698E-1	6.738728E-3
1.104181E-1	6.738315E-3
1.104504E-1	6.738832E-3
1.104648E-1	6.737721E-3
1.105308E-1	6.738728E-3
1.105461E-1	6.740575E-3
1.105902E-1	6.738483E-3
1.106021E-1	6.739864E-3
1.106398E-1	6.737902E-3
1.106893E-1	6.738277E-3
1.107370E-1	6.738767E-3
1.107513E-1	6.739761E-3
1.107969E-1	6.738186E-3
1.108312E-1	6.736869E-3
1.108592E-1	6.736495E-3
1.109320E-1	6.738457E-3
1.109433E-1	6.736882E-3
1.109749E-1	6.738212E-3
1.110087E-1	6.736017E-3
1.110402E-1	6.736417E-3
1.110640E-1	6.737386E-3
1.110855E-1	6.739955E-3
1.111743E-1	6.739116E-3
1.112036E-1	6.736598E-3
1.112425E-1	6.738573E-3
1.112487E-1	6.738535E-3
1.112676E-1	6.736095E-3
1.113062E-1	6.736598E-3
1.113514E-1	6.736818E-3
1.113630E-1	6.738819E-3
1.114069E-1	6.738612E-3
1.114052E-1	6.738896E-3
1.114740E-1	6.736766E-3
1.114999E-1	6.738070E-3
1.115532E-1	6.737657E-3
1.115970E-1	6.737192E-3
1.116092E-1	6.738690E-3
1.116503E-1	6.738522E-3
1.116782E-1	6.737515E-3
1.116929E-1	6.736263E-3
1.117333E-1	6.736611E-3
1.117912E-1	6.737024E-3
1.118119E-1	6.738561E-3
1.118539E-1	6.737011E-3
1.118745E-1	6.739206E-3
1.119148E-1	6.737631E-3
1.119532E-1	6.739232E-3
1.119950E-1	6.738393E-3
1.120143E-1	6.736714E-3
1.120403E-1	6.738406E-3
1.120502E-1	6.738896E-3
1.121430E-1	6.735398E-3
1.121694E-1	6.738122E-3
1.121969E-1	6.737528E-3
1.122188E-1	6.739632E-3
1.122455E-1	6.738961E-3
1.123136E-1	6.736585E-3
1.123393E-1	6.739077E-3
1.123508E-1	6.737386E-3
1.124119E-1	6.738599E-3
1.124264E-1	6.734972E-3
1.124757E-1	6.736211E-3
1.125080E-1	6.737876E-3
1.125545E-1	6.737812E-3
1.125889E-1	6.737747E-3
1.126285E-1	6.738406E-3
1.126578E-1	6.738147E-3
1.126638E-1	6.737450E-3
1.127079E-1	6.738096E-3
1.127390E-1	6.737579E-3
1.127664E-1	6.737786E-3
1.128106E-1	6.738690E-3
1.128622E-1	6.738999E-3
1.128961E-1	6.738380E-3
1.129285E-1	6.739503E-3
1.129405E-1	6.739154E-3
1.129943E-1	6.738044E-3
1.130153E-1	6.738031E-3
1.130354E-1	6.736689E-3
1.130817E-1	6.736030E-3
1.131192E-1	6.737941E-3
1.131443E-1	6.737915E-3
1.131846E-1	6.737321E-3
1.132295E-1	6.737412E-3
1.132520E-1	6.737618E-3
1.132773E-1	6.739400E-3
1.133108E-1	6.737502E-3
1.133646E-1	6.737231E-3
1.133848E-1	6.737360E-3
1.134178E-1	6.737980E-3
1.134333E-1	6.740200E-3
1.134618E-1	6.739968E-3
1.134920E-1	6.738431E-3
1.135185E-1	6.738573E-3
1.135875E-1	6.739064E-3
1.136073E-1	6.737592E-3
1.136361E-1	6.738083E-3
1.136576E-1	6.739271E-3
1.136978E-1	6.737541E-3
1.137313E-1	6.739258E-3
1.137693E-1	6.739761E-3
1.137956E-1	6.738625E-3
1.138256E-1	6.739529E-3
1.138722E-1	6.737592E-3
1.139095E-1	6.737360E-3
1.139487E-1	6.737850E-3
1.139701E-1	6.739025E-3
1.139841E-1	6.737463E-3
1.140090E-1	6.738083E-3
1.140412E-1	6.740975E-3
1.140829E-1	6.738703E-3
1.141154E-1	6.739348E-3
1.141667E-1	6.738625E-3
1.141871E-1	6.739697E-3
1.142343E-1	6.738018E-3
1.142634E-1	6.738341E-3
1.143041E-1	6.739477E-3
1.143393E-1	6.738677E-3
1.143235E-1	6.739348E-3
1.143837E-1	6.738922E-3
1.144389E-1	6.738341E-3
1.144579E-1	6.738070E-3
1.144399E-1	6.737218E-3
1.145056E-1	6.739852E-3
1.145535E-1	6.738767E-3
1.145747E-1	6.738044E-3
1.146302E-1	6.739606E-3
1.146550E-1	6.737889E-3
1.146977E-1	6.739103E-3
1.147206E-1	6.736250E-3
1.147443E-1	6.740239E-3
1.147469E-1	6.740136E-3
1.147772E-1	6.738406E-3
1.148353E-1	6.738186E-3
1.148425E-1	6.739154E-3
1.148818E-1	6.739167E-3
1.149271E-1	6.739361E-3
1.149646E-1	6.737037E-3
1.149889E-1	6.737424E-3
1.150188E-1	6.737773E-3
1.150397E-1	6.736753E-3
1.150539E-1	6.738573E-3
1.151039E-1	6.739451E-3
1.151501E-1	6.737683E-3
1.151730E-1	6.740110E-3
1.152229E-1	6.737967E-3
1.152475E-1	6.739116E-3
1.152733E-1	6.738186E-3
1.152982E-1	6.737954E-3
1.153335E-1	6.738909E-3
1.153885E-1	6.737863E-3
1.154022E-1	6.736740E-3
1.154205E-1	6.739064E-3
1.154741E-1	6.736843E-3
1.155121E-1	6.739322E-3
1.155370E-1	6.737102E-3
1.155584E-1	6.738470E-3
1.155856E-1	6.738393E-3
1.156208E-1	6.738044E-3
1.156398E-1	6.737554E-3
1.156685E-1	6.736766E-3
1.156871E-1	6.736108E-3
1.157580E-1	6.737386E-3
1.157758E-1	6.740148E-3
1.157980E-1	6.739051E-3
1.158164E-1	6.738625E-3
1.158746E-1	6.739490E-3
1.158958E-1	6.738173E-3
1.159068E-1	6.738225E-3
1.159679E-1	6.739335E-3
1.159855E-1	6.735475E-3
1.160251E-1	6.738186E-3
1.160384E-1	6.738186E-3
1.160522E-1	6.738419E-3
1.161061E-1	6.739981E-3
1.161383E-1	6.740006E-3
1.161937E-1	6.739284E-3
1.162000E-1	6.737902E-3
1.162399E-1	6.738987E-3
1.162610E-1	6.738238E-3
1.162804E-1	6.739180E-3
1.163211E-1	6.738419E-3
1.163464E-1	6.738870E-3
1.163792E-1	6.741117E-3
1.163778E-1	6.739710E-3
1.164389E-1	6.740613E-3
1.164709E-1	6.737450E-3
1.164883E-1	6.739077E-3
1.165367E-1	6.737231E-3
1.165597E-1	6.739529E-3
1.165932E-1	6.739774E-3
1.166241E-1	6.739438E-3
1.166679E-1	6.739322E-3
1.166939E-1	6.737747E-3
1.167130E-1	6.734068E-3
1.167519E-1	6.732389E-3
1.167721E-1	6.735591E-3
1.167957E-1	6.735075E-3
1.168403E-1	6.733977E-3
1.168757E-1	6.733461E-3
1.168931E-1	6.734055E-3
1.169210E-1	6.735010E-3
1.169462E-1	6.733874E-3
1.169681E-1	6.731098E-3
1.170417E-1	6.735385E-3
1.170559E-1	6.735204E-3
1.170928E-1	6.737257E-3
1.171130E-1	6.737566E-3
1.171704E-1	6.737592E-3
1.172193E-1	6.737231E-3
1.172693E-1	6.737928E-3
1.173166E-1	6.739129E-3
1.173483E-1	6.740136E-3
1.173883E-1	6.739335E-3
1.174195E-1	6.740110E-3
1.174246E-1	6.738341E-3
1.174617E-1	6.739606E-3
1.175335E-1	6.738612E-3
1.175877E-1	6.738703E-3
1.176162E-1	6.739245E-3
1.176539E-1	6.737308E-3
1.176934E-1	6.738896E-3
1.177245E-1	6.738005E-3
1.177728E-1	6.738561E-3
1.178222E-1	6.739400E-3
1.178689E-1	6.738018E-3
1.178901E-1	6.738522E-3
1.179076E-1	6.737063E-3
1.179581E-1	6.739877E-3
1.180025E-1	6.738031E-3
1.180241E-1	6.737657E-3
1.180629E-1	6.739877E-3
1.180999E-1	6.736443E-3
1.181533E-1	6.740445E-3
1.182022E-1	6.739451E-3
1.182304E-1	6.739981E-3
1.182544E-1	6.739245E-3
1.182856E-1	6.738160E-3
1.183287E-1	6.739309E-3
1.183894E-1	6.740226E-3
1.184258E-1	6.737463E-3
1.184675E-1	6.739051E-3
1.185139E-1	6.739206E-3
1.185686E-1	6.740510E-3
1.185841E-1	6.740032E-3
1.186253E-1	6.740019E-3
1.186617E-1	6.739774E-3
1.186901E-1	6.738974E-3
1.187236E-1	6.739852E-3
1.187906E-1	6.737696E-3
1.188385E-1	6.739322E-3
1.188510E-1	6.738728E-3
1.188825E-1	6.738096E-3
1.189094E-1	6.741427E-3
1.189408E-1	6.740110E-3
1.189934E-1	6.739258E-3
1.190502E-1	6.738277E-3
1.190654E-1	6.737954E-3
1.191017E-1	6.739748E-3
1.191511E-1	6.737863E-3
1.191879E-1	6.739012E-3
1.192423E-1	6.739426E-3
1.192665E-1	6.739426E-3
1.193216E-1	6.740975E-3
1.193622E-1	6.739529E-3
1.193971E-1	6.738264E-3
1.194348E-1	6.739090E-3
1.194292E-1	6.737928E-3
1.194883E-1	6.739051E-3
1.195016E-1	6.740587E-3
1.195391E-1	6.739735E-3
1.195865E-1	6.739180E-3
1.196140E-1	6.739658E-3
1.196705E-1	6.737902E-3
1.197123E-1	6.739839E-3
1.197387E-1	6.739684E-3
1.197737E-1	6.740910E-3
1.197962E-1	6.739387E-3
1.198321E-1	6.739025E-3
1.198894E-1	6.738690E-3
1.199121E-1	6.742033E-3
1.199277E-1	6.738961E-3
1.199904E-1	6.739400E-3
1.199992E-1	6.739038E-3
1.200378E-1	6.740187E-3
1.200967E-1	6.739051E-3
1.201555E-1	6.739271E-3
1.201846E-1	6.738212E-3
1.201819E-1	6.739684E-3
1.202430E-1	6.738677E-3
1.202680E-1	6.738328E-3
1.203315E-1	6.741375E-3
1.203800E-1	6.741065E-3
1.204154E-1	6.739090E-3
1.204396E-1	6.738728E-3
1.204626E-1	6.737412E-3
1.205056E-1	6.738328E-3
1.205279E-1	6.737863E-3
1.206083E-1	6.737773E-3
1.206221E-1	6.738315E-3
1.206653E-1	6.738780E-3
1.207337E-1	6.740278E-3
1.207484E-1	6.740239E-3
1.207669E-1	6.740123E-3
1.208084E-1	6.738496E-3
1.208256E-1	6.739787E-3
1.208843E-1	6.741285E-3
1.209046E-1	6.740652E-3
1.209466E-1	6.741698E-3
1.209775E-1	6.738961E-3
1.210276E-1	6.739025E-3
1.210394E-1	6.739929E-3
1.210911E-1	6.741130E-3
1.211447E-1	6.741956E-3
1.211676E-1	6.738935E-3
1.211986E-1	6.738173E-3
1.212503E-1	6.739103E-3
1.212843E-1	6.739284E-3
1.213206E-1	6.737889E-3
1.213306E-1	6.739129E-3
1.213857E-1	6.739955E-3
1.214181E-1	6.739348E-3
1.214468E-1	6.738870E-3
1.214543E-1	6.738354E-3
1.214964E-1	6.739051E-3
1.215531E-1	6.738948E-3
1.215802E-1	6.740136E-3
1.216378E-1	6.738690E-3
1.216356E-1	6.738974E-3
1.216616E-1	6.739400E-3
1.217077E-1	6.738561E-3
1.217528E-1	6.741065E-3
1.217412E-1	6.740213E-3
1.218220E-1	6.740729E-3
1.218474E-1	6.739477E-3
1.218801E-1	6.742382E-3
1.219012E-1	6.740291E-3
1.219346E-1	6.740407E-3
1.220093E-1	6.741349E-3
1.220321E-1	6.739413E-3
1.220557E-1	6.743221E-3
1.220885E-1	6.739296E-3
1.221405E-1	6.737786E-3
1.221687E-1	6.741065E-3
1.222096E-1	6.738561E-3
1.222476E-1	6.740523E-3
1.222865E-1	6.740355E-3
1.223074E-1	6.739309E-3
1.223751E-1	6.738948E-3
1.223805E-1	6.739051E-3
1.224137E-1	6.740768E-3
1.224485E-1	6.740729E-3
1.224523E-1	6.740665E-3
1.225009E-1	6.741582E-3
1.225305E-1	6.740510E-3
1.225851E-1	6.739580E-3
1.226225E-1	6.740897E-3
1.226704E-1	6.743221E-3
1.226847E-1	6.739464E-3
1.226957E-1	6.741001E-3
1.227470E-1	6.740471E-3
1.227859E-1	6.741297E-3
1.228163E-1	6.739219E-3
1.228578E-1	6.740316E-3
1.228930E-1	6.740394E-3
1.229096E-1	6.740342E-3
1.229690E-1	6.741633E-3
1.229959E-1	6.739348E-3
1.230471E-1	6.739645E-3
1.230485E-1	6.740497E-3
1.230615E-1	6.740613E-3
1.231314E-1	6.740226E-3
1.231813E-1	6.740639E-3
1.232120E-1	6.741220E-3
1.232275E-1	6.740510E-3
1.232696E-1	6.740729E-3
1.233038E-1	6.741814E-3
1.233390E-1	6.740923E-3
1.233577E-1	6.741026E-3
1.233925E-1	6.740587E-3
1.234245E-1	6.740704E-3
1.234516E-1	6.741556E-3
1.234846E-1	6.739864E-3
1.235115E-1	6.739051E-3
1.235399E-1	6.742150E-3
1.235783E-1	6.739451E-3
1.236209E-1	6.739968E-3
1.236749E-1	6.739800E-3
1.236901E-1	6.741840E-3
1.237306E-1	6.742731E-3
1.237744E-1	6.740226E-3
1.238048E-1	6.741362E-3
1.238257E-1	6.741452E-3
1.238539E-1	6.740420E-3
1.238988E-1	6.741310E-3
1.239176E-1	6.742292E-3
1.239627E-1	6.740626E-3
1.240093E-1	6.741943E-3
1.240309E-1	6.743570E-3
1.240437E-1	6.740794E-3
1.240772E-1	6.743402E-3
1.240864E-1	6.745145E-3
1.241208E-1	6.745519E-3
1.241544E-1	6.743608E-3
1.241961E-1	6.743621E-3
1.242635E-1	6.745313E-3
1.242666E-1	6.746771E-3
1.243033E-1	6.746862E-3
1.243409E-1	6.747701E-3
1.243871E-1	6.748695E-3
1.243948E-1	6.749366E-3
1.244237E-1	6.751819E-3
1.244614E-1	6.752000E-3
1.244697E-1	6.751755E-3
1.245465E-1	6.753175E-3
1.245749E-1	6.754685E-3
1.245964E-1	6.755434E-3
1.246129E-1	6.755215E-3
1.246476E-1	6.755809E-3
1.247004E-1	6.757319E-3
1.247226E-1	6.757538E-3
1.247404E-1	6.759720E-3
1.247706E-1	6.760030E-3
1.248095E-1	6.761282E-3
1.248442E-1	6.761037E-3
1.248696E-1	6.761889E-3
1.249163E-1	6.764342E-3
1.249598E-1	6.764239E-3
1.249857E-1	6.764859E-3
1.250041E-1	6.767737E-3
1.250452E-1	6.766834E-3
1.250556E-1	6.767092E-3
1.250897E-1	6.767634E-3
1.251126E-1	6.767015E-3
1.251684E-1	6.768486E-3
1.251888E-1	6.770565E-3
1.252254E-1	6.769545E-3
1.252634E-1	6.773147E-3
1.252935E-1	6.774489E-3
1.253037E-1	6.774180E-3
1.253609E-1	6.775948E-3
1.254092E-1	6.775793E-3
1.254048E-1	6.777782E-3
1.254421E-1	6.776336E-3
1.254507E-1	6.778363E-3
1.254870E-1	6.779654E-3
1.255712E-1	6.778866E-3
1.255651E-1	6.779318E-3
1.256203E-1	6.781603E-3
1.256498E-1	6.780441E-3
1.257008E-1	6.781422E-3
1.257069E-1	6.783953E-3
1.257285E-1	6.785837E-3
1.257407E-1	6.788742E-3
1.257670E-1	6.788355E-3
1.257958E-1	6.786470E-3
1.258397E-1	6.790330E-3
1.258604E-1	6.793093E-3
1.258966E-1	6.792254E-3
1.259277E-1	6.793429E-3
1.259713E-1	6.793945E-3
1.259943E-1	6.796643E-3
1.260274E-1	6.796463E-3
1.260593E-1	6.800400E-3
1.260845E-1	6.803137E-3
1.261179E-1	6.802956E-3
1.262003E-1	6.803744E-3
1.262071E-1	6.806971E-3
1.262281E-1	6.806571E-3
1.262657E-1	6.810702E-3
1.262861E-1	6.815428E-3
1.263055E-1	6.813246E-3
1.263487E-1	6.814433E-3
1.263811E-1	6.817829E-3
1.264140E-1	6.820721E-3
1.264586E-1	6.821379E-3
1.264383E-1	6.824181E-3
1.264785E-1	6.823871E-3
1.265123E-1	6.826440E-3
1.265509E-1	6.826130E-3
1.265996E-1	6.827447E-3
1.266169E-1	6.825949E-3
1.266334E-1	6.829771E-3
1.266828E-1	6.832327E-3
1.266982E-1	6.833063E-3
1.267347E-1	6.834999E-3
1.267609E-1	6.836407E-3
1.267961E-1	6.838149E-3
1.268569E-1	6.837310E-3
1.268269E-1	6.839518E-3
1.268933E-1	6.840873E-3
1.269134E-1	6.841751E-3
1.269268E-1	6.840990E-3
1.269358E-1	6.846038E-3
1.269659E-1	6.843133E-3
1.270278E-1	6.847341E-3
1.270466E-1	6.845986E-3
1.270591E-1	6.845624E-3
1.271048E-1	6.847780E-3
1.271373E-1	6.850440E-3
1.271864E-1	6.850827E-3
1.271950E-1	6.852557E-3
1.272220E-1	6.854494E-3
1.272552E-1	6.853564E-3
1.272788E-1	6.854416E-3
1.273092E-1	6.855720E-3
1.273357E-1	6.857708E-3
1.273827E-1	6.855694E-3
1.274071E-1	6.859993E-3
1.274340E-1	6.858547E-3
1.274418E-1	6.859232E-3
1.274626E-1	6.860561E-3
1.275087E-1	6.863621E-3
1.275176E-1	6.862446E-3
1.275443E-1	6.864215E-3
1.276011E-1	6.864822E-3
1.276375E-1	6.865932E-3
1.276565E-1	6.865132E-3
1.276766E-1	6.867029E-3
1.277121E-1	6.867907E-3
1.277422E-1	6.870825E-3
1.277636E-1	6.868824E-3
1.277845E-1	6.871122E-3
1.278323E-1	6.870902E-3
1.278518E-1	6.870347E-3
1.278602E-1	6.872387E-3
1.278899E-1	6.874014E-3
1.279148E-1	6.875344E-3
1.279436E-1	6.876247E-3
1.280169E-1	6.877990E-3
1.280124E-1	6.877073E-3
1.280438E-1	6.878971E-3
1.280663E-1	6.879798E-3
1.280908E-1	6.879965E-3
1.281127E-1	6.882392E-3
1.281457E-1	6.882702E-3
1.281908E-1	6.884277E-3
1.282271E-1	6.885297E-3
1.282584E-1	6.886278E-3
1.282758E-1	6.885981E-3
1.283218E-1	6.890487E-3
1.283674E-1	6.891507E-3
1.283993E-1	6.890603E-3
1.284497E-1	6.888512E-3
1.284358E-1	6.891313E-3
1.284567E-1	6.890862E-3
1.284732E-1	6.894037E-3
1.285001E-1	6.894257E-3
1.285374E-1	6.893663E-3
1.285640E-1	6.896387E-3
1.285947E-1	6.898905E-3
1.286202E-1	6.898892E-3
1.286795E-1	6.900196E-3
1.286828E-1	6.903901E-3
1.287032E-1	6.903320E-3
1.287336E-1	6.904533E-3
1.287639E-1	6.906702E-3
1.287912E-1	6.904701E-3
1.287982E-1	6.908923E-3
1.288509E-1	6.908974E-3
1.288783E-1	6.910059E-3
1.289183E-1	6.912964E-3
1.289130E-1	6.913338E-3
1.289370E-1	6.916114E-3
1.289806E-1	6.915081E-3
1.289747E-1	6.917818E-3
1.290217E-1	6.919587E-3
1.290676E-1	6.920761E-3
1.290763E-1	6.925590E-3
1.291092E-1	6.927552E-3
1.291368E-1	6.928908E-3
1.291830E-1	6.930199E-3
1.292062E-1	6.933633E-3
1.292095E-1	6.933633E-3
1.292490E-1	6.936589E-3
1.292878E-1	6.934963E-3
1.293087E-1	6.935130E-3
1.293113E-1	6.939145E-3
1.293460E-1	6.940643E-3
1.293609E-1	6.944942E-3
1.293959E-1	6.946336E-3
1.294378E-1	6.953579E-3
1.294468E-1	6.956677E-3
1.294462E-1	6.963610E-3
1.294759E-1	6.968929E-3
1.295145E-1	6.971395E-3
1.295555E-1	6.977786E-3
1.296004E-1	6.982536E-3
1.296221E-1	6.986539E-3
1.296669E-1	6.995821E-3
1.296790E-1	6.998274E-3
1.296763E-1	7.003386E-3
1.297127E-1	7.010693E-3
1.297480E-1	7.017923E-3
1.297473E-1	7.026599E-3
1.297838E-1	7.032383E-3
1.298106E-1	7.038102E-3
1.298450E-1	7.049953E-3
1.298814E-1	7.057144E-3
1.299129E-1	7.064348E-3
1.299182E-1	7.072262E-3
1.299557E-1	7.078485E-3
1.299499E-1	7.087922E-3
1.300050E-1	7.100432E-3
1.300603E-1	7.102317E-3
1.300510E-1	7.117009E-3
1.300724E-1	7.126330E-3
1.301188E-1	7.136012E-3
1.301463E-1	7.146908E-3
1.301824E-1	7.152537E-3
1.301738E-1	7.164040E-3
1.302170E-1	7.171980E-3
1.302574E-1	7.178293E-3
1.302884E-1	7.189693E-3
1.302908E-1	7.196328E-3
1.303072E-1	7.201983E-3
1.303313E-1	7.209781E-3
1.303756E-1	7.216249E-3
1.303851E-1	7.221813E-3
1.304205E-1	7.227416E-3
1.304631E-1	7.229766E-3
1.304770E-1	7.236802E-3
1.304971E-1	7.241398E-3
1.305073E-1	7.245787E-3
1.305436E-1	7.245826E-3
1.305744E-1	7.250138E-3
1.306115E-1	7.252074E-3
1.306018E-1	7.254347E-3
1.306418E-1	7.257316E-3
1.306630E-1	7.261473E-3
1.306937E-1	7.262183E-3
1.307160E-1	7.264972E-3
1.307396E-1	7.267618E-3
1.307771E-1	7.270446E-3
1.307790E-1	7.268535E-3
1.308079E-1	7.273454E-3
1.308394E-1	7.274758E-3
1.308702E-1	7.279663E-3
1.309097E-1	7.280516E-3
1.309362E-1	7.282400E-3
1.309396E-1	7.286635E-3
1.309574E-1	7.284518E-3
1.309837E-1	7.288133E-3
1.310032E-1	7.290598E-3
1.310244E-1	7.293658E-3
1.310469E-1	7.297221E-3
1.310814E-1	7.297944E-3
1.311019E-1	7.300655E-3
1.311395E-1	7.300229E-3
1.311932E-1	7.303483E-3
1.312195E-1	7.304231E-3
1.312284E-1	7.304658E-3
1.312349E-1	7.307549E-3
1.312679E-1	7.309680E-3
1.312879E-1	7.312158E-3
1.313160E-1	7.312817E-3
1.313183E-1	7.316496E-3
1.313454E-1	7.317542E-3
1.313678E-1	7.320563E-3
1.313750E-1	7.323480E-3
1.313995E-1	7.325830E-3
1.314359E-1	7.329174E-3
1.314617E-1	7.334377E-3
1.314593E-1	7.337320E-3
1.314674E-1	7.341775E-3
1.314929E-1	7.343918E-3
1.315249E-1	7.350425E-3
1.315680E-1	7.351910E-3
1.315799E-1	7.353795E-3
1.315803E-1	7.360598E-3
1.316422E-1	7.367053E-3
1.316544E-1	7.369016E-3
1.316627E-1	7.375496E-3
1.317176E-1	7.382029E-3
1.317247E-1	7.387877E-3
1.317507E-1	7.394733E-3
1.317748E-1	7.403499E-3
1.317879E-1	7.410289E-3
1.318200E-1	7.416551E-3
1.318472E-1	7.431953E-3
1.318819E-1	7.439415E-3
1.318926E-1	7.452841E-3
1.319278E-1	7.466926E-3
1.319417E-1	7.480947E-3
1.319714E-1	7.500544E-3
1.320230E-1	7.520090E-3
1.320141E-1	7.540863E-3
1.320209E-1	7.565521E-3
1.320340E-1	7.596079E-3
1.320572E-1	7.627296E-3
1.320887E-1	7.663328E-3
1.321178E-1	7.700277E-3
1.321726E-1	7.740544E-3
1.321741E-1	7.783741E-3
1.321753E-1	7.825492E-3
1.322143E-1	7.873970E-3
1.322486E-1	7.922990E-3
1.322856E-1	7.954400E-3
1.323018E-1	8.026142E-3
1.323466E-1	8.062316E-3
1.323745E-1	8.143882E-3
1.324024E-1	8.204960E-3
1.324150E-1	8.262940E-3
1.324223E-1	8.314309E-3
1.324604E-1	8.379738E-3
1.324439E-1	8.444330E-3
1.324737E-1	8.518822E-3
1.324847E-1	8.586148E-3
1.325278E-1	8.628674E-3
1.325446E-1	8.748235E-3
1.325951E-1	8.816814E-3
1.325892E-1	8.892519E-3
1.326164E-1	8.987034E-3
1.326625E-1	9.054567E-3
1.326811E-1	9.135294E-3
1.326564E-1	9.229306E-3
1.326908E-1	9.292501E-3
1.327488E-1	9.332535E-3
1.327519E-1	9.406097E-3
1.327551E-1	9.538633E-3
1.327713E-1	9.596561E-3
1.328141E-1	9.684298E-3
1.328480E-1	9.748384E-3
1.328726E-1	9.799921E-3
1.328653E-1	9.869520E-3
1.329092E-1	9.955824E-3
1.329272E-1	9.999577E-3
1.329417E-1	1.008304E-2
1.329616E-1	1.014675E-2
1.330050E-1	1.018729E-2
1.330068E-1	1.026882E-2
1.330279E-1	1.031054E-2
1.330530E-1	1.038191E-2
1.330533E-1	1.042149E-2
1.330969E-1	1.049596E-2
1.331008E-1	1.052878E-2
1.331050E-1	1.058584E-2
1.331739E-1	1.064147E-2
1.332168E-1	1.068573E-2
1.332225E-1	1.076566E-2
1.332336E-1	1.079358E-2
1.332402E-1	1.086326E-2
1.332499E-1	1.089057E-2
1.332703E-1	1.096417E-2
1.332943E-1	1.101190E-2
1.333239E-1	1.106260E-2
1.333847E-1	1.110728E-2
1.333939E-1	1.112537E-2
1.334079E-1	1.119521E-2
1.334040E-1	1.124307E-2
1.334425E-1	1.128876E-2
1.334992E-1	1.131059E-2
1.334980E-1	1.136833E-2
1.334866E-1	1.141371E-2
1.335236E-1	1.146412E-2
1.335323E-1	1.150666E-2
1.335441E-1	1.154181E-2
1.335823E-1	1.153497E-2
1.336049E-1	1.159620E-2
1.336459E-1	1.163477E-2
1.336637E-1	1.169329E-2
1.336641E-1	1.173797E-2
1.337099E-1	1.175219E-2
1.337258E-1	1.178708E-2
1.337445E-1	1.184900E-2
1.337501E-1	1.184063E-2
1.337709E-1	1.189790E-2
1.337732E-1	1.194489E-2
1.338062E-1	1.198036E-2
1.338420E-1	1.198989E-2
1.338556E-1	1.202068E-2
1.338706E-1	1.207802E-2
1.338995E-1	1.208605E-2
1.339194E-1	1.209699E-2
1.339369E-1	1.216674E-2
1.339507E-1	1.219853E-2
1.339754E-1	1.219708E-2
1.339829E-1	1.222647E-2
1.340246E-1	1.227435E-2
1.340622E-1	1.229002E-2
1.340753E-1	1.230719E-2
1.340808E-1	1.235975E-2
1.341079E-1	1.236220E-2
1.341315E-1	1.240988E-2
1.341548E-1	1.240707E-2
1.341913E-1	1.243246E-2
1.341847E-1	1.246009E-2
1.342005E-1	1.247222E-2
1.342198E-1	1.251222E-2
1.342451E-1	1.252545E-2
1.342770E-1	1.252740E-2
1.342863E-1	1.259536E-2
1.343081E-1	1.261009E-2
1.343336E-1	1.260968E-2
1.343448E-1	1.264141E-2
1.343634E-1	1.267121E-2
1.343658E-1	1.268217E-2
1.344021E-1	1.272659E-2
1.344115E-1	1.272994E-2
1.344556E-1	1.272923E-2
1.344293E-1	1.277711E-2
1.344697E-1	1.277166E-2
1.344898E-1	1.279161E-2
1.345002E-1	1.280528E-2
1.345302E-1	1.284951E-2
1.345661E-1	1.284879E-2
1.345982E-1	1.288495E-2
1.346013E-1	1.290104E-2
1.346152E-1	1.289944E-2
1.346575E-1	1.290774E-2
1.346708E-1	1.292314E-2
1.346750E-1	1.297868E-2
1.346876E-1	1.299571E-2
1.347163E-1	1.298175E-2
1.347034E-1	1.299607E-2
1.347207E-1	1.301618E-2
1.347522E-1	1.305493E-2
1.347717E-1	1.305439E-2
1.347930E-1	1.308827E-2
1.348139E-1	1.310485E-2
1.348186E-1	1.311710E-2
1.348716E-1	1.311655E-2
1.348973E-1	1.312516E-2
1.349046E-1	1.314167E-2
1.349066E-1	1.315236E-2
1.349338E-1	1.319323E-2
1.349714E-1	1.320921E-2
1.349675E-1	1.320016E-2
1.350138E-1	1.319647E-2
1.350231E-1	1.324687E-2
1.350226E-1	1.323195E-2
1.350556E-1	1.326083E-2
1.350681E-1	1.327672E-2
1.350632E-1	1.327520E-2
1.350960E-1	1.327728E-2
1.351047E-1	1.330786E-2
1.351387E-1	1.334361E-2
1.351753E-1	1.332349E-2
1.351998E-1	1.335234E-2
1.352059E-1	1.335527E-2
1.352111E-1	1.337217E-2
1.352329E-1	1.337734E-2
1.352417E-1	1.339783E-2
1.352582E-1	1.342906E-2
1.352800E-1	1.341278E-2
1.352937E-1	1.343686E-2
1.353404E-1	1.344215E-2
1.354068E-1	1.346131E-2
1.353921E-1	1.346192E-2
1.353914E-1	1.347328E-2
1.353961E-1	1.349701E-2
1.354411E-1	1.349992E-2
1.354246E-1	1.351698E-2
1.354361E-1	1.351906E-2
1.354522E-1	1.353965E-2
1.354860E-1	1.353983E-2
1.354936E-1	1.357994E-2
1.355113E-1	1.357041E-2
1.355502E-1	1.358675E-2
1.355419E-1	1.362198E-2
1.355811E-1	1.360976E-2
1.355902E-1	1.361515E-2
1.356273E-1	1.365142E-2
1.356464E-1	1.363262E-2
1.356466E-1	1.364683E-2
1.356777E-1	1.368762E-2
1.357002E-1	1.369699E-2
1.357100E-1	1.367348E-2
1.357245E-1	1.368962E-2
1.357398E-1	1.373524E-2
1.357459E-1	1.371453E-2
1.357690E-1	1.372686E-2
1.357955E-1	1.373431E-2
1.358062E-1	1.374297E-2
1.358202E-1	1.378843E-2
1.358519E-1	1.379689E-2
1.358827E-1	1.380876E-2
1.359047E-1	1.379106E-2
1.359052E-1	1.382572E-2
1.359265E-1	1.381071E-2
1.359323E-1	1.381229E-2
1.359687E-1	1.383777E-2
1.359655E-1	1.383483E-2
1.359886E-1	1.384759E-2
1.360117E-1	1.388630E-2
1.360212E-1	1.389629E-2
1.360269E-1	1.390815E-2
1.360591E-1	1.388888E-2
1.360780E-1	1.390293E-2
1.360714E-1	1.392768E-2
1.360877E-1	1.395030E-2
1.361112E-1	1.392454E-2
1.361266E-1	1.397327E-2
1.361508E-1	1.397937E-2
1.361613E-1	1.398617E-2
1.361742E-1	1.399827E-2
1.361986E-1	1.397842E-2
1.362445E-1	1.397879E-2
1.362518E-1	1.399539E-2
1.362618E-1	1.400300E-2
1.362661E-1	1.401520E-2
1.362698E-1	1.402826E-2
1.362920E-1	1.403687E-2
1.363254E-1	1.404795E-2
1.363481E-1	1.408210E-2
1.363694E-1	1.409395E-2
1.364105E-1	1.410432E-2
1.364079E-1	1.408810E-2
1.364133E-1	1.412087E-2
1.364425E-1	1.409965E-2
1.364488E-1	1.414130E-2
1.364613E-1	1.411276E-2
1.364532E-1	1.416276E-2
1.364751E-1	1.414417E-2
1.364969E-1	1.414909E-2
1.364984E-1	1.416184E-2
1.365213E-1	1.419640E-2
1.365777E-1	1.419514E-2
1.365842E-1	1.420523E-2
1.365942E-1	1.419848E-2
1.366034E-1	1.418960E-2
1.366110E-1	1.421468E-2
1.366224E-1	1.421325E-2
1.366217E-1	1.422261E-2
1.366590E-1	1.424247E-2
1.366942E-1	1.427969E-2
1.366987E-1	1.425360E-2
1.367201E-1	1.426204E-2
1.367619E-1	1.426518E-2
1.367478E-1	1.427118E-2
1.367428E-1	1.428565E-2
1.367728E-1	1.428937E-2
1.368107E-1	1.430788E-2
1.368058E-1	1.431510E-2
1.368239E-1	1.435405E-2
1.368305E-1	1.436159E-2
1.368550E-1	1.436682E-2
1.368427E-1	1.434741E-2
1.368795E-1	1.436669E-2
1.369089E-1	1.439841E-2
1.369073E-1	1.440171E-2
1.369354E-1	1.441586E-2
1.369450E-1	1.438742E-2
1.369642E-1	1.442068E-2
1.369968E-1	1.444389E-2
1.369812E-1	1.444672E-2
1.369920E-1	1.442401E-2
1.370169E-1	1.445990E-2
1.370325E-1	1.446926E-2
1.370559E-1	1.445165E-2
1.370661E-1	1.446067E-2
1.370858E-1	1.449536E-2
1.371152E-1	1.447646E-2
1.371478E-1	1.451252E-2
1.371819E-1	1.452353E-2
1.371813E-1	1.449682E-2
1.371839E-1	1.451441E-2
1.372100E-1	1.452063E-2
1.372143E-1	1.455888E-2
1.372469E-1	1.456630E-2
1.372584E-1	1.454462E-2
1.372677E-1	1.458240E-2
1.372524E-1	1.458247E-2
1.372527E-1	1.456597E-2
1.372908E-1	1.460174E-2
1.372981E-1	1.457862E-2
1.373150E-1	1.459782E-2
1.373375E-1	1.462910E-2
1.373591E-1	1.460821E-2
1.373633E-1	1.462467E-2
1.373852E-1	1.464579E-2
1.373768E-1	1.463295E-2
1.374028E-1	1.464443E-2
1.374322E-1	1.464565E-2
1.374432E-1	1.468101E-2
1.374412E-1	1.469240E-2
1.374616E-1	1.470318E-2
1.374792E-1	1.471462E-2
1.374861E-1	1.469320E-2
1.375052E-1	1.472701E-2
1.375123E-1	1.470736E-2
1.375520E-1	1.473907E-2
1.375675E-1	1.471422E-2
1.375432E-1	1.473344E-2
1.376047E-1	1.472781E-2
1.376057E-1	1.473915E-2
1.376228E-1	1.477949E-2
1.376266E-1	1.476246E-2
1.376512E-1	1.476179E-2
1.376729E-1	1.478263E-2
1.376800E-1	1.478238E-2
1.376852E-1	1.479006E-2
1.376868E-1	1.483014E-2
1.377137E-1	1.482832E-2
1.377162E-1	1.481396E-2
1.377204E-1	1.485602E-2
1.377666E-1	1.483639E-2
1.377784E-1	1.483413E-2
1.377572E-1	1.485632E-2
1.377984E-1	1.488157E-2
1.378204E-1	1.488452E-2
1.378312E-1	1.489953E-2
1.378346E-1	1.487161E-2
1.378557E-1	1.490912E-2
1.378719E-1	1.492316E-2
1.379074E-1	1.492809E-2
1.379042E-1	1.490232E-2
1.379093E-1	1.493547E-2
1.379351E-1	1.495062E-2
1.379445E-1	1.495262E-2
1.379826E-1	1.493201E-2
1.380054E-1	1.497038E-2
1.380154E-1	1.497922E-2
1.379963E-1	1.498756E-2
1.380094E-1	1.499142E-2
1.380451E-1	1.497836E-2
1.380383E-1	1.501513E-2
1.380548E-1	1.499452E-2
1.380727E-1	1.502419E-2
1.380704E-1	1.500408E-2
1.380871E-1	1.504050E-2
1.381079E-1	1.500962E-2
1.381219E-1	1.505082E-2
1.381738E-1	1.503106E-2
1.381726E-1	1.503591E-2
1.381824E-1	1.507388E-2
1.381981E-1	1.505681E-2
1.382175E-1	1.504664E-2
1.382179E-1	1.509548E-2
1.382154E-1	1.507486E-2
1.382235E-1	1.510772E-2
1.382273E-1	1.508281E-2
1.382441E-1	1.512272E-2
1.383013E-1	1.512609E-2
1.383136E-1	1.510901E-2
1.383389E-1	1.514095E-2
1.383362E-1	1.515182E-2
1.383786E-1	1.516210E-2
1.383505E-1	1.516399E-2
1.383788E-1	1.514142E-2
1.384039E-1	1.514597E-2
1.384086E-1	1.518502E-2
1.384128E-1	1.519658E-2
1.384484E-1	1.517976E-2
1.384552E-1	1.521072E-2
1.384469E-1	1.518789E-2
1.384478E-1	1.519837E-2
1.384860E-1	1.522357E-2
1.384865E-1	1.520531E-2
1.384978E-1	1.524406E-2
1.385143E-1	1.521828E-2
1.385422E-1	1.522968E-2
1.385630E-1	1.526030E-2
1.385580E-1	1.526725E-2
1.385720E-1	1.528158E-2
1.385834E-1	1.524879E-2
1.385882E-1	1.528880E-2
1.386018E-1	1.529483E-2
1.386144E-1	1.527294E-2
1.386113E-1	1.531315E-2
1.386640E-1	1.528033E-2
1.386693E-1	1.529035E-2
1.386889E-1	1.529319E-2
1.387058E-1	1.530283E-2
1.387404E-1	1.533352E-2
1.387343E-1	1.531927E-2
1.387562E-1	1.535720E-2
1.387377E-1	1.536373E-2
1.387714E-1	1.533795E-2
1.387792E-1	1.537389E-2
1.387881E-1	1.537885E-2
1.387845E-1	1.535306E-2
1.387919E-1	1.535235E-2
1.388160E-1	1.536988E-2
1.388310E-1	1.537147E-2
1.388660E-1	1.538157E-2
1.388548E-1	1.540934E-2
1.388539E-1	1.538583E-2
1.388764E-1	1.542849E-2
1.388900E-1	1.540274E-2
1.388791E-1	1.541444E-2
1.389149E-1	1.540998E-2
1.389401E-1	1.542949E-2
1.389298E-1	1.542787E-2
1.389409E-1	1.544754E-2
1.389553E-1	1.543584E-2
1.389790E-1	1.547410E-2
1.390167E-1	1.545207E-2
1.390001E-1	1.549003E-2
1.390209E-1	1.545633E-2
1.390447E-1	1.547102E-2
1.390255E-1	1.551343E-2
1.390416E-1	1.552243E-2
1.390424E-1	1.549374E-2
1.390640E-1	1.553103E-2
1.390771E-1	1.552425E-2
1.390920E-1	1.554665E-2
1.391052E-1	1.551183E-2
1.390895E-1	1.555698E-2
1.391141E-1	1.555610E-2
1.391272E-1	1.556199E-2
1.391709E-1	1.554087E-2
1.391786E-1	1.553060E-2
1.392009E-1	1.554372E-2
1.392060E-1	1.558223E-2
1.392425E-1	1.558997E-2
1.392554E-1	1.559903E-2
1.392555E-1	1.560146E-2
1.392781E-1	1.556953E-2
1.392616E-1	1.561581E-2
1.392653E-1	1.559861E-2
1.392857E-1	1.562987E-2
1.392963E-1	1.562797E-2
1.392945E-1	1.563968E-2
1.393061E-1	1.561917E-2
1.393278E-1	1.561075E-2
1.393558E-1	1.563116E-2
1.393521E-1	1.565264E-2
1.393570E-1	1.565701E-2
1.393896E-1	1.564082E-2
1.393964E-1	1.564718E-2
1.393915E-1	1.568258E-2
1.394117E-1	1.568407E-2
1.394185E-1	1.565457E-2
1.394221E-1	1.570004E-2
1.394291E-1	1.567448E-2
1.394445E-1	1.567285E-2
1.394382E-1	1.571592E-2
1.394729E-1	1.571617E-2
1.394668E-1	1.569243E-2
1.394660E-1	1.570517E-2
1.394886E-1	1.573104E-2
1.395054E-1	1.574067E-2
1.394928E-1	1.571882E-2
1.395091E-1	1.575145E-2
1.395516E-1	1.572976E-2
1.395506E-1	1.573013E-2
1.395461E-1	1.577090E-2
1.395676E-1	1.573749E-2
1.395743E-1	1.578197E-2
1.395895E-1	1.574814E-2
1.396004E-1	1.576733E-2
1.396338E-1	1.576499E-2
1.396454E-1	1.579623E-2
1.396578E-1	1.577567E-2
1.396769E-1	1.578651E-2
1.396769E-1	1.579175E-2
1.396739E-1	1.578895E-2
1.396971E-1	1.580319E-2
1.396900E-1	1.580326E-2
1.397159E-1	1.581293E-2
1.397113E-1	1.584015E-2
1.397239E-1	1.582260E-2
1.397226E-1	1.585231E-2
1.397226E-1	1.582958E-2
1.397346E-1	1.583396E-2
1.397698E-1	1.587850E-2
1.397984E-1	1.584959E-2
1.397965E-1	1.584702E-2
1.398272E-1	1.585114E-2
1.398191E-1	1.585092E-2
1.398167E-1	1.589547E-2
1.398239E-1	1.586568E-2
1.398556E-1	1.587814E-2
1.398490E-1	1.591527E-2
1.398543E-1	1.589134E-2
1.398771E-1	1.592604E-2
1.398967E-1	1.592759E-2
1.398924E-1	1.593655E-2
1.399110E-1	1.591578E-2
1.399395E-1	1.594294E-2
1.399478E-1	1.591378E-2
1.399536E-1	1.595022E-2
1.399708E-1	1.591724E-2
1.399569E-1	1.593034E-2
1.399645E-1	1.593666E-2
1.399869E-1	1.593934E-2
1.400094E-1	1.597255E-2
1.400076E-1	1.595190E-2
1.400065E-1	1.595048E-2
1.400194E-1	1.596703E-2
1.400338E-1	1.595560E-2
1.400441E-1	1.599864E-2
1.400543E-1	1.597292E-2
1.400921E-1	1.601125E-2
1.400814E-1	1.597757E-2
1.400840E-1	1.599043E-2
1.400979E-1	1.599566E-2
1.400823E-1	1.603219E-2
1.400956E-1	1.600743E-2
1.401119E-1	1.604051E-2
1.401155E-1	1.601010E-2
1.401541E-1	1.601984E-2
1.401427E-1	1.604965E-2
1.401516E-1	1.601700E-2
1.401729E-1	1.606984E-2
1.401987E-1	1.607796E-2
1.401994E-1	1.607109E-2
1.402181E-1	1.608307E-2
1.402283E-1	1.608440E-2
1.402411E-1	1.608784E-2
1.402231E-1	1.609410E-2
1.402762E-1	1.609393E-2
1.402638E-1	1.606843E-2
1.402752E-1	1.607640E-2
1.402810E-1	1.611053E-2
1.402792E-1	1.608023E-2
1.402818E-1	1.609616E-2
1.403028E-1	1.609486E-2
1.403085E-1	1.609936E-2
1.403223E-1	1.613333E-2
1.403409E-1	1.610437E-2
1.403396E-1	1.610343E-2
1.403638E-1	1.612105E-2
1.403740E-1	1.611634E-2
1.403757E-1	1.615746E-2
1.403976E-1	1.616717E-2
1.404065E-1	1.613241E-2
1.403915E-1	1.617282E-2
1.404084E-1	1.614853E-2
1.404186E-1	1.615261E-2
1.404193E-1	1.618802E-2
1.404234E-1	1.615067E-2
1.404422E-1	1.615786E-2
1.404579E-1	1.619275E-2
1.404519E-1	1.615970E-2
1.404642E-1	1.617830E-2
1.404738E-1	1.618523E-2
1.404853E-1	1.621475E-2
1.405054E-1	1.621877E-2
1.404980E-1	1.623083E-2
1.405101E-1	1.619920E-2
1.405277E-1	1.619010E-2
1.405141E-1	1.624340E-2
1.405158E-1	1.620967E-2
1.405498E-1	1.624343E-2
1.405516E-1	1.624402E-2
1.405952E-1	1.626279E-2
1.405897E-1	1.622295E-2
1.406117E-1	1.626863E-2
1.406096E-1	1.627201E-2
1.405937E-1	1.623780E-2
1.405876E-1	1.627729E-2
1.406307E-1	1.628431E-2
1.406433E-1	1.625377E-2
1.406705E-1	1.629052E-2
1.406661E-1	1.626026E-2
1.406634E-1	1.626787E-2
1.406881E-1	1.627453E-2
1.407104E-1	1.631046E-2
1.407104E-1	1.630891E-2
1.407026E-1	1.631966E-2
1.407207E-1	1.632533E-2
1.407225E-1	1.632184E-2
1.407327E-1	1.629700E-2
1.407419E-1	1.633074E-2
1.407267E-1	1.633407E-2
1.407314E-1	1.634623E-2
1.407349E-1	1.631146E-2
1.407642E-1	1.634932E-2
1.407815E-1	1.636402E-2
1.408057E-1	1.636300E-2
1.407974E-1	1.635755E-2
1.408070E-1	1.632812E-2
1.408272E-1	1.634606E-2
1.407876E-1	1.634007E-2
1.408204E-1	1.637796E-2
1.408326E-1	1.635811E-2
1.408374E-1	1.639054E-2
1.408728E-1	1.636029E-2
1.408784E-1	1.640616E-2
1.408842E-1	1.636051E-2
1.408781E-1	1.640324E-2
1.409080E-1	1.637444E-2
1.408944E-1	1.641339E-2
1.409319E-1	1.637423E-2
1.409327E-1	1.642088E-2
1.409342E-1	1.642728E-2
1.409558E-1	1.643095E-2
1.409518E-1	1.643073E-2
1.409636E-1	1.643856E-2
1.409774E-1	1.639524E-2
1.409920E-1	1.640945E-2
1.409685E-1	1.641191E-2
1.409813E-1	1.642390E-2
1.409615E-1	1.642262E-2
1.409774E-1	1.646619E-2
1.410173E-1	1.642598E-2
1.410199E-1	1.646379E-2
1.410443E-1	1.647531E-2
1.410338E-1	1.643837E-2
1.410416E-1	1.644598E-2
1.410361E-1	1.648552E-2
1.410555E-1	1.648534E-2
1.410596E-1	1.649403E-2
1.410606E-1	1.649528E-2
1.410714E-1	1.650284E-2
1.410902E-1	1.650186E-2
1.410973E-1	1.647306E-2
1.410996E-1	1.651050E-2
1.411088E-1	1.647786E-2
1.411240E-1	1.647364E-2
1.411290E-1	1.652199E-2
1.411474E-1	1.652536E-2
1.411698E-1	1.649853E-2
1.411631E-1	1.649971E-2
1.411592E-1	1.650539E-2
1.411783E-1	1.653773E-2
1.411884E-1	1.650761E-2
1.411976E-1	1.655015E-2
1.412200E-1	1.655206E-2
1.412073E-1	1.652541E-2
1.412206E-1	1.655787E-2
1.412025E-1	1.657145E-2
1.412262E-1	1.656681E-2
1.412442E-1	1.653276E-2
1.412595E-1	1.654507E-2
1.412642E-1	1.655172E-2
1.412744E-1	1.654816E-2
1.412770E-1	1.659274E-2
1.412540E-1	1.655192E-2
1.412753E-1	1.656719E-2
1.412867E-1	1.660261E-2
1.412743E-1	1.657020E-2
1.412953E-1	1.660926E-2
1.413031E-1	1.660747E-2
1.412926E-1	1.657220E-2
1.413218E-1	1.658291E-2
1.413345E-1	1.662701E-2
1.413299E-1	1.658946E-2
1.413498E-1	1.662703E-2
1.413346E-1	1.659850E-2
1.413563E-1	1.663262E-2
1.413493E-1	1.661076E-2
1.413495E-1	1.664249E-2
1.413757E-1	1.662020E-2
1.413939E-1	1.660713E-2
1.414047E-1	1.665290E-2
1.414013E-1	1.661914E-2
1.413916E-1	1.666268E-2
1.414251E-1	1.661507E-2
1.414125E-1	1.663664E-2
1.414201E-1	1.663423E-2
1.414168E-1	1.663573E-2
1.414505E-1	1.664550E-2
1.414216E-1	1.668158E-2
1.414290E-1	1.668560E-2
1.414382E-1	1.664604E-2
1.414590E-1	1.666010E-2
1.414729E-1	1.665516E-2
1.414524E-1	1.670073E-2
1.414614E-1	1.665820E-2
1.414679E-1	1.670480E-2
1.414816E-1	1.667637E-2
1.415055E-1	1.671302E-2
1.415445E-1	1.668342E-2
1.415518E-1	1.671757E-2
1.415551E-1	1.668668E-2
1.415345E-1	1.668728E-2
1.415400E-1	1.670225E-2
1.415386E-1	1.672860E-2
1.415551E-1	1.673311E-2
1.415656E-1	1.669913E-2
1.415530E-1	1.673816E-2
1.415763E-1	1.673829E-2
1.415833E-1	1.670632E-2
1.415942E-1	1.671895E-2
1.416040E-1	1.671074E-2
1.416065E-1	1.675614E-2
1.416088E-1	1.671857E-2
1.416234E-1	1.673275E-2
1.416220E-1	1.672598E-2
1.416213E-1	1.673193E-2
1.416246E-1	1.673403E-2
1.416390E-1	1.678243E-2
1.416368E-1	1.674748E-2
1.416574E-1	1.674354E-2
1.416343E-1	1.678835E-2
1.416434E-1	1.678489E-2
1.416585E-1	1.676739E-2
1.416810E-1	1.675580E-2
1.416737E-1	1.676686E-2
1.416983E-1	1.676266E-2
1.417107E-1	1.680892E-2
1.417262E-1	1.677644E-2
1.417249E-1	1.676948E-2
1.417319E-1	1.679344E-2
1.417266E-1	1.677486E-2
1.417622E-1	1.682467E-2
1.417322E-1	1.681823E-2
1.417186E-1	1.682047E-2
1.417569E-1	1.679210E-2
1.417593E-1	1.679032E-2
1.417617E-1	1.683485E-2
1.417673E-1	1.680914E-2
1.417742E-1	1.680431E-2
1.417779E-1	1.683962E-2
1.417952E-1	1.682361E-2
1.418003E-1	1.684440E-2
1.418393E-1	1.685178E-2
1.418079E-1	1.685641E-2
1.418228E-1	1.682134E-2
1.418333E-1	1.685463E-2
1.418327E-1	1.682839E-2
1.418255E-1	1.683829E-2
1.418380E-1	1.683906E-2
1.418437E-1	1.684176E-2
1.418627E-1	1.683874E-2
1.418774E-1	1.685409E-2
1.418660E-1	1.687103E-2
1.418741E-1	1.684751E-2
1.418799E-1	1.684671E-2
1.418771E-1	1.685802E-2
1.418873E-1	1.686273E-2
1.419007E-1	1.685430E-2
1.419077E-1	1.689356E-2
1.419367E-1	1.689690E-2
1.419150E-1	1.686696E-2
1.419322E-1	1.687680E-2
1.419317E-1	1.690857E-2
1.419296E-1	1.691678E-2
1.419445E-1	1.691920E-2
1.419571E-1	1.688375E-2
1.419656E-1	1.691996E-2
1.419567E-1	1.693057E-2
1.419686E-1	1.689782E-2
1.419623E-1	1.692440E-2
1.419766E-1	1.693104E-2
1.419860E-1	1.693138E-2
1.419891E-1	1.690489E-2
1.419801E-1	1.690496E-2
1.420125E-1	1.691920E-2
1.419843E-1	1.689991E-2
1.419989E-1	1.692015E-2
1.420171E-1	1.691025E-2
1.420018E-1	1.692112E-2
1.420212E-1	1.692295E-2
1.420426E-1	1.691846E-2
1.420351E-1	1.692086E-2
1.420350E-1	1.693074E-2
1.420544E-1	1.692822E-2
1.420550E-1	1.692884E-2
1.420278E-1	1.696818E-2
1.420673E-1	1.693553E-2
1.420757E-1	1.694843E-2
1.420638E-1	1.693898E-2
1.420849E-1	1.699188E-2
1.420913E-1	1.696033E-2
1.420686E-1	1.694766E-2
1.420936E-1	1.695140E-2
1.421207E-1	1.695537E-2
1.420897E-1	1.695952E-2
1.421177E-1	1.690444E-2
1.421409E-1	1.689261E-2
1.421126E-1	1.692570E-2
1.421443E-1	1.693108E-2
1.421590E-1	1.690525E-2
1.421676E-1	1.689851E-2
1.421937E-1	1.693278E-2
1.421952E-1	1.694715E-2
1.421923E-1	1.700752E-2
1.421857E-1	1.699121E-2
1.421942E-1	1.700070E-2
1.422052E-1	1.700663E-2
1.422109E-1	1.692261E-2
1.422365E-1	1.697461E-2
1.422935E-1	1.703288E-2
1.424235E-1	1.704671E-2
1.425280E-1	1.713233E-2
1.426627E-1	1.724643E-2
1.428078E-1	1.719637E-2
1.429660E-1	1.745388E-2
1.430833E-1	1.751273E-2
1.433264E-1	1.757889E-2
1.434683E-1	1.764903E-2
1.435122E-1	1.773671E-2
1.436816E-1	1.776113E-2
1.438020E-1	1.781121E-2
1.439212E-1	1.791608E-2
1.440550E-1	1.797112E-2
1.441721E-1	1.802007E-2
1.443295E-1	1.809157E-2
1.444440E-1	1.810320E-2
1.445524E-1	1.814534E-2
1.447624E-1	1.818729E-2
1.448095E-1	1.830862E-2
1.449716E-1	1.836183E-2
1.451038E-1	1.837083E-2
1.452511E-1	1.847327E-2
1.453569E-1	1.853571E-2
1.455073E-1	1.853714E-2
1.457101E-1	1.856664E-2
1.457822E-1	1.864889E-2
1.459301E-1	1.875495E-2
1.460931E-1	1.881895E-2
1.462128E-1	1.882580E-2
1.464280E-1	1.890255E-2
1.465027E-1	1.894060E-2
1.466338E-1	1.904747E-2
1.467893E-1	1.904998E-2
1.469041E-1	1.915761E-2
1.470494E-1	1.921854E-2
1.471792E-1	1.927070E-2
1.474012E-1	1.924947E-2
1.474715E-1	1.934708E-2
1.476159E-1	1.939898E-2
1.477511E-1	1.946539E-2
1.479005E-1	1.950855E-2
1.480599E-1	1.961063E-2
1.482041E-1	1.961778E-2
1.483271E-1	1.966869E-2
1.484879E-1	1.973177E-2
1.486451E-1	1.978400E-2
1.487624E-1	1.989002E-2
1.489291E-1	1.990753E-2
1.491350E-1	1.993454E-2
1.492142E-1	2.005906E-2
1.493702E-1	2.006436E-2
1.495589E-1	2.014659E-2
1.496610E-1	2.016368E-2
1.497823E-1	2.027582E-2
1.499958E-1	2.025909E-2
1.500583E-1	2.037679E-2
1.502257E-1	2.043000E-2
1.503811E-1	2.044821E-2
1.504978E-1	2.048669E-2
1.506529E-1	2.059427E-2
1.507754E-1	2.064116E-2
1.509151E-1	2.069429E-2
1.510867E-1	2.067568E-2
1.512509E-1	2.074377E-2
1.513723E-1	2.078366E-2
1.515047E-1	2.082542E-2
1.516269E-1	2.088834E-2
1.517927E-1	2.098571E-2
1.519597E-1	2.104399E-2
1.520945E-1	2.108894E-2
1.522302E-1	2.114653E-2
1.523841E-1	2.117434E-2
1.525789E-1	2.120168E-2
1.526689E-1	2.121333E-2
1.528009E-1	2.126720E-2
1.529741E-1	2.132140E-2
1.530925E-1	2.136154E-2
1.532549E-1	2.142591E-2
1.533909E-1	2.152317E-2
1.535422E-1	2.151549E-2
1.536963E-1	2.154560E-2
1.538221E-1	2.159484E-2
1.540559E-1	2.163324E-2
1.541108E-1	2.175989E-2
1.542741E-1	2.180680E-2
1.544028E-1	2.185609E-2
1.545619E-1	2.189971E-2
1.546990E-1	2.188556E-2
1.548347E-1	2.194236E-2
1.549851E-1	2.197739E-2
1.551235E-1	2.208701E-2
1.552819E-1	2.206664E-2
1.554399E-1	2.212328E-2
1.555885E-1	2.223362E-2
1.557110E-1	2.227617E-2
1.558547E-1	2.232154E-2
1.560048E-1	2.229239E-2
1.561585E-1	2.236410E-2
1.563086E-1	2.245065E-2
1.564462E-1	2.244695E-2
1.565821E-1	2.247016E-2
1.567351E-1	2.259302E-2
1.569488E-1	2.260906E-2
1.570111E-1	2.268379E-2
1.571685E-1	2.265658E-2
1.572993E-1	2.276715E-2
1.574502E-1	2.273318E-2
1.575586E-1	2.279191E-2
1.577268E-1	2.290505E-2
1.578799E-1	2.292991E-2
1.580262E-1	2.297556E-2
1.581762E-1	2.294307E-2
1.583394E-1	2.306813E-2
1.584783E-1	2.303862E-2
1.586075E-1	2.308328E-2
1.587668E-1	2.311033E-2
1.589268E-1	2.316247E-2
1.590604E-1	2.326879E-2
1.591895E-1	2.330458E-2
1.594153E-1	2.332514E-2
1.594821E-1	2.333127E-2
1.596032E-1	2.334672E-2
1.597463E-1	2.346395E-2
1.598990E-1	2.343210E-2
1.600506E-1	2.346026E-2
1.601721E-1	2.359480E-2
1.603488E-1	2.356107E-2
1.604901E-1	2.367242E-2
1.606223E-1	2.362446E-2
1.607835E-1	2.374602E-2
1.609145E-1	2.378080E-2
1.610619E-1	2.376397E-2
1.612409E-1	2.386411E-2
1.613575E-1	2.382320E-2
1.614803E-1	2.387920E-2
1.616065E-1	2.388541E-2
1.617577E-1	2.401175E-2
1.618937E-1	2.398388E-2
1.620276E-1	2.410070E-2
1.622803E-1	2.411013E-2
1.624286E-1	2.415294E-2
1.625015E-1	2.414479E-2
1.626449E-1	2.417810E-2
1.627682E-1	2.421709E-2
1.629036E-1	2.431541E-2
1.630662E-1	2.428039E-2
1.632175E-1	2.439051E-2
1.633559E-1	2.442706E-2
1.634997E-1	2.438202E-2
1.636367E-1	2.443049E-2
1.637792E-1	2.444072E-2
1.639325E-1	2.456770E-2
1.641272E-1	2.458184E-2
1.642046E-1	3.197394E-2
1.643736E-1	3.191092E-2
1.644748E-1	3.196770E-2
1.646197E-1	3.207315E-2
1.647743E-1	3.202013E-2
1.649400E-1	3.214773E-2
1.650698E-1	3.210363E-2
1.652033E-1	3.219737E-2
1.653703E-1	3.216648E-2
1.655647E-1	3.217204E-2
1.656417E-1	3.229171E-2
1.657679E-1	3.222179E-2
1.659107E-1	3.225989E-2
1.660838E-1	3.231373E-2
1.662336E-1	3.230845E-2
1.664414E-1	3.243311E-2
1.665044E-1	3.248034E-2
1.666492E-1	3.250942E-2
1.667884E-1	3.254141E-2
1.669405E-1	3.257295E-2
1.670796E-1	3.982935E-2
1.672232E-1	3.997256E-2
1.673747E-1	4.722024E-2
1.674684E-1	5.461169E-2
1.676348E-1	5.461901E-2
1.677847E-1	5.474846E-2
1.679373E-1	5.469612E-2
1.680784E-1	6.204687E-2
1.682166E-1	6.217374E-2
1.683282E-1	6.210351E-2
1.684860E-1	6.215622E-2
1.686336E-1	6.949310E-2
1.687769E-1	6.963063E-2
1.689235E-1	6.965541E-2
1.690742E-1	6.957082E-2
1.692076E-1	6.960467E-2
1.693413E-1	7.697720E-2
1.694872E-1	7.700200E-2
1.696179E-1	7.846239E-2
1.698183E-1	8.447731E-2
1.698962E-1	9.178121E-2
1.700589E-1	9.912339E-2
1.702046E-1	9.917975E-2
1.703363E-1	1.081090E-1
1.704684E-1	1.210659E-1
1.705991E-1	1.285843E-1
1.708220E-1	1.287060E-1
1.708982E-1	1.507646E-1
1.710185E-1	1.580355E-1
1.711744E-1	1.728371E-1
1.713788E-1	1.800686E-1
1.714497E-1	1.894029E-1
1.715776E-1	2.021525E-1
1.717968E-1	2.166390E-1
1.718434E-1	2.535459E-1
1.719963E-1	2.683739E-1
1.721468E-1	2.976657E-1
1.722806E-1	3.197990E-1
1.724381E-1	3.417022E-1
1.725977E-1	3.583513E-1
1.727768E-1	3.638853E-1
1.729336E-1	3.927483E-1
1.730077E-1	4.299849E-1
1.731268E-1	4.731979E-1
1.732828E-1	5.046692E-1
1.734290E-1	5.271617E-1
1.735447E-1	5.620214E-1
1.737079E-1	6.051187E-1
1.738610E-1	6.471817E-1
1.740025E-1	6.950770E-1
1.741216E-1	7.248667E-1
1.742867E-1	7.938836E-1
1.744087E-1	8.117619E-1
1.745234E-1	8.630067E-1
1.746677E-1	9.501682E-1
1.748022E-1	1.017809E+0
1.749381E-1	1.076663E+0
1.750733E-1	1.137511E+0
1.752273E-1	1.231681E+0
1.753673E-1	1.335206E+0
1.755067E-1	1.395046E+0
1.756558E-1	1.499789E+0
1.757851E-1	1.592627E+0
1.759549E-1	1.687673E+0
1.760901E-1	1.737682E+0
1.762313E-1	1.902018E+0
1.763798E-1	2.039582E+0
1.764916E-1	2.239988E+0
1.766225E-1	2.397863E+0
1.767723E-1	2.606448E+0
1.769014E-1	2.797388E+0
1.770442E-1	2.974795E+0
1.771953E-1	3.200085E+0
1.773377E-1	3.388241E+0
1.774544E-1	3.611362E+0
1.775903E-1	3.921880E+0
1.777270E-1	4.094362E+0
1.778625E-1	4.325839E+0
1.780237E-1	4.587121E+0
1.781407E-1	4.860206E+0
1.782950E-1	5.107806E+0
1.784403E-1	5.418611E+0
1.785772E-1	5.531722E+0
1.787255E-1	5.531655E+0
1.788410E-1	5.531625E+0
1.789842E-1	5.531514E+0
1.791171E-1	5.531528E+0
1.792747E-1	5.531516E+0
1.794052E-1	5.531544E+0
1.795117E-1	5.531540E+0
1.796808E-1	5.531473E+0
1.798603E-1	5.531518E+0
1.799236E-1	5.531474E+0
1.800892E-1	5.531475E+0
1.802538E-1	5.531450E+0
1.804667E-1	5.531466E+0
1.805130E-1	5.531481E+0
1.806601E-1	5.531469E+0
1.807819E-1	5.531543E+0
1.809271E-1	5.531539E+0
1.810580E-1	5.531488E+0
1.811799E-1	5.531524E+0
1.813249E-1	5.531521E+0
1.814519E-1	5.531516E+0
1.815565E-1	5.531516E+0
1.817064E-1	5.531510E+0
1.819026E-1	5.531509E+0
1.819787E-1	5.531504E+0
1.821347E-1	5.531503E+0
1.822719E-1	5.531503E+0
1.823927E-1	5.531499E+0
