-1.148101E-2	8.619586E-3
-1.148123E-2	8.599691E-3
-1.148174E-2	8.642372E-3
-1.149602E-2	8.767278E-3
-1.151129E-2	9.006929E-3
-1.152443E-2	9.052024E-3
-1.153200E-2	9.237659E-3
-1.154519E-2	9.308613E-3
-1.154908E-2	9.438980E-3
-1.155931E-2	9.520275E-3
-1.156876E-2	9.640120E-3
-1.158613E-2	9.793673E-3
-1.159803E-2	9.958807E-3
-1.161367E-2	1.013405E-2
-1.163748E-2	1.022539E-2
-1.164703E-2	1.039402E-2
-1.166080E-2	1.060113E-2
-1.168961E-2	1.089016E-2
-1.176242E-2	1.131583E-2
-1.177856E-2	1.179950E-2
-1.179735E-2	1.197153E-2
-1.181506E-2	1.208875E-2
-1.183683E-2	1.223504E-2
-1.184229E-2	1.243103E-2
-1.187456E-2	1.261746E-2
-1.189109E-2	1.283891E-2
-1.190533E-2	1.307366E-2
-1.195179E-2	1.320000E-2
-1.196406E-2	1.360710E-2
-1.197419E-2	1.379048E-2
-1.198390E-2	1.392255E-2
-1.200318E-2	1.412395E-2
-1.202988E-2	1.440760E-2
-1.205522E-2	1.473600E-2
-1.207777E-2	1.489415E-2
-1.209975E-2	1.509378E-2
-1.211464E-2	1.527768E-2
-1.215331E-2	1.566929E-2
-1.217976E-2	1.600208E-2
-1.220127E-2	1.622405E-2
-1.224129E-2	1.659385E-2
-1.226597E-2	1.687981E-2
-1.231244E-2	1.699080E-2
-1.235906E-2	1.742841E-2
-1.239048E-2	1.789019E-2
-1.238931E-2	1.799047E-2
-1.239637E-2	1.816431E-2
-1.240705E-2	1.817808E-2
-1.240688E-2	1.817841E-2
-1.241936E-2	1.844695E-2
-1.245201E-2	1.884559E-2
-1.249380E-2	1.886550E-2
-1.251085E-2	1.931303E-2
-1.253925E-2	1.955788E-2
-1.255711E-2	1.998818E-2
-1.259510E-2	2.015428E-2
-1.261396E-2	2.054253E-2
-1.265433E-2	2.066200E-2
-1.265915E-2	2.111524E-2
-1.269530E-2	2.139393E-2
-1.276702E-2	2.161889E-2
-1.279192E-2	2.243248E-2
-1.287330E-2	2.272115E-2
-1.290566E-2	2.357896E-2
-1.296007E-2	2.428356E-2
-1.304074E-2	2.449138E-2
-1.306829E-2	2.519196E-2
-1.309812E-2	2.554491E-2
-1.313554E-2	2.587917E-2
-1.315268E-2	2.614778E-2
-1.320683E-2	2.635072E-2
-1.321570E-2	2.664924E-2
-1.323869E-2	2.708659E-2
-1.328918E-2	2.765262E-2
-1.335321E-2	2.835123E-2
-1.342287E-2	2.902955E-2
-1.346989E-2	2.949925E-2
-1.350398E-2	2.999146E-2
-1.357097E-2	3.044545E-2
-1.363121E-2	3.089980E-2
-1.367730E-2	3.134670E-2
-1.372864E-2	3.212727E-2
-1.377889E-2	3.257903E-2
-1.382889E-2	3.332943E-2
-1.389327E-2	3.405244E-2
-1.399039E-2	3.512573E-2
-1.406980E-2	3.585534E-2
-1.416471E-2	3.693341E-2
-1.424428E-2	3.782602E-2
-1.435112E-2	3.894449E-2
-1.446774E-2	3.918458E-2
-1.455859E-2	4.024763E-2
-1.456009E-2	4.110538E-2
-1.464050E-2	4.153234E-2
-1.467426E-2	4.240608E-2
-1.475322E-2	4.296275E-2
-1.480263E-2	4.355026E-2
-1.485957E-2	4.414985E-2
-1.492374E-2	4.479720E-2
-1.498905E-2	4.578180E-2
-1.510101E-2	4.692909E-2
-1.519451E-2	4.795644E-2
-1.534983E-2	4.853441E-2
-1.542204E-2	5.011316E-2
-1.545861E-2	5.031333E-2
-1.554165E-2	5.055896E-2
-1.555545E-2	5.162751E-2
-1.564837E-2	5.292204E-2
-1.577217E-2	5.413960E-2
-1.587468E-2	5.511763E-2
-1.595575E-2	5.582419E-2
-1.603778E-2	5.678897E-2
-1.609773E-2	5.701326E-2
-1.616609E-2	5.721623E-2
-1.620892E-2	5.844397E-2
-1.626873E-2	5.857285E-2
-1.628963E-2	5.880401E-2
-1.633487E-2	5.972879E-2
-1.638615E-2	6.021266E-2
-1.644498E-2	6.082870E-2
-1.653852E-2	6.123384E-2
-1.657618E-2	6.251395E-2
-1.668547E-2	6.336951E-2
-1.674383E-2	6.405650E-2
-1.681161E-2	6.487083E-2
-1.686524E-2	6.511186E-2
-1.689082E-2	6.564619E-2
-1.698256E-2	6.641089E-2
-1.708330E-2	6.744690E-2
-1.718395E-2	6.797743E-2
-1.727420E-2	6.866829E-2
-1.737486E-2	6.936458E-2
-1.745267E-2	6.978869E-2
-1.751791E-2	6.996535E-2
-1.752552E-2	7.002539E-2
-1.755126E-2	7.015175E-2
-1.767664E-2	7.076201E-2
-1.773458E-2	7.057489E-2
-1.778525E-2	7.069911E-2
-1.778530E-2	7.073789E-2
-1.778562E-2	7.096890E-2
-1.786537E-2	7.091542E-2
-1.790831E-2	7.078878E-2
-1.799637E-2	7.139489E-2
-1.807657E-2	7.125761E-2
-1.813658E-2	7.123987E-2
-1.817594E-2	7.171621E-2
-1.826131E-2	7.243960E-2
-1.836387E-2	7.296569E-2
-1.843362E-2	7.335114E-2
-1.855548E-2	7.349958E-2
-1.860855E-2	7.365555E-2
-1.865472E-2	7.431694E-2
-1.882601E-2	7.442499E-2
-1.883514E-2	7.529671E-2
-1.906063E-2	7.564112E-2
-1.915486E-2	7.668181E-2
-1.927816E-2	7.722784E-2
-1.940642E-2	7.790466E-2
-1.955432E-2	7.848122E-2
-1.972035E-2	7.918980E-2
-1.991353E-2	7.959923E-2
-2.006398E-2	7.993019E-2
-2.014742E-2	8.114902E-2
-2.028938E-2	8.177280E-2
-2.045001E-2	8.244427E-2
-2.061127E-2	8.294112E-2
-2.070521E-2	8.317481E-2
-2.073324E-2	8.315369E-2
-2.073352E-2	8.310608E-2
-2.073355E-2	8.311502E-2
-2.073363E-2	8.292225E-2
-2.064070E-2	8.227156E-2
-2.045457E-2	8.151767E-2
-2.028728E-2	8.072087E-2
-2.018918E-2	8.021691E-2
-1.997517E-2	7.913360E-2
-1.969665E-2	7.788103E-2
-1.955838E-2	7.735639E-2
-1.938447E-2	7.614126E-2
-1.890676E-2	7.536573E-2
-1.876191E-2	7.295438E-2
-1.847070E-2	7.179434E-2
-1.827038E-2	7.166448E-2
-1.824194E-2	7.077436E-2
-1.806805E-2	6.984475E-2
-1.771339E-2	6.936260E-2
-1.748561E-2	6.825721E-2
-1.740881E-2	6.685217E-2
-1.725725E-2	6.586204E-2
-1.722483E-2	6.562490E-2
-1.713275E-2	6.520082E-2
-1.708173E-2	6.465082E-2
-1.700827E-2	6.315588E-2
-1.672820E-2	6.209168E-2
-1.657586E-2	6.044236E-2
-1.644162E-2	5.919730E-2
-1.625522E-2	5.712861E-2
-1.603233E-2	5.624754E-2
-1.603229E-2	5.585857E-2
-1.603149E-2	5.585722E-2
-1.603099E-2	5.581390E-2
-1.603101E-2	5.576575E-2
-1.603101E-2	5.575787E-2
-1.603115E-2	5.522079E-2
-1.603107E-2	5.560704E-2
-1.603081E-2	5.585045E-2
-1.603076E-2	5.578182E-2
-1.603081E-2	5.572493E-2
-1.603065E-2	5.563299E-2
-1.603104E-2	6.304432E-2
-1.603055E-2	6.304392E-2
-1.603089E-2	6.298778E-2
-1.603098E-2	6.267615E-2
-1.603039E-2	6.289973E-2
