2.402383E-1	-3.774900E-5
2.398186E-1	-1.241830E-4
2.393701E-1	-2.086020E-4
2.389094E-1	-2.909820E-4
2.384708E-1	-3.821020E-4
2.380213E-1	-4.714010E-4
2.375593E-1	-5.644570E-4
2.371103E-1	-6.468760E-4
2.367076E-1	-7.347030E-4
2.362731E-1	-8.237960E-4
2.358338E-1	-9.149030E-4
2.354175E-1	-1.001971E-3
2.349789E-1	-1.091219E-3
2.345422E-1	-1.178737E-3
2.341076E-1	-1.268269E-3
2.336605E-1	-1.355593E-3
2.332462E-1	-1.431117E-3
2.328345E-1	-1.518351E-3
2.324484E-1	-1.605714E-3
2.320200E-1	-1.688520E-3
2.315927E-1	-1.772707E-3
2.311838E-1	-1.852698E-3
2.307586E-1	-1.937298E-3
2.303410E-1	-2.017057E-3
2.299203E-1	-2.100136E-3
2.295355E-1	-2.177481E-3
2.291198E-1	-2.256388E-3
2.287375E-1	-2.335733E-3
2.283245E-1	-2.413130E-3
2.277284E-1	-2.456133E-3
2.275253E-1	-2.572376E-3
2.271392E-1	-2.650792E-3
2.267325E-1	-2.731236E-3
2.263571E-1	-2.811717E-3
2.259738E-1	-2.889307E-3
2.255831E-1	-2.967891E-3
2.250243E-1	-3.008868E-3
2.248310E-1	-3.125731E-3
2.242471E-1	-3.163971E-3
2.240705E-1	-3.279375E-3
2.236846E-1	-3.354821E-3
2.233240E-1	-3.430501E-3
2.227975E-1	-3.471258E-3
2.225920E-1	-3.585293E-3
2.222041E-1	-3.662961E-3
2.218275E-1	-3.740241E-3
2.214862E-1	-3.814823E-3
2.209436E-1	-3.851139E-3
2.207600E-1	-3.962063E-3
2.203821E-1	-4.035380E-3
2.200154E-1	-4.113654E-3
2.196743E-1	-4.187566E-3
2.191371E-1	-4.224256E-3
2.189665E-1	-4.330055E-3
2.184465E-1	-4.366100E-3
2.182907E-1	-4.475862E-3
2.179154E-1	-4.547913E-3
2.175737E-1	-4.620030E-3
2.171983E-1	-4.692042E-3
2.168666E-1	-4.769568E-3
2.165199E-1	-4.844447E-3
2.162010E-1	-4.728720E-3
2.158181E-1	-4.939749E-3
2.154759E-1	-5.032263E-3
2.151621E-1	-5.112293E-3
2.148194E-1	-5.186746E-3
2.144965E-1	-5.258824E-3
2.141487E-1	-5.329946E-3
2.138339E-1	-5.401584E-3
2.134821E-1	-5.488895E-3
2.131711E-1	-5.559178E-3
2.128129E-1	-5.618436E-3
2.124958E-1	-5.696878E-3
2.121856E-1	-5.763055E-3
2.118521E-1	-5.825062E-3
2.115298E-1	-5.894790E-3
2.111999E-1	-5.954151E-3
2.108991E-1	-6.024201E-3
2.105738E-1	-6.097428E-3
2.102732E-1	-6.162017E-3
2.099647E-1	-6.234148E-3
2.095092E-1	-6.266204E-3
2.093288E-1	-6.358822E-3
2.090599E-1	-6.425218E-3
2.087405E-1	-6.493539E-3
2.084107E-1	-6.557767E-3
2.080989E-1	-6.625339E-3
2.077865E-1	-6.690212E-3
2.074919E-1	-6.756015E-3
2.071887E-1	-6.821844E-3
2.068711E-1	-6.884794E-3
2.065491E-1	-6.952301E-3
2.062777E-1	-7.015264E-3
2.060144E-1	-7.082693E-3
2.055536E-1	-7.117176E-3
2.053783E-1	-7.214816E-3
2.050746E-1	-7.280192E-3
2.047968E-1	-7.341954E-3
2.044914E-1	-7.406827E-3
2.041955E-1	-7.471236E-3
2.039076E-1	-7.534728E-3
2.036221E-1	-7.596903E-3
2.033299E-1	-7.662009E-3
2.030473E-1	-7.724340E-3
2.026145E-1	-7.756705E-3
2.024685E-1	-7.847360E-3
2.022024E-1	-7.864841E-3
2.018825E-1	-7.962415E-3
2.016087E-1	-8.033512E-3
2.013216E-1	-8.101651E-3
2.009476E-1	-8.133462E-3
2.008332E-1	-8.226247E-3
2.005456E-1	-8.289158E-3
2.002523E-1	-8.353026E-3
1.999475E-1	-8.295549E-3
1.996618E-1	-8.464634E-3
1.994103E-1	-8.521026E-3
1.991449E-1	-8.424780E-3
1.988518E-1	-8.510091E-3
1.985930E-1	-8.664264E-3
1.983379E-1	-8.730105E-3
1.980607E-1	-8.696526E-3
1.977647E-1	-8.842875E-3
1.975248E-1	-8.791287E-3
1.972626E-1	-8.855773E-3
1.970234E-1	-8.913765E-3
1.967379E-1	-8.974985E-3
1.964808E-1	-9.035004E-3
1.962361E-1	-9.097735E-3
1.959697E-1	-9.274939E-3
1.956902E-1	-9.334378E-3
1.954461E-1	-9.594401E-3
1.951931E-1	-9.417196E-3
1.949381E-1	-9.394591E-3
1.946557E-1	-9.644182E-3
1.943908E-1	-9.554276E-3
1.941934E-1	-9.573590E-3
1.937980E-1	-9.623487E-3
1.936708E-1	-9.689858E-3
1.934041E-1	-9.749671E-3
1.931842E-1	-9.806256E-3
1.929345E-1	-9.880657E-3
1.927062E-1	-9.929109E-3
1.923194E-1	-9.949662E-3
1.921947E-1	-1.006492E-2
1.919341E-1	-1.009375E-2
1.917043E-1	-1.015487E-2
1.914553E-1	-1.021167E-2
1.912037E-1	-1.026502E-2
1.908690E-1	-1.029572E-2
1.907385E-1	-1.038269E-2
1.905002E-1	-1.044075E-2
1.902698E-1	-1.050032E-2
1.900216E-1	-1.055153E-2
1.897878E-1	-1.060876E-2
1.895836E-1	-1.066574E-2
1.892437E-1	-1.069132E-2
1.891378E-1	-1.077675E-2
1.888908E-1	-1.083592E-2
1.886652E-1	-1.089293E-2
1.884206E-1	-1.095527E-2
1.880895E-1	-1.098019E-2
1.879558E-1	-1.105877E-2
1.877160E-1	-1.111670E-2
1.874873E-1	-1.117184E-2
1.872752E-1	-1.123105E-2
1.870364E-1	-1.128656E-2
1.868368E-1	-1.134064E-2
1.866036E-1	-1.139631E-2
1.863937E-1	-1.145299E-2
1.861685E-1	-1.150474E-2
1.859329E-1	-1.168893E-2
1.856992E-1	-1.168715E-2
1.854855E-1	-1.166909E-2
1.852863E-1	-1.172408E-2
1.850674E-1	-1.177512E-2
1.848356E-1	-1.183360E-2
1.846260E-1	-1.188729E-2
1.844335E-1	-1.194172E-2
1.842251E-1	-1.199671E-2
1.839785E-1	-1.205136E-2
1.837709E-1	-1.220044E-2
1.835606E-1	-1.227113E-2
1.833691E-1	-1.234347E-2
1.831683E-1	-1.239978E-2
1.829254E-1	-1.245312E-2
1.827321E-1	-1.250843E-2
1.825349E-1	-1.255516E-2
1.823221E-1	-1.261202E-2
1.821066E-1	-1.266624E-2
1.818704E-1	-1.271859E-2
1.816691E-1	-1.276960E-2
1.814609E-1	-1.282341E-2
1.812697E-1	-1.287793E-2
1.810833E-1	-1.293116E-2
1.808733E-1	-1.298306E-2
1.806492E-1	-1.303601E-2
1.804418E-1	-1.308808E-2
1.802350E-1	-1.314424E-2
1.800426E-1	-1.319562E-2
1.798528E-1	-1.324726E-2
1.796681E-1	-1.330016E-2
1.794550E-1	-1.335377E-2
1.792547E-1	-1.340625E-2
1.790770E-1	-1.345890E-2
1.788635E-1	-1.350989E-2
1.786778E-1	-1.356231E-2
1.785145E-1	-1.361367E-2
1.783124E-1	-1.366616E-2
1.780816E-1	-1.372079E-2
1.778576E-1	-1.364896E-2
1.776904E-1	-1.370138E-2
1.774455E-1	-1.372757E-2
1.773444E-1	-1.381017E-2
1.771258E-1	-1.386153E-2
1.769395E-1	-1.400694E-2
1.767614E-1	-1.402205E-2
1.765808E-1	-1.411579E-2
1.764008E-1	-1.417274E-2
1.762247E-1	-1.423032E-2
1.759926E-1	-1.429126E-2
1.758172E-1	-1.434389E-2
1.756457E-1	-1.439035E-2
1.754704E-1	-1.444295E-2
1.752788E-1	-1.449454E-2
1.750973E-1	-1.454587E-2
1.748941E-1	-1.459751E-2
1.746920E-1	-1.464914E-2
1.745220E-1	-1.470159E-2
1.743410E-1	-1.474707E-2
1.741849E-1	-1.480352E-2
1.739915E-1	-1.485419E-2
1.738339E-1	-1.479376E-2
1.736476E-1	-1.484645E-2
1.734562E-1	-1.489697E-2
1.732814E-1	-1.494919E-2
1.731181E-1	-1.504588E-2
1.729318E-1	-1.518160E-2
1.727662E-1	-1.523820E-2
1.725635E-1	-1.529563E-2
1.723868E-1	-1.520545E-2
1.722267E-1	-1.525720E-2
1.720293E-1	-1.532729E-2
1.718455E-1	-1.536645E-2
1.716824E-1	-1.541170E-2
1.715148E-1	-1.546267E-2
1.713498E-1	-1.551538E-2
1.712111E-1	-1.556640E-2
1.710330E-1	-1.563956E-2
1.708788E-1	-1.566804E-2
1.707148E-1	-1.573776E-2
1.705411E-1	-1.576966E-2
1.703695E-1	-1.583712E-2
1.702018E-1	-1.587421E-2
1.700245E-1	-1.592396E-2
1.698489E-1	-1.597409E-2
1.696733E-1	-1.602751E-2
1.695019E-1	-1.607735E-2
1.693411E-1	-1.612806E-2
1.692090E-1	-1.617952E-2
1.690213E-1	-1.623108E-2
1.688778E-1	-1.628061E-2
1.687454E-1	-1.632934E-2
1.685845E-1	-1.638284E-2
1.683902E-1	-1.643377E-2
1.682046E-1	-1.648368E-2
1.680387E-1	-1.653262E-2
1.679069E-1	-1.660287E-2
1.677808E-1	-1.663476E-2
1.676123E-1	-1.668624E-2
1.674304E-1	-1.673605E-2
1.672849E-1	-1.687639E-2
1.671361E-1	-1.692603E-2
1.668855E-1	-1.695338E-2
1.668147E-1	-1.702991E-2
1.666593E-1	-1.708066E-2
1.665115E-1	-1.713094E-2
1.663582E-1	-1.718167E-2
1.662044E-1	-1.735681E-2
1.660186E-1	-1.728633E-2
1.658850E-1	-1.733912E-2
1.656568E-1	-1.736315E-2
1.655874E-1	-1.743822E-2
1.653410E-1	-1.746552E-2
1.652448E-1	-1.753847E-2
1.651259E-1	-1.759075E-2
1.649451E-1	-1.764053E-2
1.648102E-1	-1.769189E-2
1.646789E-1	-1.774744E-2
1.645305E-1	-1.779437E-2
1.642975E-1	-1.781940E-2
1.642115E-1	-1.789897E-2
1.640853E-1	-1.794572E-2
1.639329E-1	-1.808819E-2
1.637745E-1	-1.804833E-2
1.636254E-1	-1.811764E-2
1.635008E-1	-1.814992E-2
1.633543E-1	-1.820127E-2
1.631987E-1	-1.825024E-2
1.630537E-1	-1.830174E-2
1.628965E-1	-1.835220E-2
1.627669E-1	-1.840492E-2
1.626306E-1	-1.845599E-2
1.624802E-1	-1.850598E-2
1.623373E-1	-1.855924E-2
1.621832E-1	-1.860969E-2
1.620764E-1	-1.866011E-2
1.619143E-1	-1.871286E-2
1.617574E-1	-1.876492E-2
1.616013E-1	-1.882197E-2
1.614425E-1	-1.886648E-2
1.613467E-1	-1.891826E-2
1.612345E-1	-1.896798E-2
1.610872E-1	-1.902032E-2
1.609485E-1	-1.907179E-2
1.607921E-1	-1.912263E-2
1.605908E-1	-1.915041E-2
1.605234E-1	-1.923167E-2
1.603309E-1	-1.925491E-2
1.602535E-1	-1.932884E-2
1.601169E-1	-1.937905E-2
1.598903E-1	-1.940753E-2
1.598289E-1	-1.948473E-2
1.597131E-1	-1.953973E-2
1.595784E-1	-1.958811E-2
1.594522E-1	-1.964363E-2
1.593098E-1	-1.969278E-2
1.591885E-1	-1.974662E-2
1.590443E-1	-1.979972E-2
1.589053E-1	-1.984924E-2
1.587627E-1	-1.990382E-2
1.586572E-1	-1.995539E-2
1.585050E-1	-2.000753E-2
1.583633E-1	-2.006350E-2
1.582242E-1	-2.011178E-2
1.581152E-1	-2.016600E-2
1.579617E-1	-2.021720E-2
1.578371E-1	-2.027060E-2
1.576691E-1	-2.029614E-2
1.575958E-1	-2.037619E-2
1.574600E-1	-2.042848E-2
1.572807E-1	-2.045360E-2
1.572155E-1	-2.053478E-2
1.571037E-1	-2.058810E-2
1.569094E-1	-2.061393E-2
1.568308E-1	-2.069391E-2
1.567153E-1	-2.074758E-2
1.565867E-1	-2.079929E-2
1.564619E-1	-2.085415E-2
1.563428E-1	-2.090675E-2
1.562003E-1	-2.096120E-2
1.560646E-1	-2.101408E-2
1.559540E-1	-2.106845E-2
1.558289E-1	-2.112174E-2
1.556966E-1	-2.117563E-2
1.555898E-1	-2.123043E-2
1.554677E-1	-2.128358E-2
1.553318E-1	-2.133795E-2
1.552061E-1	-2.139310E-2
1.551024E-1	-2.144887E-2
1.549758E-1	-2.150220E-2
1.548813E-1	-2.155707E-2
1.547431E-1	-2.161081E-2
1.546088E-1	-2.166576E-2
1.544913E-1	-2.172169E-2
1.543659E-1	-2.177501E-2
1.542740E-1	-2.183832E-2
1.541580E-1	-2.188649E-2
1.540144E-1	-2.194006E-2
1.539206E-1	-2.199604E-2
1.538027E-1	-2.205181E-2
1.536654E-1	-2.210862E-2
1.535333E-1	-2.213726E-2
1.534450E-1	-2.222203E-2
1.533499E-1	-2.227700E-2
1.532227E-1	-2.233343E-2
1.531130E-1	-2.238879E-2
1.529647E-1	-2.244560E-2
1.528608E-1	-2.250257E-2
1.527552E-1	-2.255761E-2
1.526620E-1	-2.261326E-2
1.525363E-1	-2.267202E-2
1.524105E-1	-2.272708E-2
1.522971E-1	-2.278610E-2
1.521749E-1	-2.284567E-2
1.519832E-1	-2.287156E-2
1.519289E-1	-2.295978E-2
1.517605E-1	-2.298648E-2
1.516909E-1	-2.305740E-2
1.515966E-1	-2.057875E-2
1.515072E-1	-2.065660E-2
1.513927E-1	-2.073564E-2
1.512817E-1	-2.081383E-2
1.510998E-1	-2.085125E-2
1.510361E-1	-2.097391E-2
1.509626E-1	-2.101901E-2
1.508418E-1	-2.108482E-2
1.507386E-1	-2.111026E-2
1.506200E-1	-2.118575E-2
1.505216E-1	-2.126662E-2
1.503905E-1	-2.135043E-2
1.503006E-1	-2.142401E-2
1.502053E-1	-2.151066E-2
1.500201E-1	-2.159022E-2
1.499673E-1	-2.175176E-2
1.498467E-1	-2.183346E-2
1.497483E-1	-2.185533E-2
1.496515E-1	-2.195801E-2
1.495544E-1	-2.206441E-2
1.494024E-1	-2.214777E-2
1.492753E-1	-2.218680E-2
1.492297E-1	-2.230692E-2
1.491334E-1	-2.238706E-2
1.490098E-1	-2.246641E-2
1.489221E-1	-2.254798E-2
1.488153E-1	-2.262580E-2
1.487024E-1	-2.270588E-2
1.486083E-1	-2.278583E-2
1.484904E-1	-2.286257E-2
1.483794E-1	-2.294520E-2
1.483075E-1	-2.485454E-2
1.481881E-1	-2.199676E-2
1.480602E-1	-2.510914E-2
1.479798E-1	-2.518926E-2
1.478922E-1	-2.525413E-2
1.477664E-1	-2.531819E-2
1.476694E-1	-2.538168E-2
1.475329E-1	-2.541340E-2
1.474759E-1	-2.551152E-2
1.473495E-1	-2.557623E-2
1.472673E-1	-2.564133E-2
1.471917E-1	-2.570751E-2
1.470363E-1	-2.577336E-2
1.469539E-1	-2.583616E-2
1.468527E-1	-2.590298E-2
1.467592E-1	-2.596951E-2
1.466568E-1	-2.603721E-2
1.465586E-1	-2.610162E-2
1.464773E-1	-2.616992E-2
1.463285E-1	-2.620306E-2
1.462129E-1	-2.626916E-2
1.461891E-1	-2.637079E-2
1.460336E-1	-2.640476E-2
1.459642E-1	-2.647281E-2
1.459104E-1	-2.657449E-2
1.458191E-1	-2.664360E-2
1.456855E-1	-2.671197E-2
1.456060E-1	-2.678303E-2
1.455081E-1	-2.685133E-2
1.453964E-1	-2.692435E-2
1.453251E-1	-2.699345E-2
1.452161E-1	-2.706646E-2
1.451246E-1	-2.713766E-2
1.450161E-1	-2.721997E-2
1.449192E-1	-2.728115E-2
1.448495E-1	-2.735000E-2
1.446706E-1	-2.738700E-2
1.446339E-1	-2.750033E-2
1.445681E-1	-2.756465E-2
1.444571E-1	-2.763862E-2
1.443561E-1	-2.771150E-2
1.442634E-1	-2.779163E-2
1.441774E-1	-2.785985E-2
1.440640E-1	-2.793224E-2
1.440017E-1	-2.800651E-2
1.439081E-1	-2.808163E-2
1.438194E-1	-2.815681E-2
1.437038E-1	-2.823422E-2
1.436172E-1	-2.830948E-2
1.435490E-1	-2.838519E-2
1.434517E-1	-2.846426E-2
1.433588E-1	-2.853765E-2
1.432632E-1	-2.861641E-2
1.431826E-1	-2.869400E-2
1.430721E-1	-2.877222E-2
1.429426E-1	-2.881293E-2
1.428984E-1	-2.893108E-2
1.428317E-1	-2.900904E-2
1.427318E-1	-2.908920E-2
1.426610E-1	-2.916853E-2
1.425581E-1	-2.924921E-2
1.424454E-1	-2.932973E-2
1.423797E-1	-2.941184E-2
1.422884E-1	-2.949413E-2
1.422134E-1	-2.957780E-2
1.421348E-1	-2.965955E-2
1.420080E-1	-2.974353E-2
1.419273E-1	-2.982743E-2
1.418477E-1	-2.991212E-2
1.417463E-1	-2.999546E-2
1.416868E-1	-3.008089E-2
1.416035E-1	-3.016608E-2
1.415112E-1	-3.025286E-2
1.414212E-1	-3.034067E-2
1.413162E-1	-3.042797E-2
1.412616E-1	-3.051301E-2
1.411812E-1	-3.060121E-2
1.410771E-1	-3.068892E-2
1.409771E-1	-3.077790E-2
1.409199E-1	-3.087102E-2
1.408372E-1	-3.096071E-2
1.407718E-1	-3.105203E-2
1.406689E-1	-3.114293E-2
1.405801E-1	-3.123407E-2
1.404811E-1	-3.132708E-2
1.404046E-1	-3.142127E-2
1.403469E-1	-3.151567E-2
1.402646E-1	-3.160901E-2
1.401771E-1	-3.170336E-2
1.400988E-1	-3.179884E-2
1.400026E-1	-3.189593E-2
1.399078E-1	-3.199232E-2
1.398387E-1	-3.209054E-2
1.397574E-1	-3.218829E-2
1.396645E-1	-3.228680E-2
1.396075E-1	-3.238600E-2
1.394574E-1	-3.243631E-2
1.394246E-1	-3.258729E-2
1.393528E-1	-3.268762E-2
1.392753E-1	-3.279019E-2
1.391920E-1	-3.289320E-2
1.391285E-1	-3.299833E-2
1.390146E-1	-3.310507E-2
1.389550E-1	-3.321128E-2
1.388689E-1	-3.331643E-2
1.387976E-1	-3.342569E-2
1.387487E-1	-3.353427E-2
1.386142E-1	-3.358790E-2
1.385233E-1	-3.369852E-2
1.384542E-1	-3.386254E-2
1.384018E-1	-3.334685E-2
1.382642E-1	-3.340854E-2
1.382509E-1	-3.359252E-2
1.381858E-1	-3.371566E-2
1.380454E-1	-3.360369E-2
1.379902E-1	-3.369111E-2
1.379302E-1	-3.382201E-2
1.378348E-1	-3.395098E-2
1.377580E-1	-3.408691E-2
1.376598E-1	-3.415295E-2
1.375726E-1	-3.428787E-2
1.375029E-1	-3.452808E-2
1.374362E-1	-3.463571E-2
1.374117E-1	-3.501823E-2
1.373344E-1	-3.491633E-2
1.372545E-1	-3.505955E-2
1.371897E-1	-3.520292E-2
1.370451E-1	-3.527617E-2
1.370278E-1	-3.549792E-2
1.369461E-1	-3.564456E-2
1.368817E-1	-3.579472E-2
1.367933E-1	-3.594574E-2
1.367076E-1	-3.609965E-2
1.366263E-1	-3.625323E-2
1.365856E-1	-3.641292E-2
1.364336E-1	-3.649054E-2
1.364133E-1	-3.673064E-2
1.363651E-1	-3.690147E-2
1.362771E-1	-3.705902E-2
1.361944E-1	-3.722370E-2
1.361378E-1	-3.739268E-2
1.360614E-1	-3.756562E-2
1.359734E-1	-3.774052E-2
1.359246E-1	-3.791665E-2
1.358501E-1	-3.809466E-2
1.357625E-1	-3.827950E-2
1.356736E-1	-3.837118E-2
1.356388E-1	-3.865283E-2
1.355475E-1	-3.884514E-2
1.354538E-1	-3.904134E-2
1.353932E-1	-3.923510E-2
1.353332E-1	-3.943954E-2
1.352421E-1	-3.964640E-2
1.351428E-1	-3.974881E-2
1.351124E-1	-4.007343E-2
1.350276E-1	-4.030922E-2
1.349694E-1	-4.051936E-2
1.348944E-1	-4.075144E-2
1.348354E-1	-4.098880E-2
1.347722E-1	-4.123779E-2
1.346950E-1	-4.149604E-2
1.346431E-1	-4.176388E-2
1.345462E-1	-4.204271E-2
1.344553E-1	-4.234340E-2
1.344052E-1	-4.272034E-2
1.341511E-1	4.244777E-2
1.340842E-1	4.126775E-2
1.340080E-1	3.998093E-2
1.339413E-1	3.864531E-2
1.338823E-1	1.180284E-1
1.338128E-1	1.167045E-1
1.337331E-1	1.154151E-1
1.336768E-1	1.141766E-1
1.336039E-1	1.129932E-1
1.335070E-1	1.118574E-1
1.334331E-1	1.107795E-1
1.333777E-1	1.097362E-1
1.333265E-1	1.087269E-1
1.332829E-1	1.077644E-1
1.331995E-1	1.068327E-1
1.331520E-1	1.059148E-1
1.330669E-1	1.050672E-1
1.329949E-1	1.042282E-1
1.329088E-1	1.033974E-1
1.328472E-1	1.025874E-1
1.327995E-1	1.018095E-1
1.327415E-1	1.010872E-1
1.326681E-1	1.004320E-1
1.326070E-1	9.984192E-2
1.325294E-1	9.931497E-2
1.324620E-1	9.884862E-2
1.324006E-1	9.845007E-2
1.323606E-1	9.811124E-2
1.322897E-1	9.782274E-2
1.322034E-1	9.755983E-2
1.321300E-1	9.733793E-2
1.320512E-1	9.712359E-2
1.320034E-1	9.691592E-2
1.319528E-1	9.671944E-2
1.318835E-1	9.653154E-2
1.317630E-1	9.644032E-2
1.317241E-1	9.601310E-2
1.316963E-1	9.531505E-2
1.316379E-1	9.445386E-2
1.315938E-1	9.361372E-2
1.315303E-1	9.281788E-2
1.314330E-1	9.210910E-2
1.313656E-1	9.145508E-2
1.313245E-1	9.086819E-2
1.312827E-1	9.033890E-2
1.312244E-1	8.986480E-2
1.311645E-1	8.943949E-2
1.310685E-1	8.905395E-2
1.310221E-1	8.870892E-2
1.309542E-1	8.839443E-2
1.309019E-1	8.810707E-2
1.308329E-1	8.784558E-2
1.307517E-1	8.760692E-2
1.307024E-1	8.738909E-2
1.306380E-1	8.718935E-2
1.305787E-1	8.699931E-2
1.305326E-1	8.677944E-2
1.304614E-1	8.663871E-2
1.304112E-1	8.645727E-2
1.303658E-1	8.635571E-2
1.302958E-1	8.617682E-2
1.302184E-1	8.604714E-2
1.301841E-1	8.600390E-2
1.301129E-1	8.589749E-2
1.300126E-1	8.579619E-2
1.299695E-1	8.570256E-2
1.299215E-1	8.561253E-2
1.298735E-1	8.552287E-2
1.298068E-1	8.543872E-2
1.297496E-1	8.535741E-2
1.296893E-1	8.528838E-2
1.296336E-1	8.520298E-2
1.295919E-1	8.512576E-2
1.295030E-1	8.506064E-2
1.294433E-1	8.498061E-2
1.293967E-1	8.491821E-2
1.293171E-1	8.485546E-2
1.292727E-1	8.478766E-2
1.292253E-1	8.472525E-2
1.291711E-1	8.466404E-2
1.291126E-1	8.460200E-2
1.290331E-1	8.454184E-2
1.289937E-1	8.448836E-2
1.289304E-1	8.442310E-2
1.288790E-1	8.436603E-2
1.288404E-1	8.430870E-2
1.287788E-1	8.425109E-2
1.287193E-1	8.419526E-2
1.286159E-1	8.416578E-2
1.286017E-1	8.408533E-2
1.285429E-1	8.403215E-2
1.284758E-1	8.397657E-2
1.284282E-1	8.392505E-2
1.283919E-1	8.387227E-2
1.283269E-1	8.382162E-2
1.282368E-1	8.376780E-2
1.281593E-1	8.374172E-2
1.281271E-1	8.366417E-2
1.280436E-1	8.363893E-2
1.280166E-1	8.356055E-2
1.279521E-1	8.353502E-2
1.279040E-1	8.345509E-2
1.278603E-1	8.340029E-2
1.277630E-1	8.337290E-2
1.277424E-1	8.328781E-2
1.276832E-1	8.322497E-2
1.276366E-1	8.316544E-2
1.275775E-1	8.309987E-2
1.274961E-1	8.303029E-2
1.274592E-1	8.295809E-2
1.273940E-1	8.288582E-2
1.273491E-1	8.281049E-2
1.272822E-1	8.273688E-2
1.272499E-1	8.266200E-2
1.272224E-1	8.253597E-2
1.271552E-1	8.251790E-2
1.270693E-1	8.236020E-2
1.270246E-1	8.238539E-2
1.269980E-1	8.232164E-2
1.269340E-1	8.226065E-2
1.268849E-1	8.220098E-2
1.268142E-1	8.214791E-2
1.267664E-1	8.209459E-2
1.267173E-1	8.204113E-2
1.266686E-1	8.199660E-2
1.266159E-1	8.195185E-2
1.265602E-1	8.190814E-2
1.264893E-1	8.186777E-2
1.264577E-1	8.182797E-2
1.263763E-1	8.179175E-2
1.263665E-1	8.175720E-2
1.262865E-1	8.172390E-2
1.262395E-1	8.169432E-2
1.262045E-1	8.166687E-2
1.261458E-1	8.163949E-2
1.260764E-1	8.161421E-2
1.260149E-1	8.159066E-2
1.259833E-1	8.156956E-2
1.259277E-1	8.154656E-2
1.258935E-1	8.152513E-2
1.258373E-1	8.150632E-2
1.257826E-1	8.148797E-2
1.257213E-1	8.147001E-2
1.256824E-1	8.145239E-2
1.256360E-1	8.143557E-2
1.255555E-1	8.142820E-2
1.255401E-1	8.140492E-2
1.254435E-1	8.139783E-2
1.254207E-1	8.138300E-2
1.253993E-1	8.136249E-2
1.253202E-1	8.134946E-2
1.252707E-1	8.133527E-2
1.252068E-1	8.132335E-2
1.251935E-1	8.131163E-2
1.251491E-1	8.129990E-2
1.250700E-1	8.128841E-2
1.250229E-1	8.127771E-2
1.249914E-1	8.126612E-2
1.249483E-1	8.125510E-2
1.248913E-1	8.124477E-2
1.248225E-1	8.123391E-2
1.248158E-1	8.122371E-2
1.247390E-1	8.121274E-2
1.246751E-1	8.120429E-2
1.246074E-1	8.119237E-2
1.245703E-1	8.118356E-2
1.245368E-1	8.117484E-2
1.244726E-1	8.116384E-2
1.244116E-1	8.115489E-2
1.243815E-1	8.114598E-2
1.243622E-1	8.113660E-2
1.242928E-1	8.112835E-2
1.242546E-1	8.112105E-2
1.242335E-1	8.111395E-2
1.241565E-1	8.110723E-2
1.241088E-1	8.109505E-2
1.240492E-1	8.109705E-2
1.240056E-1	8.109295E-2
1.239589E-1	8.108960E-2
1.238959E-1	8.108636E-2
1.238772E-1	8.108359E-2
1.238159E-1	8.107966E-2
1.237319E-1	8.107940E-2
1.237024E-1	8.107525E-2
1.236604E-1	8.107277E-2
1.236209E-1	8.107015E-2
1.235711E-1	8.106736E-2
1.235392E-1	8.106729E-2
1.234662E-1	8.106567E-2
1.234402E-1	8.106327E-2
1.233969E-1	8.106210E-2
1.233425E-1	8.105979E-2
1.232852E-1	8.105928E-2
1.232484E-1	8.105753E-2
1.232067E-1	8.105611E-2
1.231709E-1	8.105546E-2
1.230990E-1	8.105466E-2
1.230586E-1	8.105299E-2
1.230232E-1	8.105099E-2
1.229743E-1	8.105089E-2
1.229198E-1	8.105131E-2
1.228760E-1	8.104761E-2
1.228287E-1	8.104748E-2
1.227775E-1	8.104686E-2
1.227282E-1	8.104607E-2
1.226986E-1	8.104581E-2
1.226405E-1	8.104473E-2
1.226305E-1	8.104408E-2
1.225920E-1	8.104279E-2
1.225418E-1	8.104155E-2
1.224684E-1	8.104042E-2
1.224377E-1	8.103947E-2
1.223884E-1	8.103897E-2
1.223591E-1	8.103892E-2
1.222967E-1	8.103852E-2
1.222552E-1	8.103838E-2
1.222091E-1	8.103550E-2
1.221642E-1	8.103737E-2
1.221245E-1	8.103572E-2
1.220565E-1	8.103556E-2
1.220076E-1	8.103396E-2
1.219838E-1	8.103373E-2
1.219206E-1	8.103271E-2
1.218723E-1	8.103121E-2
1.218524E-1	8.103138E-2
1.218159E-1	8.103020E-2
1.217568E-1	8.102894E-2
1.217356E-1	8.103057E-2
1.216801E-1	8.103031E-2
1.216331E-1	8.102776E-2
1.215793E-1	8.102789E-2
1.215366E-1	8.102711E-2
1.214693E-1	8.102745E-2
1.214369E-1	8.102645E-2
1.213995E-1	8.102465E-2
1.213660E-1	8.102446E-2
1.213442E-1	8.102421E-2
1.212951E-1	8.102323E-2
1.212692E-1	8.102397E-2
1.212426E-1	8.102303E-2
1.211898E-1	8.102260E-2
1.210911E-1	8.102170E-2
1.210745E-1	8.102044E-2
1.210309E-1	8.102136E-2
1.210030E-1	8.101948E-2
1.209712E-1	8.101893E-2
1.209288E-1	8.101957E-2
1.208743E-1	8.101993E-2
1.208420E-1	8.101918E-2
1.208046E-1	8.101837E-2
1.207172E-1	8.101831E-2
1.207104E-1	8.101729E-2
1.206767E-1	8.101777E-2
1.206242E-1	8.101651E-2
1.206185E-1	8.101685E-2
1.205731E-1	8.101634E-2
1.204768E-1	8.101540E-2
1.204419E-1	8.101564E-2
1.204196E-1	8.101438E-2
1.204224E-1	8.101444E-2
1.203545E-1	8.101498E-2
1.202783E-1	8.101307E-2
1.202657E-1	8.101230E-2
1.202145E-1	8.101321E-2
1.201673E-1	8.101217E-2
1.201334E-1	8.101197E-2
1.200737E-1	8.101191E-2
1.200560E-1	8.101083E-2
1.199936E-1	8.101135E-2
1.199518E-1	8.101173E-2
1.199285E-1	8.101059E-2
1.198975E-1	8.101147E-2
1.198480E-1	8.101044E-2
1.197959E-1	8.101182E-2
1.197376E-1	8.101036E-2
1.197065E-1	8.100812E-2
1.196791E-1	8.100812E-2
1.196470E-1	8.100857E-2
