2.888985E-1	1.028618E-2
2.896363E-1	1.028583E-2
2.896669E-1	1.028594E-2
2.897173E-1	1.028728E-2
2.897590E-1	1.028587E-2
2.897968E-1	1.028590E-2
2.898255E-1	1.028569E-2
2.898888E-1	1.028577E-2
2.899415E-1	1.028537E-2
2.899595E-1	1.028598E-2
2.900457E-1	1.028705E-2
2.900567E-1	1.028701E-2
2.900950E-1	1.028715E-2
2.901293E-1	1.028676E-2
2.901698E-1	1.028592E-2
2.902059E-1	1.028670E-2
2.902364E-1	1.028741E-2
2.902901E-1	1.028718E-2
2.903138E-1	1.028649E-2
2.903356E-1	1.028689E-2
2.903648E-1	1.028585E-2
2.904296E-1	1.028675E-2
2.904646E-1	1.028672E-2
2.905396E-1	1.028565E-2
2.905950E-1	1.028507E-2
2.906218E-1	1.028634E-2
2.906611E-1	1.028600E-2
2.906866E-1	1.028523E-2
2.907506E-1	1.028565E-2
2.907710E-1	1.028539E-2
2.908166E-1	1.028638E-2
2.909005E-1	1.028551E-2
2.909567E-1	1.028684E-2
2.909795E-1	1.028636E-2
2.910895E-1	1.028625E-2
2.910991E-1	1.028595E-2
2.911612E-1	1.028472E-2
2.912244E-1	1.028533E-2
2.912732E-1	1.028546E-2
2.913425E-1	1.028423E-2
2.913863E-1	1.028534E-2
2.915070E-1	1.028409E-2
2.915873E-1	1.028417E-2
2.916481E-1	1.028489E-2
2.917215E-1	1.028519E-2
2.917740E-1	1.028533E-2
2.918843E-1	1.028529E-2
2.919506E-1	1.028452E-2
2.920393E-1	1.028471E-2
2.921131E-1	1.028395E-2
2.922183E-1	1.028533E-2
2.923076E-1	1.028528E-2
2.923750E-1	1.028448E-2
2.925419E-1	1.028487E-2
2.925687E-1	1.028448E-2
2.926050E-1	1.028576E-2
2.927380E-1	1.028515E-2
2.928155E-1	1.028449E-2
2.929711E-1	1.028555E-2
2.929994E-1	1.028583E-2
2.930671E-1	1.028524E-2
2.931712E-1	1.028463E-2
2.932828E-1	1.028408E-2
2.933451E-1	1.028253E-2
2.934308E-1	1.028342E-2
2.935426E-1	1.028472E-2
2.935852E-1	1.028474E-2
2.936973E-1	1.028414E-2
2.937909E-1	1.028373E-2
2.938933E-1	1.028160E-2
2.939601E-1	1.028306E-2
2.940551E-1	1.028397E-2
2.941856E-1	1.028434E-2
2.942348E-1	1.028427E-2
2.943529E-1	1.028365E-2
2.944048E-1	1.028427E-2
2.945412E-1	1.028364E-2
2.946561E-1	1.028423E-2
2.946845E-1	1.028399E-2
2.947882E-1	1.028472E-2
2.948669E-1	1.028381E-2
2.949445E-1	1.028397E-2
2.950341E-1	1.028364E-2
2.950900E-1	1.028335E-2
2.952202E-1	1.028326E-2
2.953240E-1	1.028404E-2
2.953900E-1	1.028281E-2
2.955293E-1	1.028316E-2
2.955824E-1	1.028339E-2
2.956852E-1	1.028381E-2
2.957609E-1	1.028450E-2
2.958524E-1	1.028395E-2
2.959861E-1	1.028348E-2
2.960539E-1	1.028378E-2
2.961814E-1	1.028462E-2
2.962430E-1	1.028399E-2
2.963391E-1	1.028391E-2
2.964178E-1	1.028384E-2
2.965359E-1	1.028372E-2
2.966195E-1	1.028338E-2
2.967159E-1	1.028408E-2
2.967773E-1	1.028503E-2
2.968913E-1	1.028384E-2
2.969905E-1	1.028489E-2
2.970878E-1	1.028462E-2
2.971983E-1	1.028244E-2
2.972753E-1	1.028373E-2
2.973469E-1	1.028369E-2
2.974617E-1	1.028399E-2
2.975963E-1	1.028425E-2
2.976755E-1	1.028456E-2
2.977414E-1	1.028190E-2
2.978506E-1	1.028275E-2
2.979594E-1	1.028213E-2
2.980359E-1	1.028266E-2
2.981259E-1	1.028117E-2
2.982225E-1	1.028144E-2
2.983059E-1	1.028312E-2
2.983897E-1	1.028293E-2
2.985387E-1	1.028224E-2
2.987099E-1	1.028209E-2
2.987536E-1	1.028128E-2
2.988256E-1	1.028325E-2
2.989618E-1	1.028240E-2
2.990346E-1	1.028290E-2
2.991275E-1	1.028159E-2
2.992412E-1	1.028359E-2
2.993561E-1	1.028457E-2
2.994347E-1	1.028240E-2
2.995941E-1	1.028254E-2
2.996434E-1	1.028231E-2
2.997533E-1	1.028200E-2
2.998407E-1	1.028169E-2
2.999482E-1	1.028237E-2
3.000256E-1	1.028242E-2
3.001001E-1	1.028211E-2
3.002295E-1	1.028157E-2
3.003333E-1	1.028161E-2
3.004170E-1	1.028186E-2
3.005479E-1	1.028250E-2
3.006367E-1	1.028248E-2
3.007453E-1	1.028151E-2
3.008254E-1	1.028175E-2
3.009784E-1	1.028204E-2
3.010836E-1	1.028293E-2
3.011663E-1	1.028184E-2
3.012881E-1	1.028230E-2
3.013728E-1	1.028199E-2
3.014707E-1	1.028137E-2
3.016164E-1	1.028082E-2
3.016843E-1	1.028117E-2
3.017599E-1	1.028152E-2
3.018293E-1	1.028093E-2
3.019868E-1	1.028166E-2
3.020915E-1	1.028088E-2
3.021754E-1	1.028037E-2
3.022934E-1	1.028069E-2
3.023770E-1	1.028028E-2
3.024977E-1	1.028151E-2
3.025946E-1	1.028115E-2
3.027446E-1	1.028120E-2
3.028231E-1	1.028148E-2
3.029652E-1	1.027992E-2
3.030707E-1	1.028121E-2
3.031663E-1	1.028002E-2
3.032906E-1	1.028125E-2
3.033895E-1	1.027980E-2
3.035641E-1	1.028117E-2
3.036237E-1	1.028088E-2
3.037174E-1	1.028106E-2
3.037907E-1	1.027962E-2
3.039337E-1	1.028019E-2
3.040325E-1	1.027966E-2
3.041609E-1	1.028063E-2
3.043330E-1	1.028097E-2
3.044030E-1	1.028026E-2
3.045703E-1	1.027979E-2
3.046223E-1	1.028024E-2
3.047151E-1	1.028008E-2
3.048023E-1	1.027922E-2
3.049285E-1	1.028102E-2
3.050434E-1	1.027969E-2
3.051396E-1	1.028024E-2
3.052707E-1	1.027938E-2
3.053864E-1	1.027991E-2
3.054626E-1	1.028045E-2
3.056155E-1	1.028072E-2
3.057531E-1	1.027992E-2
3.058191E-1	1.027992E-2
3.059508E-1	1.027929E-2
3.061127E-1	1.027937E-2
3.061665E-1	1.027955E-2
3.062989E-1	1.027924E-2
3.064295E-1	1.027942E-2
3.065578E-1	1.028064E-2
3.066233E-1	1.027943E-2
3.067272E-1	1.027875E-2
3.068442E-1	1.027894E-2
3.069795E-1	1.027980E-2
3.070744E-1	1.027917E-2
3.071986E-1	1.027964E-2
3.073344E-1	1.027909E-2
3.074369E-1	1.027916E-2
3.075819E-1	1.027940E-2
3.076876E-1	1.027966E-2
3.077796E-1	1.027925E-2
3.079311E-1	1.027977E-2
3.080565E-1	1.027926E-2
3.081536E-1	1.027906E-2
3.082648E-1	1.027845E-2
3.083618E-1	1.027756E-2
3.085137E-1	1.027671E-2
3.086394E-1	1.027860E-2
3.087891E-1	1.027823E-2
3.088600E-1	1.027822E-2
3.090077E-1	1.027913E-2
3.092122E-1	1.027713E-2
3.092657E-1	1.027869E-2
3.093843E-1	1.027915E-2
3.094820E-1	1.027846E-2
3.096206E-1	1.027773E-2
3.097366E-1	1.027849E-2
3.098284E-1	1.027965E-2
3.099557E-1	1.027813E-2
3.100573E-1	1.027856E-2
3.101966E-1	1.027708E-2
3.103880E-1	1.027802E-2
3.104766E-1	1.027687E-2
3.105901E-1	1.027691E-2
3.107113E-1	1.027783E-2
3.108911E-1	1.027742E-2
3.109640E-1	1.027682E-2
3.110845E-1	1.027694E-2
3.112042E-1	1.027733E-2
3.113283E-1	1.027614E-2
3.115294E-1	1.027631E-2
3.115861E-1	1.027725E-2
3.117326E-1	1.027641E-2
3.117861E-1	1.027743E-2
3.119331E-1	1.027556E-2
3.120402E-1	1.027593E-2
3.121693E-1	1.027632E-2
3.123030E-1	1.027638E-2
3.124095E-1	1.027669E-2
3.125809E-1	1.027805E-2
3.127474E-1	1.027565E-2
3.128714E-1	1.027646E-2
3.129896E-1	1.027486E-2
3.130998E-1	1.027556E-2
3.133008E-1	1.027473E-2
3.133668E-1	1.027514E-2
3.135176E-1	1.027560E-2
3.136350E-1	1.027628E-2
3.137558E-1	1.027531E-2
3.138458E-1	1.027363E-2
3.140162E-1	1.027637E-2
3.141436E-1	1.027418E-2
3.142911E-1	1.027474E-2
3.144194E-1	1.027571E-2
3.145735E-1	1.027458E-2
3.147234E-1	1.027433E-2
3.148221E-1	1.027370E-2
3.149675E-1	1.027362E-2
3.151102E-1	1.027420E-2
3.152202E-1	1.027390E-2
3.153515E-1	1.027436E-2
3.155200E-1	1.027387E-2
3.156597E-1	1.027463E-2
3.157698E-1	1.027432E-2
3.159476E-1	1.027388E-2
3.160732E-1	1.027344E-2
3.162397E-1	1.027300E-2
3.163675E-1	1.027264E-2
3.165085E-1	1.027354E-2
3.166170E-1	1.027306E-2
3.167732E-1	1.027281E-2
3.168688E-1	1.027290E-2
3.170328E-1	1.027399E-2
3.171755E-1	1.027144E-2
3.173243E-1	1.027168E-2
3.174365E-1	1.027335E-2
3.175776E-1	1.027195E-2
3.177186E-1	1.027229E-2
3.178299E-1	1.027175E-2
3.180053E-1	1.027157E-2
3.181376E-1	1.027086E-2
3.183073E-1	1.027133E-2
3.184211E-1	1.027174E-2
3.185808E-1	1.027207E-2
3.187226E-1	1.027273E-2
3.188845E-1	1.027181E-2
3.190217E-1	1.027159E-2
3.191622E-1	1.027131E-2
3.193359E-1	1.027118E-2
3.195020E-1	1.027180E-2
3.196483E-1	1.026951E-2
3.197640E-1	1.027179E-2
3.199388E-1	1.027041E-2
3.200500E-1	1.026931E-2
3.202219E-1	1.027091E-2
3.203628E-1	1.026974E-2
3.205393E-1	1.027127E-2
3.206944E-1	1.027050E-2
3.208445E-1	1.026941E-2
3.209994E-1	1.027042E-2
3.211650E-1	1.026953E-2
3.213167E-1	1.026877E-2
3.214271E-1	1.026966E-2
3.215930E-1	1.026878E-2
3.217104E-1	1.026941E-2
3.218283E-1	1.026877E-2
3.220166E-1	1.026930E-2
3.221836E-1	1.026959E-2
3.223500E-1	1.026897E-2
3.224998E-1	1.026715E-2
3.226189E-1	1.026856E-2
3.227819E-1	1.026802E-2
3.229475E-1	1.026840E-2
3.231291E-1	1.026770E-2
3.232604E-1	1.026820E-2
3.233961E-1	1.026737E-2
3.235786E-1	1.026777E-2
3.237377E-1	1.026643E-2
3.238621E-1	1.026675E-2
3.240720E-1	1.026760E-2
3.242319E-1	1.026638E-2
3.243852E-1	1.026679E-2
3.245509E-1	1.026644E-2
3.246944E-1	1.026709E-2
3.248108E-1	1.026553E-2
3.249905E-1	1.026555E-2
3.251338E-1	1.026580E-2
3.253060E-1	1.026618E-2
3.254612E-1	1.026684E-2
3.256307E-1	1.026660E-2
3.257939E-1	1.026555E-2
3.259758E-1	1.026693E-2
3.261503E-1	1.026535E-2
3.263740E-1	1.026520E-2
3.264387E-1	1.026541E-2
3.266337E-1	1.026533E-2
3.267895E-1	1.026525E-2
3.269453E-1	1.026493E-2
3.271233E-1	1.026454E-2
3.272724E-1	1.026479E-2
3.274206E-1	1.026457E-2
3.276173E-1	1.026418E-2
3.277551E-1	1.026427E-2
3.279491E-1	1.026443E-2
3.280955E-1	1.026267E-2
3.282658E-1	1.026374E-2
3.284330E-1	1.026305E-2
3.287527E-1	1.026262E-2
3.287960E-1	1.026345E-2
3.289676E-1	1.026236E-2
3.291571E-1	1.026221E-2
3.293508E-1	1.026256E-2
3.294851E-1	1.026336E-2
3.296734E-1	1.026218E-2
3.298230E-1	1.026306E-2
3.300139E-1	1.026190E-2
3.301719E-1	1.026235E-2
3.303542E-1	1.026247E-2
3.305117E-1	1.026239E-2
3.307390E-1	1.026207E-2
3.308771E-1	1.025996E-2
3.310762E-1	1.026015E-2
3.312660E-1	1.026019E-2
3.314123E-1	1.026045E-2
3.315917E-1	1.026142E-2
3.317374E-1	1.026004E-2
3.319007E-1	1.025978E-2
3.320760E-1	1.026038E-2
3.322702E-1	1.025945E-2
3.324458E-1	1.025873E-2
3.326524E-1	1.026013E-2
3.328467E-1	1.025901E-2
3.330174E-1	1.025827E-2
3.332038E-1	1.025960E-2
3.333910E-1	1.025693E-2
3.336127E-1	1.025836E-2
3.337710E-1	1.025739E-2
3.339330E-1	1.025735E-2
3.341109E-1	1.025832E-2
3.342912E-1	1.025716E-2
3.344597E-1	1.025835E-2
3.346801E-1	1.025799E-2
3.348471E-1	1.025761E-2
3.350361E-1	1.025706E-2
3.352292E-1	1.025872E-2
3.354022E-1	1.025633E-2
3.356229E-1	1.025601E-2
3.357865E-1	1.025662E-2
3.359778E-1	1.025460E-2
3.361551E-1	1.025599E-2
3.363467E-1	1.025601E-2
3.365308E-1	1.025587E-2
3.367282E-1	1.025565E-2
3.369337E-1	1.025445E-2
3.371605E-1	1.025515E-2
3.373490E-1	1.025518E-2
3.375655E-1	1.025493E-2
3.377218E-1	1.025460E-2
3.378896E-1	1.025419E-2
3.381033E-1	1.025391E-2
3.383037E-1	1.025481E-2
3.385003E-1	1.025538E-2
3.386921E-1	1.025391E-2
3.388712E-1	1.025362E-2
3.391229E-1	1.025267E-2
3.393189E-1	1.025336E-2
3.394895E-1	1.025340E-2
3.396715E-1	1.025238E-2
3.398676E-1	1.025260E-2
3.400981E-1	1.025218E-2
3.402985E-1	1.025193E-2
3.404842E-1	1.025183E-2
3.406833E-1	1.025054E-2
3.408618E-1	1.025141E-2
3.410823E-1	1.025055E-2
3.412940E-1	1.025113E-2
3.415079E-1	1.025025E-2
3.417050E-1	1.024979E-2
3.418761E-1	1.025092E-2
3.421003E-1	1.025014E-2
3.423050E-1	1.025060E-2
3.424917E-1	1.025089E-2
3.427166E-1	1.024989E-2
3.429288E-1	1.024971E-2
3.431455E-1	1.024812E-2
3.433722E-1	1.024848E-2
3.435641E-1	1.024958E-2
3.437847E-1	1.024909E-2
3.441031E-1	1.024811E-2
3.441952E-1	1.024908E-2
3.444299E-1	1.024891E-2
3.446673E-1	1.024779E-2
3.448498E-1	1.024776E-2
3.450747E-1	1.024733E-2
3.452807E-1	1.024772E-2
3.454965E-1	1.024660E-2
3.457307E-1	1.024695E-2
3.459140E-1	1.024677E-2
3.461424E-1	1.024653E-2
3.463422E-1	1.024669E-2
3.465689E-1	1.024557E-2
3.467992E-1	1.024659E-2
3.470333E-1	1.024554E-2
3.472578E-1	1.024407E-2
3.474400E-1	1.024536E-2
3.476712E-1	1.024521E-2
3.478822E-1	1.024372E-2
3.481057E-1	1.024522E-2
3.483743E-1	1.024413E-2
3.485654E-1	1.024407E-2
3.488270E-1	1.024417E-2
3.490519E-1	1.024415E-2
3.492814E-1	1.024308E-2
3.495079E-1	1.024313E-2
3.497239E-1	1.024181E-2
3.499564E-1	1.024386E-2
3.501670E-1	1.024305E-2
3.503866E-1	1.024211E-2
3.506298E-1	1.024185E-2
3.508526E-1	1.024145E-2
3.511084E-1	1.024182E-2
3.513548E-1	1.024118E-2
3.517097E-1	1.024045E-2
3.518058E-1	1.024016E-2
3.520210E-1	1.024022E-2
3.522408E-1	1.023907E-2
3.525952E-1	1.023849E-2
3.527518E-1	1.023853E-2
3.529976E-1	1.023765E-2
3.532298E-1	1.023786E-2
3.534270E-1	1.023703E-2
3.536836E-1	1.023662E-2
3.538645E-1	1.023583E-2
3.541463E-1	1.023607E-2
3.543898E-1	1.023512E-2
3.546490E-1	1.023426E-2
3.548768E-1	1.023513E-2
3.551266E-1	1.023462E-2
3.553863E-1	1.023426E-2
3.556136E-1	1.023293E-2
3.560153E-1	1.023202E-2
3.561278E-1	1.023254E-2
3.563770E-1	1.023076E-2
3.566195E-1	1.023033E-2
3.568558E-1	1.023044E-2
3.571345E-1	1.023033E-2
3.573715E-1	1.022946E-2
3.576469E-1	1.022970E-2
3.578631E-1	1.022739E-2
3.581139E-1	1.022815E-2
3.583626E-1	1.022690E-2
3.586184E-1	1.022633E-2
3.590235E-1	1.022621E-2
3.591504E-1	1.022510E-2
3.594079E-1	1.022510E-2
3.596656E-1	1.022479E-2
3.599317E-1	1.022263E-2
3.601731E-1	1.022286E-2
3.604479E-1	1.022292E-2
3.606882E-1	1.022263E-2
3.609368E-1	1.022183E-2
3.611978E-1	1.022122E-2
3.614704E-1	1.022108E-2
3.618646E-1	1.022057E-2
3.619941E-1	1.021861E-2
3.622456E-1	1.021911E-2
3.624955E-1	1.021981E-2
3.628027E-1	1.021763E-2
3.630676E-1	1.021871E-2
3.633389E-1	1.021728E-2
3.636200E-1	1.021667E-2
3.638799E-1	1.021581E-2
3.641520E-1	1.021594E-2
3.644187E-1	1.021472E-2
3.647081E-1	1.021361E-2
3.651090E-1	1.021254E-2
3.652412E-1	1.021239E-2
3.655106E-1	1.021040E-2
3.657930E-1	1.020937E-2
3.662004E-1	1.021068E-2
3.663512E-1	1.021070E-2
3.666412E-1	1.020835E-2
3.669127E-1	1.020708E-2
3.671875E-1	1.020597E-2
3.674522E-1	1.020453E-2
3.677491E-1	1.020317E-2
3.680173E-1	1.020364E-2
3.683111E-1	1.020292E-2
3.686084E-1	1.020138E-2
3.689128E-1	1.019956E-2
3.692158E-1	1.019822E-2
3.694932E-1	1.019764E-2
3.697641E-1	1.019633E-2
3.700396E-1	1.019630E-2
3.703603E-1	1.019420E-2
3.706497E-1	1.019303E-2
3.709541E-1	1.019261E-2
3.712353E-1	1.019158E-2
3.715018E-1	1.019020E-2
3.719278E-1	1.018950E-2
3.720766E-1	1.018901E-2
3.723807E-1	1.018754E-2
3.726745E-1	1.018725E-2
3.729800E-1	1.018774E-2
3.732656E-1	1.018584E-2
3.735956E-1	1.018609E-2
3.738506E-1	1.018556E-2
3.741848E-1	1.018606E-2
3.744959E-1	1.018512E-2
3.748192E-1	1.018459E-2
3.751043E-1	1.018426E-2
3.754180E-1	1.018280E-2
3.757107E-1	1.018290E-2
3.760346E-1	1.018205E-2
3.763488E-1	1.018224E-2
3.766631E-1	1.018162E-2
3.769453E-1	1.018068E-2
3.773002E-1	1.018056E-2
3.776231E-1	1.018015E-2
3.780569E-1	1.017978E-2
3.781978E-1	1.017874E-2
3.785354E-1	1.017886E-2
3.788669E-1	1.017725E-2
3.791968E-1	1.017837E-2
3.794950E-1	1.017736E-2
3.799597E-1	1.017661E-2
3.801461E-1	1.017717E-2
3.804501E-1	1.017714E-2
3.808512E-1	1.017546E-2
3.811536E-1	1.017487E-2
3.814926E-1	1.017492E-2
3.818065E-1	1.017401E-2
3.821309E-1	1.017491E-2
3.824542E-1	1.017326E-2
3.827954E-1	1.017353E-2
3.832902E-1	1.017382E-2
3.834562E-1	1.017323E-2
3.838113E-1	1.017351E-2
3.841368E-1	1.017185E-2
3.844555E-1	1.017157E-2
3.848065E-1	1.017123E-2
3.851456E-1	1.017088E-2
3.855080E-1	1.017102E-2
3.858346E-1	1.017022E-2
3.861813E-1	1.016981E-2
3.865326E-1	1.017126E-2
3.868746E-1	1.017002E-2
3.872160E-1	1.016869E-2
3.875384E-1	1.016990E-2
3.878941E-1	1.017009E-2
3.882361E-1	1.016871E-2
3.885715E-1	1.016856E-2
3.889820E-1	1.016845E-2
3.893347E-1	1.016917E-2
3.897214E-1	1.016789E-2
3.900211E-1	1.016772E-2
3.903857E-1	1.016789E-2
3.907340E-1	1.016661E-2
3.910705E-1	1.016785E-2
3.914686E-1	1.016750E-2
3.918118E-1	1.016755E-2
3.921659E-1	1.016756E-2
3.925143E-1	1.016758E-2
3.929124E-1	1.016614E-2
3.932817E-1	1.016703E-2
3.936444E-1	1.016685E-2
3.940263E-1	1.016643E-2
3.943872E-1	1.016650E-2
3.947544E-1	1.016613E-2
3.950969E-1	1.016481E-2
3.954684E-1	1.016640E-2
3.958794E-1	1.016618E-2
3.962507E-1	1.016598E-2
3.966431E-1	1.016468E-2
3.970354E-1	1.016432E-2
3.974064E-1	1.016481E-2
3.977693E-1	1.016449E-2
3.981321E-1	1.016284E-2
3.985090E-1	1.016493E-2
3.989185E-1	1.016434E-2
3.993192E-1	1.016338E-2
3.997227E-1	1.016328E-2
4.000823E-1	1.016383E-2
4.007095E-1	1.016299E-2
4.008897E-1	1.016319E-2
4.012876E-1	1.016196E-2
4.016791E-1	1.016241E-2
4.020776E-1	1.016191E-2
4.024994E-1	1.016227E-2
4.029251E-1	1.016099E-2
4.033029E-1	1.016104E-2
4.037110E-1	1.016054E-2
4.041107E-1	1.016057E-2
4.045126E-1	1.016062E-2
4.049205E-1	1.016064E-2
4.053272E-1	1.015940E-2
4.057334E-1	1.015986E-2
4.061393E-1	1.016011E-2
4.068016E-1	1.015940E-2
4.070037E-1	1.015831E-2
4.074240E-1	1.015934E-2
4.078638E-1	1.015829E-2
4.082422E-1	1.015960E-2
4.086564E-1	1.015835E-2
4.091088E-1	1.015819E-2
4.095351E-1	1.015726E-2
4.101621E-1	1.015747E-2
4.105814E-1	1.015649E-2
4.107906E-1	1.015739E-2
4.111999E-1	1.015589E-2
4.116552E-1	1.015615E-2
4.120349E-1	1.015509E-2
4.124683E-1	1.015601E-2
4.131390E-1	1.015514E-2
4.133750E-1	1.015359E-2
4.138086E-1	1.015381E-2
4.142399E-1	1.015438E-2
4.149156E-1	1.015289E-2
4.153813E-1	1.015312E-2
4.155695E-1	1.015134E-2
4.159996E-1	1.015149E-2
4.164513E-1	1.012336E-2
4.168813E-1	1.009901E-2
4.173702E-1	1.009053E-2
4.178534E-1	1.008553E-2
4.182954E-1	1.008225E-2
4.187793E-1	1.007648E-2
4.192096E-1	1.007306E-2
4.197054E-1	1.005859E-2
4.201568E-1	1.003649E-2
4.206328E-1	1.003085E-2
4.211111E-1	1.003103E-2
4.215881E-1	1.003072E-2
4.219978E-1	1.003197E-2
4.224518E-1	1.003118E-2
4.229509E-1	1.003150E-2
4.234578E-1	1.003054E-2
4.239319E-1	1.003108E-2
4.244064E-1	1.003046E-2
4.251183E-1	1.003121E-2
4.253691E-1	1.003112E-2
4.258518E-1	1.002993E-2
4.263431E-1	1.002932E-2
4.268520E-1	1.003003E-2
4.273447E-1	1.003086E-2
4.278420E-1	1.003077E-2
4.285601E-1	1.003135E-2
4.288408E-1	1.002958E-2
4.295771E-1	1.002878E-2
4.298215E-1	1.002959E-2
4.303134E-1	1.002957E-2
4.308380E-1	1.002882E-2
4.313500E-1	1.002979E-2
4.318245E-1	1.002924E-2
4.323437E-1	1.002799E-2
4.328304E-1	1.002926E-2
4.333579E-1	1.002903E-2
4.338754E-1	1.002819E-2
4.343800E-1	1.002859E-2
4.349189E-1	1.002874E-2
4.354225E-1	1.002761E-2
4.359535E-1	1.002918E-2
4.365069E-1	1.002839E-2
4.370091E-1	1.002868E-2
4.375570E-1	1.002861E-2
4.380982E-1	1.002795E-2
4.386058E-1	1.002870E-2
4.391770E-1	1.002908E-2
4.397103E-1	1.002726E-2
4.405195E-1	1.002804E-2
4.407889E-1	1.002826E-2
4.413291E-1	1.002741E-2
4.418676E-1	1.002718E-2
4.423878E-1	1.002678E-2
4.429342E-1	1.002631E-2
4.435030E-1	1.002792E-2
4.440388E-1	1.002649E-2
4.446193E-1	1.002695E-2
4.451387E-1	1.002677E-2
4.457232E-1	1.002693E-2
4.462652E-1	1.002523E-2
4.468594E-1	1.002622E-2
4.474297E-1	1.002586E-2
4.480137E-1	1.002519E-2
4.485717E-1	1.002653E-2
4.492180E-1	1.002717E-2
4.497689E-1	1.002608E-2
4.503559E-1	1.002640E-2
4.509538E-1	1.002644E-2
4.515623E-1	1.002517E-2
4.524123E-1	1.002444E-2
4.530069E-1	1.002496E-2
4.533037E-1	1.002465E-2
4.539097E-1	1.002541E-2
4.545044E-1	1.002527E-2
4.551389E-1	1.002488E-2
4.557092E-1	1.002489E-2
4.562680E-1	1.002409E-2
4.568878E-1	1.002492E-2
4.574859E-1	1.002431E-2
4.584294E-1	1.002429E-2
4.587284E-1	1.002360E-2
4.593293E-1	1.002365E-2
4.599669E-1	1.002362E-2
4.609060E-1	1.002271E-2
4.612157E-1	1.002387E-2
4.618429E-1	1.002338E-2
4.624708E-1	1.002165E-2
4.631049E-1	1.002218E-2
4.637625E-1	1.002229E-2
4.643926E-1	1.002250E-2
4.650186E-1	1.002285E-2
4.656444E-1	1.002261E-2
4.662990E-1	1.002372E-2
4.669542E-1	1.002216E-2
4.676030E-1	1.002250E-2
4.685380E-1	1.002187E-2
4.688920E-1	1.002092E-2
4.695705E-1	1.002163E-2
4.702385E-1	1.002236E-2
4.709085E-1	1.002174E-2
4.715646E-1	1.002263E-2
4.721712E-1	1.002129E-2
4.728726E-1	1.002324E-2
4.735471E-1	1.002163E-2
4.742650E-1	1.002081E-2
4.749765E-1	1.002116E-2
4.756619E-1	1.002098E-2
4.763280E-1	1.002009E-2
4.770101E-1	1.001987E-2
4.776990E-1	1.002019E-2
4.783920E-1	1.001970E-2
4.791494E-1	1.001914E-2
4.798760E-1	1.001916E-2
4.805428E-1	1.001947E-2
4.812819E-1	1.001936E-2
4.819371E-1	1.002004E-2
4.826421E-1	1.002018E-2
4.834103E-1	1.002052E-2
4.841370E-1	1.001977E-2
4.848552E-1	1.002008E-2
4.855683E-1	1.001986E-2
4.862917E-1	1.001977E-2
4.870173E-1	1.002093E-2
4.877680E-1	1.002004E-2
4.884779E-1	1.001982E-2
4.893034E-1	1.001978E-2
4.900534E-1	1.001925E-2
4.908000E-1	1.001888E-2
4.915298E-1	1.001875E-2
4.921388E-1	1.001822E-2
4.926375E-1	1.001849E-2
4.929637E-1	1.001921E-2
4.931443E-1	1.001837E-2
4.931761E-1	1.001945E-2
4.930832E-1	1.001848E-2
4.930430E-1	1.001868E-2
4.929319E-1	1.001950E-2
4.927845E-1	1.001840E-2
4.926320E-1	1.001898E-2
4.924887E-1	1.002005E-2
4.925742E-1	1.001932E-2
4.927357E-1	1.001964E-2
4.931115E-1	1.001867E-2
4.940039E-1	1.001840E-2
4.943535E-1	1.001874E-2
4.950955E-1	1.001808E-2
4.959168E-1	1.001836E-2
4.967269E-1	1.001826E-2
4.975616E-1	1.001679E-2
4.984393E-1	1.001707E-2
4.993178E-1	1.001753E-2
5.001136E-1	1.001691E-2
5.009977E-1	1.001729E-2
5.018601E-1	1.001621E-2
5.026381E-1	1.001737E-2
5.034703E-1	1.001649E-2
5.043253E-1	1.001615E-2
5.051973E-1	1.001668E-2
5.060744E-1	1.001668E-2
5.069486E-1	1.001626E-2
5.078011E-1	1.001473E-2
5.086274E-1	1.001551E-2
5.095139E-1	1.001571E-2
5.102994E-1	1.001490E-2
5.110796E-1	1.001542E-2
5.122966E-1	1.001586E-2
5.131785E-1	1.001528E-2
5.136303E-1	1.001377E-2
5.145375E-1	1.001365E-2
5.154547E-1	1.001437E-2
5.163505E-1	1.001481E-2
5.172478E-1	1.001509E-2
5.181452E-1	1.001391E-2
5.190892E-1	1.001446E-2
5.199862E-1	1.001516E-2
5.213334E-1	1.001400E-2
5.217632E-1	1.001361E-2
5.226140E-1	1.001462E-2
5.235478E-1	1.001427E-2
5.244999E-1	1.001340E-2
5.254001E-1	1.001282E-2
5.267542E-1	1.001235E-2
5.272206E-1	1.001320E-2
5.281661E-1	1.001370E-2
5.290949E-1	1.001316E-2
5.300448E-1	1.001321E-2
5.309741E-1	1.001225E-2
5.318846E-1	1.001246E-2
5.328184E-1	1.001161E-2
5.337929E-1	1.001152E-2
5.347455E-1	1.001059E-2
5.357442E-1	1.001156E-2
5.366861E-1	1.001193E-2
5.376746E-1	1.001120E-2
5.391044E-1	1.001145E-2
5.396131E-1	1.001170E-2
5.406003E-1	1.001076E-2
5.416210E-1	1.001045E-2
5.425827E-1	1.001081E-2
5.435742E-1	1.001015E-2
5.445437E-1	1.001007E-2
5.455364E-1	1.001042E-2
5.465403E-1	1.000972E-2
5.480658E-1	1.000954E-2
5.485761E-1	1.001012E-2
5.496438E-1	1.001009E-2
5.512428E-1	1.000914E-2
5.517634E-1	1.000958E-2
5.527679E-1	1.000931E-2
5.538522E-1	1.000951E-2
5.548676E-1	1.000949E-2
5.558915E-1	1.000921E-2
5.569450E-1	1.000903E-2
5.580385E-1	1.000841E-2
5.590818E-1	1.000812E-2
5.601379E-1	1.000821E-2
5.612265E-1	1.000812E-2
5.622865E-1	1.000817E-2
5.633741E-1	1.000710E-2
5.644712E-1	1.000792E-2
5.655731E-1	1.000682E-2
5.672610E-1	1.000615E-2
5.678583E-1	1.000678E-2
5.689707E-1	1.000632E-2
5.701248E-1	1.000626E-2
5.717802E-1	1.000728E-2
5.723115E-1	1.000639E-2
5.734081E-1	1.000512E-2
5.745759E-1	1.000612E-2
5.757312E-1	1.000514E-2
5.768889E-1	1.000594E-2
5.780696E-1	1.000493E-2
5.798468E-1	1.000582E-2
5.804162E-1	1.000604E-2
5.816005E-1	1.000642E-2
5.827023E-1	1.000474E-2
5.838713E-1	1.000470E-2
5.850791E-1	1.000346E-2
5.863015E-1	1.000575E-2
5.875156E-1	1.000470E-2
5.887216E-1	1.000464E-2
5.905320E-1	1.000459E-2
5.911093E-1	1.000433E-2
5.923054E-1	1.000287E-2
5.935857E-1	1.000434E-2
5.948257E-1	1.000305E-2
5.960861E-1	1.000258E-2
5.973529E-1	1.000262E-2
5.985923E-1	1.000258E-2
5.998968E-1	1.000262E-2
6.011555E-1	1.000250E-2
6.024527E-1	1.000224E-2
6.037571E-1	1.000151E-2
6.050673E-1	1.000203E-2
6.064167E-1	1.000111E-2
6.083355E-1	1.000088E-2
6.090000E-1	1.000118E-2
6.103109E-1	1.000093E-2
6.115398E-1	1.000100E-2
6.128264E-1	1.000123E-2
6.141486E-1	1.000075E-2
6.154989E-1	1.000031E-2
6.168707E-1	1.000036E-2
6.182070E-1	1.000057E-2
6.196048E-1	1.000011E-2
6.217186E-1	9.999022E-3
6.224304E-1	1.000042E-2
6.238082E-1	9.999525E-3
6.252114E-1	1.000003E-2
6.266371E-1	9.999499E-3
6.280286E-1	9.999370E-3
6.294112E-1	9.999190E-3
6.307861E-1	9.998906E-3
6.321572E-1	9.999448E-3
6.336395E-1	9.999125E-3
6.350992E-1	9.999306E-3
6.365939E-1	9.997924E-3
6.380630E-1	9.997602E-3
6.395379E-1	9.998092E-3
6.410014E-1	9.998492E-3
6.425077E-1	9.997343E-3
6.439823E-1	9.998337E-3
6.461907E-1	9.997808E-3
6.469206E-1	9.998015E-3
6.483990E-1	9.997034E-3
6.499276E-1	9.996091E-3
6.514495E-1	9.996827E-3
6.529497E-1	9.996840E-3
6.545292E-1	9.995071E-3
6.560522E-1	9.995885E-3
6.576148E-1	9.996453E-3
6.591603E-1	9.994155E-3
6.607827E-1	9.994723E-3
6.632060E-1	9.995381E-3
6.640547E-1	9.994800E-3
6.656282E-1	9.994271E-3
6.672754E-1	9.993858E-3
6.688172E-1	9.994903E-3
6.704680E-1	9.993599E-3
6.720736E-1	9.993470E-3
6.737008E-1	9.994219E-3
6.753764E-1	9.994839E-3
6.770656E-1	9.993161E-3
6.795934E-1	9.993432E-3
6.803982E-1	9.993457E-3
6.821346E-1	9.993161E-3
6.846173E-1	9.992993E-3
6.854394E-1	9.992308E-3
6.871691E-1	9.992024E-3
6.889192E-1	9.991547E-3
6.906810E-1	9.991598E-3
6.923702E-1	9.992438E-3
6.940925E-1	9.991469E-3
6.958211E-1	9.991727E-3
6.975835E-1	9.992438E-3
6.993304E-1	9.991314E-3
7.011410E-1	9.990591E-3
7.029812E-1	9.990785E-3
7.048477E-1	9.991276E-3
7.066434E-1	9.990385E-3
7.084101E-1	9.990204E-3
7.102801E-1	9.990411E-3
7.120990E-1	9.991121E-3
7.139049E-1	9.989959E-3
7.166538E-1	9.990462E-3
7.176078E-1	9.988319E-3
7.195060E-1	9.988616E-3
7.213421E-1	9.989610E-3
7.232140E-1	9.989365E-3
7.251081E-1	9.989442E-3
7.270356E-1	9.988280E-3
7.289375E-1	9.987803E-3
7.309071E-1	9.987635E-3
7.329120E-1	9.987351E-3
7.349371E-1	9.988048E-3
7.369175E-1	9.987157E-3
7.389309E-1	9.987273E-3
7.409418E-1	9.987919E-3
7.429200E-1	9.986615E-3
7.458900E-1	9.985931E-3
7.469477E-1	9.985363E-3
7.489742E-1	9.985569E-3
7.510997E-1	9.986254E-3
7.530989E-1	9.986796E-3
7.551270E-1	9.985789E-3
7.571432E-1	9.986021E-3
7.591269E-1	9.984717E-3
7.612139E-1	9.985363E-3
7.632582E-1	9.985402E-3
7.654054E-1	9.984833E-3
7.675695E-1	9.983839E-3
7.697437E-1	9.984356E-3
7.719393E-1	9.983530E-3
7.751139E-1	9.984265E-3
7.761738E-1	9.984666E-3
7.782981E-1	9.984524E-3
7.804746E-1	9.983517E-3
7.826915E-1	9.983013E-3
7.849502E-1	9.982884E-3
7.871742E-1	9.982226E-3
7.895285E-1	9.982729E-3
7.918637E-1	9.982832E-3
7.941809E-1	9.981800E-3
7.965045E-1	9.982251E-3
7.988479E-1	9.981606E-3
8.012084E-1	9.981838E-3
8.036370E-1	9.980870E-3
8.059533E-1	9.980999E-3
8.082899E-1	9.980715E-3
8.106120E-1	9.980663E-3
8.129471E-1	9.980392E-3
8.153709E-1	9.980044E-3
8.177581E-1	9.980754E-3
8.201542E-1	9.980663E-3
8.226021E-1	9.979953E-3
8.250467E-1	9.980031E-3
8.274696E-1	9.979502E-3
8.298513E-1	9.978856E-3
8.322494E-1	9.978301E-3
8.347559E-1	9.978985E-3
8.372551E-1	9.977901E-3
8.397619E-1	9.977630E-3
8.423656E-1	9.977397E-3
8.449732E-1	9.977191E-3
8.475931E-1	9.976636E-3
8.501628E-1	9.976945E-3
8.527851E-1	9.976790E-3
8.554026E-1	9.977320E-3
8.592407E-1	9.975861E-3
8.618511E-1	9.975964E-3
8.631379E-1	9.974518E-3
8.658089E-1	9.975771E-3
8.685280E-1	9.975009E-3
8.712181E-1	9.974802E-3
8.739273E-1	9.974389E-3
8.767114E-1	9.974854E-3
8.794940E-1	9.974312E-3
8.822948E-1	9.974170E-3
8.850470E-1	9.975151E-3
8.877955E-1	9.974492E-3
8.905496E-1	9.973460E-3
8.932047E-1	9.973821E-3
8.959948E-1	9.973382E-3
9.001080E-1	9.973408E-3
9.015690E-1	9.972104E-3
9.058727E-1	9.972608E-3
9.072788E-1	9.972362E-3
9.102069E-1	9.973563E-3
9.130854E-1	9.972685E-3
9.159707E-1	9.971717E-3
9.203520E-1	9.971239E-3
9.218121E-1	9.970103E-3
9.247317E-1	9.971601E-3
9.277548E-1	9.969987E-3
9.308760E-1	9.970658E-3
9.339299E-1	9.970322E-3
9.370059E-1	9.970142E-3
9.400182E-1	9.970180E-3
9.430591E-1	9.971342E-3
9.461789E-1	9.969754E-3
9.492950E-1	9.968631E-3
9.524411E-1	9.969664E-3
9.556052E-1	9.969044E-3
9.587826E-1	9.968515E-3
9.620048E-1	9.969109E-3
9.652357E-1	9.967728E-3
9.684830E-1	9.967766E-3
9.717835E-1	9.967715E-3
9.750308E-1	9.967818E-3
9.782550E-1	9.967005E-3
9.830830E-1	9.967159E-3
9.847128E-1	9.967495E-3
9.879896E-1	9.966449E-3
9.913152E-1	9.966088E-3
9.945413E-1	9.965326E-3
9.978701E-1	9.965430E-3
1.001205E+0	9.965468E-3
1.004577E+0	9.965158E-3
1.008000E+0	9.965003E-3
1.011377E+0	9.964229E-3
1.014779E+0	9.964358E-3
1.018294E+0	9.964268E-3
1.021893E+0	9.963325E-3
1.025595E+0	9.963945E-3
1.029205E+0	9.962512E-3
1.034638E+0	9.962150E-3
1.036421E+0	9.962486E-3
1.041699E+0	9.962705E-3
1.043393E+0	9.963712E-3
1.046929E+0	9.961234E-3
1.050499E+0	9.961053E-3
1.054082E+0	9.961983E-3
1.057769E+0	9.961737E-3
1.061527E+0	9.960549E-3
1.065357E+0	9.960420E-3
1.069212E+0	9.959827E-3
1.072987E+0	9.959323E-3
1.076752E+0	9.960227E-3
1.080556E+0	9.959542E-3
1.084313E+0	9.959052E-3
1.088187E+0	9.958949E-3
1.092189E+0	9.958497E-3
1.096149E+0	9.958523E-3
1.100069E+0	9.958884E-3
1.103988E+0	9.958703E-3
1.107965E+0	9.957154E-3
1.112042E+0	9.957451E-3
1.116082E+0	9.957593E-3
1.120081E+0	9.956573E-3
1.124100E+0	9.957206E-3
1.127893E+0	9.956354E-3
1.131725E+0	9.957077E-3
1.135706E+0	9.956780E-3
1.139677E+0	9.955928E-3
1.143732E+0	9.955166E-3
1.147932E+0	9.954572E-3
1.152110E+0	9.955218E-3
1.156339E+0	9.954533E-3
1.160638E+0	9.954585E-3
1.167147E+0	9.953436E-3
1.169324E+0	9.953268E-3
1.173576E+0	9.954211E-3
1.177871E+0	9.953320E-3
1.182291E+0	9.952532E-3
1.186639E+0	9.953281E-3
1.193084E+0	9.952494E-3
1.195253E+0	9.951332E-3
1.199535E+0	9.951990E-3
1.204024E+0	9.952313E-3
1.208439E+0	9.951061E-3
1.212857E+0	9.950234E-3
1.217283E+0	9.951177E-3
1.221907E+0	9.950338E-3
1.226691E+0	9.950286E-3
1.231694E+0	9.949963E-3
1.239058E+0	9.949795E-3
1.241448E+0	9.949343E-3
1.246112E+0	9.949059E-3
1.250611E+0	9.949434E-3
1.255090E+0	9.949640E-3
1.259642E+0	9.948582E-3
1.264300E+0	9.948143E-3
1.269051E+0	9.948414E-3
1.273629E+0	9.947768E-3
1.280531E+0	9.946684E-3
1.282866E+0	9.947084E-3
1.287545E+0	9.947265E-3
1.292412E+0	9.945935E-3
1.297102E+0	9.946387E-3
1.301997E+0	9.946723E-3
1.306862E+0	9.946116E-3
1.311745E+0	9.945845E-3
1.316618E+0	9.944683E-3
1.321609E+0	9.945096E-3
1.326726E+0	9.945729E-3
1.331861E+0	9.944076E-3
1.336955E+0	9.944670E-3
1.342082E+0	9.943650E-3
1.347202E+0	9.943224E-3
1.352311E+0	9.943857E-3
1.357454E+0	9.943340E-3
1.362609E+0	9.942501E-3
1.367841E+0	9.943056E-3
1.373094E+0	9.943366E-3
1.378424E+0	9.941894E-3
1.383813E+0	9.942398E-3
1.389119E+0	9.942888E-3
1.394332E+0	9.941223E-3
1.399664E+0	9.939906E-3
1.405044E+0	9.940616E-3
1.413319E+0	9.940397E-3
1.418692E+0	9.940022E-3
1.421476E+0	9.939932E-3
1.426860E+0	9.939403E-3
1.432330E+0	9.939971E-3
1.438006E+0	9.939661E-3
1.446365E+0	9.939842E-3
1.449120E+0	9.938873E-3
1.454496E+0	9.938551E-3
1.459665E+0	9.939015E-3
1.465089E+0	9.937841E-3
1.470627E+0	9.937763E-3
1.476126E+0	9.937776E-3
1.484316E+0	9.937492E-3
1.487060E+0	9.937118E-3
1.492563E+0	9.937440E-3
1.498070E+0	9.936562E-3
1.503677E+0	9.935981E-3
1.512309E+0	9.935310E-3
1.518080E+0	9.935194E-3
1.520928E+0	9.935323E-3
1.526682E+0	9.935104E-3
1.532391E+0	9.935426E-3
1.541189E+0	9.934548E-3
1.544148E+0	9.934458E-3
1.550170E+0	9.934845E-3
1.556176E+0	9.933399E-3
1.562121E+0	9.933283E-3
1.570672E+0	9.932651E-3
1.576394E+0	9.932870E-3
1.579318E+0	9.931566E-3
1.585280E+0	9.932328E-3
1.591221E+0	9.931889E-3
1.597208E+0	9.931954E-3
1.603312E+0	9.931243E-3
1.609324E+0	9.931631E-3
1.615287E+0	9.930921E-3
1.621299E+0	9.931734E-3
1.627457E+0	9.930224E-3
1.633698E+0	9.930146E-3
1.639829E+0	9.929836E-3
1.646089E+0	9.929952E-3
1.652444E+0	9.929565E-3
1.658567E+0	9.929746E-3
1.664712E+0	9.928390E-3
1.670874E+0	9.928558E-3
1.677084E+0	9.928158E-3
1.683663E+0	9.927861E-3
1.690430E+0	9.928016E-3
1.697091E+0	9.927938E-3
1.703598E+0	9.926983E-3
1.709877E+0	9.926234E-3
1.716069E+0	9.926751E-3
1.722429E+0	9.925537E-3
1.728924E+0	9.925757E-3
1.735473E+0	9.925163E-3
1.742115E+0	9.925653E-3
1.748590E+0	9.925395E-3
1.755244E+0	9.924595E-3
1.761992E+0	9.924117E-3
1.768622E+0	9.923342E-3
1.775302E+0	9.923691E-3
1.781945E+0	9.923149E-3
1.788512E+0	9.923807E-3
1.795393E+0	9.922994E-3
1.802316E+0	9.922516E-3
1.809160E+0	9.922594E-3
1.815823E+0	9.922013E-3
1.822406E+0	9.921574E-3
1.828955E+0	9.921935E-3
1.835657E+0	9.920580E-3
1.842571E+0	9.920670E-3
1.849644E+0	9.920515E-3
1.856735E+0	9.920025E-3
1.863903E+0	9.919779E-3
1.871109E+0	9.919521E-3
1.878585E+0	9.919314E-3
1.886498E+0	9.919482E-3
1.894225E+0	9.918424E-3
1.901413E+0	9.918695E-3
1.908294E+0	9.918333E-3
1.915325E+0	9.917430E-3
1.922423E+0	9.917623E-3
1.929590E+0	9.917778E-3
1.936783E+0	9.917597E-3
1.944210E+0	9.916474E-3
1.951773E+0	9.916358E-3
1.959632E+0	9.916242E-3
1.967606E+0	9.916410E-3
1.975462E+0	9.915454E-3
1.983156E+0	9.915028E-3
1.990830E+0	9.914267E-3
1.998665E+0	9.913260E-3
1.518637E+0	9.913892E-3
8.526932E-1	9.914447E-3
3.830634E-1	9.913298E-3
2.541668E-1	9.913544E-3
2.195403E-1	9.912408E-3
2.089989E-1	9.913363E-3
2.084423E-1	9.912963E-3
2.083973E-1	9.911478E-3
2.089958E-1	9.913001E-3
2.097759E-1	9.911375E-3
2.105921E-1	9.911349E-3
2.113375E-1	9.910833E-3
2.125625E-1	9.911401E-3
2.129905E-1	9.910161E-3
2.138036E-1	9.910213E-3
2.146318E-1	9.909335E-3
2.158680E-1	9.909503E-3
2.167436E-1	9.908392E-3
2.171721E-1	9.908689E-3
2.180624E-1	9.908599E-3
2.189020E-1	9.908599E-3
2.201561E-1	9.907424E-3
2.206303E-1	9.906947E-3
2.215693E-1	9.906611E-3
2.224301E-1	9.906017E-3
2.233552E-1	9.906908E-3
2.242294E-1	9.905036E-3
2.250840E-1	9.904855E-3
2.259444E-1	9.905759E-3
2.268670E-1	9.904791E-3
2.277595E-1	9.904907E-3
2.286897E-1	9.903887E-3
2.296221E-1	9.904907E-3
2.305144E-1	9.903771E-3
2.314152E-1	9.903396E-3
2.323043E-1	9.902957E-3
2.332216E-1	9.901705E-3
2.341918E-1	9.901305E-3
2.351284E-1	9.901408E-3
2.360734E-1	9.901253E-3
2.370006E-1	9.900453E-3
2.379321E-1	9.900750E-3
2.389051E-1	9.900182E-3
2.398833E-1	9.899717E-3
2.407970E-1	9.899523E-3
2.417835E-1	9.899575E-3
2.426768E-1	9.898774E-3
2.436299E-1	9.897742E-3
2.445721E-1	9.898348E-3
2.455435E-1	9.897238E-3
2.465329E-1	9.897509E-3
2.479930E-1	9.897445E-3
2.484485E-1	9.896657E-3
2.494422E-1	9.895947E-3
2.503813E-1	9.896425E-3
2.513841E-1	9.896141E-3
2.523290E-1	9.895366E-3
2.533339E-1	9.894708E-3
2.543059E-1	9.893946E-3
2.553119E-1	9.893662E-3
2.567957E-1	9.893765E-3
2.572948E-1	9.893869E-3
2.588192E-1	9.893352E-3
2.593128E-1	9.893004E-3
2.603586E-1	9.891777E-3
2.613805E-1	9.891738E-3
2.628548E-1	9.891545E-3
2.634026E-1	9.891235E-3
2.649616E-1	9.891041E-3
2.654460E-1	9.890060E-3
2.665031E-1	9.890202E-3
2.675420E-1	9.889221E-3
2.685597E-1	9.888898E-3
2.696236E-1	9.887891E-3
2.706604E-1	9.888459E-3
2.716705E-1	9.887982E-3
2.726548E-1	9.887530E-3
2.737020E-1	9.887672E-3
2.747784E-1	9.886781E-3
2.758394E-1	9.886161E-3
2.769107E-1	9.886200E-3
2.779902E-1	9.884922E-3
2.790320E-1	9.885968E-3
2.805960E-1	9.884212E-3
2.811768E-1	9.884599E-3
2.822192E-1	9.884057E-3
2.832502E-1	9.883424E-3
2.843667E-1	9.883011E-3
2.854182E-1	9.883076E-3
2.865066E-1	9.883218E-3
2.875605E-1	9.882624E-3
2.891717E-1	9.881810E-3
2.897048E-1	9.880855E-3
2.907713E-1	9.881191E-3
2.918749E-1	9.880235E-3
2.929476E-1	9.879332E-3
2.940727E-1	9.879603E-3
2.956704E-1	9.878518E-3
2.962205E-1	9.877989E-3
2.973047E-1	9.878648E-3
2.983910E-1	9.877047E-3
2.995090E-1	9.876621E-3
3.005956E-1	9.876117E-3
3.017247E-1	9.875175E-3
3.028126E-1	9.874929E-3
3.039372E-1	9.875614E-3
3.050553E-1	9.875317E-3
3.061280E-1	9.873780E-3
3.073081E-1	9.873574E-3
3.084118E-1	9.872799E-3
3.095608E-1	9.871999E-3
3.106472E-1	9.872270E-3
3.117463E-1	9.871224E-3
3.127956E-1	9.871315E-3
3.139255E-1	9.869894E-3
3.150740E-1	9.869455E-3
3.162350E-1	9.869159E-3
3.174342E-1	9.868810E-3
3.185668E-1	9.867674E-3
3.196840E-1	9.867248E-3
3.208118E-1	9.867738E-3
3.219713E-1	9.866990E-3
3.230627E-1	9.865776E-3
3.241614E-1	9.865415E-3
3.252853E-1	9.864227E-3
3.264324E-1	9.863969E-3
3.275914E-1	9.863168E-3
3.292789E-1	9.863246E-3
3.298454E-1	9.862458E-3
3.316186E-1	9.861245E-3
3.321811E-1	9.861206E-3
3.333350E-1	9.859799E-3
3.344461E-1	9.858650E-3
3.355690E-1	9.858443E-3
3.366791E-1	9.857552E-3
3.378244E-1	9.857656E-3
3.389482E-1	9.856081E-3
3.400935E-1	9.855577E-3
3.412180E-1	9.855074E-3
3.423889E-1	9.854067E-3
3.435574E-1	9.852182E-3
3.447259E-1	9.852879E-3
3.458907E-1	9.851110E-3
3.470085E-1	9.851291E-3
3.486592E-1	9.850297E-3
3.492624E-1	9.849638E-3
3.503973E-1	9.849187E-3
3.515755E-1	9.847805E-3
3.526991E-1	9.847263E-3
3.539088E-1	9.846372E-3
3.550140E-1	9.845972E-3
3.561338E-1	9.844836E-3
3.572682E-1	9.844152E-3
3.584316E-1	9.842293E-3
3.595826E-1	9.842202E-3
3.606989E-1	9.841828E-3
3.618547E-1	9.840072E-3
3.629437E-1	9.839594E-3
3.641007E-1	9.837955E-3
3.652336E-1	9.837400E-3
3.663350E-1	9.836173E-3
3.674710E-1	9.834934E-3
3.691878E-1	9.834869E-3
3.698016E-1	9.834095E-3
3.708730E-1	9.832300E-3
3.720023E-1	9.830557E-3
3.731218E-1	9.829486E-3
3.742501E-1	9.828750E-3
3.759441E-1	9.827549E-3
3.765203E-1	9.824915E-3
3.776588E-1	9.824399E-3
3.787726E-1	9.823741E-3
3.799252E-1	9.821339E-3
3.810370E-1	9.820978E-3
3.821963E-1	9.818602E-3
3.832696E-1	9.817079E-3
3.843884E-1	9.815452E-3
3.855020E-1	9.814574E-3
3.866265E-1	9.812225E-3
3.877648E-1	9.811282E-3
3.888811E-1	9.809694E-3
3.900120E-1	9.807099E-3
3.911244E-1	9.805770E-3
3.922112E-1	9.804375E-3
3.932719E-1	9.801781E-3
3.949067E-1	9.800748E-3
3.954590E-1	9.798463E-3
3.965729E-1	9.795984E-3
3.976718E-1	9.794383E-3
3.987179E-1	9.791259E-3
3.998193E-1	9.789568E-3
4.008633E-1	9.786973E-3
4.019743E-1	9.784494E-3
4.030206E-1	9.783319E-3
4.040850E-1	9.780079E-3
4.051568E-1	9.777793E-3
4.062405E-1	9.775018E-3
4.073302E-1	9.771067E-3
4.083628E-1	9.769415E-3
4.094634E-1	9.765090E-3
4.105401E-1	9.762314E-3
4.115686E-1	9.757963E-3
4.125974E-1	9.755188E-3
4.141886E-1	9.753303E-3
4.147166E-1	9.748165E-3
4.157776E-1	9.743607E-3
4.172903E-1	9.741245E-3
4.178234E-1	9.735151E-3
4.188824E-1	9.729703E-3
4.198989E-1	9.724681E-3
4.209285E-1	9.719052E-3
4.219935E-1	9.713772E-3
4.229596E-1	9.708957E-3
4.240069E-1	9.702088E-3
4.250456E-1	9.696098E-3
4.260241E-1	9.688326E-3
4.270753E-1	9.682207E-3
4.280978E-1	9.673570E-3
4.290989E-1	9.664610E-3
4.301474E-1	9.656141E-3
4.310796E-1	9.646923E-3
4.321049E-1	9.636053E-3
4.331061E-1	9.625183E-3
4.341428E-1	9.613331E-3
4.355907E-1	9.607844E-3
4.360687E-1	9.587304E-3
4.370506E-1	9.573000E-3
4.380254E-1	9.556333E-3
4.389928E-1	9.537497E-3
4.404216E-1	9.528744E-3
4.409199E-1	9.495035E-3
4.418623E-1	9.471462E-3
4.428062E-1	9.443214E-3
4.437901E-1	9.410100E-3
4.447531E-1	9.372647E-3
4.461694E-1	9.352404E-3
4.466617E-1	9.275098E-3
4.475945E-1	9.211477E-3
4.485246E-1	9.114561E-3
4.494890E-1	8.971503E-3
4.504271E-1	8.747809E-3
4.518286E-1	8.607928E-3
4.522522E-1	8.060986E-3
4.531696E-1	7.508871E-3
4.541649E-1	6.836329E-3
4.550809E-1	6.047156E-3
4.564496E-1	5.601575E-3
4.569488E-1	3.632581E-3
4.578425E-1	7.080700E-4
4.587228E-1	-1.395847E-3
4.596729E-1	-2.737071E-3
4.605601E-1	-4.053080E-3
4.614560E-1	-5.366300E-3
4.627846E-1	-6.041656E-3
4.632469E-1	-8.094602E-3
4.641407E-1	-9.541056E-3
4.650741E-1	-1.100314E-2
4.663909E-1	-1.174616E-2
4.668554E-1	-1.407967E-2
4.676821E-1	-1.571541E-2
4.685007E-1	-1.745917E-2
4.698809E-1	-1.838030E-2
4.702976E-1	-2.133588E-2
4.711010E-1	-2.349804E-2
4.719645E-1	-2.581343E-2
4.727941E-1	-2.831253E-2
4.736717E-1	-3.085499E-2
4.745475E-1	-3.350137E-2
4.754002E-1	-3.621731E-2
4.766537E-1	-3.760255E-2
4.770865E-1	-4.180015E-2
4.779078E-1	-4.466673E-2
4.787241E-1	-4.754113E-2
4.795652E-1	-5.047390E-2
4.803437E-1	-5.351104E-2
4.816245E-1	-5.501541E-2
4.820317E-1	-5.952194E-2
4.828064E-1	-2.493827E-2
4.836469E-1	5.521787E+0
4.845206E-1	5.527626E+0
4.853040E-1	5.527568E+0
4.860970E-1	5.527531E+0
4.868986E-1	5.526272E+0
4.877080E-1	5.523537E+0
4.884752E-1	5.521949E+0
4.892859E-1	5.521489E+0
4.900720E-1	5.521346E+0
4.908373E-1	5.520256E+0
4.915859E-1	5.518654E+0
4.923248E-1	5.517034E+0
4.930999E-1	5.515487E+0
4.938492E-1	5.514010E+0
4.949909E-1	5.513292E+0
4.953453E-1	5.511257E+0
4.961234E-1	5.509956E+0
4.968782E-1	5.508695E+0
4.976096E-1	5.507466E+0
4.983463E-1	5.506287E+0
4.991213E-1	5.505142E+0
4.998239E-1	5.504027E+0
5.005507E-1	5.502937E+0
5.012932E-1	5.501891E+0
5.020001E-1	5.500871E+0
5.027567E-1	5.499871E+0
5.034616E-1	5.498899E+0
5.041738E-1	5.497954E+0
5.048691E-1	5.497024E+0
5.055810E-1	5.496125E+0
5.062430E-1	5.495244E+0
5.069667E-1	5.494383E+0
5.080091E-1	5.493966E+0
5.083600E-1	5.492731E+0
5.090690E-1	5.491936E+0
5.097323E-1	5.491137E+0
5.107772E-1	5.490750E+0
5.114447E-1	5.489998E+0
5.117325E-1	5.488897E+0
5.123944E-1	5.488181E+0
5.130733E-1	5.487487E+0
5.137511E-1	5.486924E+0
5.144057E-1	5.486381E+0
5.150406E-1	5.485837E+0
5.160340E-1	5.485554E+0
5.163297E-1	5.484697E+0
5.170178E-1	5.484124E+0
5.176650E-1	5.483546E+0
5.182918E-1	5.482980E+0
5.189227E-1	5.482417E+0
5.195517E-1	5.481861E+0
5.201552E-1	5.481317E+0
5.207718E-1	5.480770E+0
5.214994E-1	5.480259E+0
5.220774E-1	5.479768E+0
5.226743E-1	5.479293E+0
5.233371E-1	5.478818E+0
5.239375E-1	5.478366E+0
5.248400E-1	5.478141E+0
5.254279E-1	5.477705E+0
5.257276E-1	5.477047E+0
5.263238E-1	5.476615E+0
5.269240E-1	5.476196E+0
5.275220E-1	5.475778E+0
5.280602E-1	5.475364E+0
5.286612E-1	5.474962E+0
5.293064E-1	5.474559E+0
5.298717E-1	5.474164E+0
5.304150E-1	5.473772E+0
5.310104E-1	5.473384E+0
5.315775E-1	5.473007E+0
5.321268E-1	5.472631E+0
5.327184E-1	5.472254E+0
5.335277E-1	5.472075E+0
5.338299E-1	5.471520E+0
5.343978E-1	5.471159E+0
5.349148E-1	5.470804E+0
5.354571E-1	5.470452E+0
5.360455E-1	5.470102E+0
5.365830E-1	5.469758E+0
5.371103E-1	5.469417E+0
5.376908E-1	5.469076E+0
5.382087E-1	5.468734E+0
5.387796E-1	5.468400E+0
5.392921E-1	5.468093E+0
5.398019E-1	5.467862E+0
5.405359E-1	5.467732E+0
5.408247E-1	5.467232E+0
5.413288E-1	5.466920E+0
5.420721E-1	5.466758E+0
5.423303E-1	5.466264E+0
5.428498E-1	5.462162E+0
5.433658E-1	5.461768E+0
5.438990E-1	5.461417E+0
5.443849E-1	5.461068E+0
5.448903E-1	5.458582E+0
5.453874E-1	5.456789E+0
5.458024E-1	5.456531E+0
5.462215E-1	5.456207E+0
5.467240E-1	5.455877E+0
5.473047E-1	5.455553E+0
5.478761E-1	5.455259E+0
5.483811E-1	5.454997E+0
5.488974E-1	5.454747E+0
5.495782E-1	5.454610E+0
5.497961E-1	5.454213E+0
5.502544E-1	5.453936E+0
5.507163E-1	5.453653E+0
5.512068E-1	5.453381E+0
5.516828E-1	5.453109E+0
5.521595E-1	5.452847E+0
5.526416E-1	5.452581E+0
5.533490E-1	5.452452E+0
5.535661E-1	5.452076E+0
5.540183E-1	5.451829E+0
5.544896E-1	5.451584E+0
5.549177E-1	5.451345E+0
5.553653E-1	5.451096E+0
5.558243E-1	5.450865E+0
5.562436E-1	5.450630E+0
