3.307161E-1	9.866964E-3
3.216584E-1	9.871005E-3
3.203339E-1	9.871431E-3
3.196114E-1	9.871870E-3
3.182916E-1	9.873199E-3
3.169308E-1	9.872541E-3
3.155966E-1	9.874348E-3
3.142656E-1	9.875278E-3
3.129506E-1	9.875201E-3
3.116577E-1	9.876272E-3
3.103902E-1	9.876517E-3
3.091519E-1	9.877731E-3
3.078604E-1	9.877537E-3
3.065900E-1	9.878234E-3
3.053512E-1	9.879280E-3
3.040937E-1	9.878454E-3
3.028770E-1	9.878609E-3
3.016046E-1	9.879758E-3
3.004357E-1	9.880842E-3
2.992215E-1	9.880816E-3
2.979827E-1	9.881010E-3
2.968194E-1	9.882056E-3
2.956499E-1	9.882508E-3
2.944692E-1	9.883708E-3
2.932936E-1	9.883076E-3
2.921083E-1	9.884702E-3
2.909681E-1	9.884393E-3
2.898596E-1	9.885335E-3
2.887329E-1	9.885206E-3
2.875718E-1	9.885929E-3
2.864591E-1	9.886858E-3
2.853300E-1	9.887452E-3
2.842383E-1	9.886962E-3
2.831692E-1	9.888679E-3
2.814931E-1	9.888911E-3
2.809764E-1	9.889595E-3
2.799127E-1	9.889673E-3
2.788266E-1	9.889621E-3
2.777030E-1	9.890680E-3
2.766807E-1	9.890512E-3
2.756672E-1	9.891713E-3
2.746117E-1	9.891519E-3
2.735999E-1	9.892035E-3
2.725652E-1	9.892694E-3
2.715523E-1	9.892655E-3
2.705553E-1	9.893159E-3
2.695656E-1	9.894256E-3
2.680968E-1	9.893843E-3
2.675606E-1	9.894888E-3
2.666031E-1	9.894604E-3
2.656315E-1	9.894372E-3
2.646962E-1	9.894927E-3
2.637170E-1	9.895457E-3
2.627662E-1	9.895315E-3
2.618153E-1	9.895857E-3
2.608957E-1	9.896360E-3
2.599567E-1	9.897238E-3
2.585909E-1	9.896528E-3
2.581165E-1	9.898516E-3
2.572094E-1	9.898348E-3
2.563097E-1	9.898891E-3
2.554208E-1	9.899304E-3
2.545017E-1	9.899459E-3
2.536260E-1	9.900065E-3
2.527598E-1	9.899781E-3
2.519101E-1	9.900801E-3
2.510384E-1	9.901253E-3
2.501793E-1	9.901486E-3
2.493025E-1	9.901498E-3
2.484696E-1	9.901305E-3
2.476161E-1	9.901770E-3
2.467776E-1	9.902880E-3
2.459547E-1	9.902751E-3
2.451766E-1	9.903500E-3
2.443510E-1	9.903112E-3
2.434886E-1	9.904390E-3
2.423211E-1	9.904248E-3
2.418716E-1	9.903809E-3
2.411322E-1	9.904545E-3
2.403411E-1	9.904842E-3
2.395565E-1	9.904674E-3
2.387746E-1	9.905720E-3
2.380048E-1	9.906340E-3
2.372168E-1	9.906546E-3
2.361392E-1	9.905733E-3
2.357293E-1	9.906740E-3
2.349498E-1	9.906559E-3
2.342204E-1	9.907540E-3
2.334913E-1	9.907540E-3
2.327477E-1	9.907618E-3
2.320033E-1	9.907889E-3
2.312359E-1	9.908121E-3
2.305648E-1	9.908225E-3
2.298726E-1	9.908121E-3
2.291924E-1	9.909516E-3
2.284241E-1	9.909232E-3
2.273205E-1	9.908380E-3
2.269593E-1	9.910032E-3
2.261863E-1	9.911336E-3
2.254385E-1	9.910884E-3
2.246275E-1	9.911685E-3
2.238627E-1	9.912162E-3
2.231053E-1	9.911491E-3
2.222931E-1	9.911543E-3
2.214806E-1	9.912072E-3
2.207363E-1	9.911555E-3
2.199379E-1	9.910936E-3
2.191676E-1	9.912653E-3
2.184160E-1	9.912472E-3
2.176126E-1	9.913763E-3
2.168883E-1	9.912472E-3
2.157521E-1	9.913131E-3
2.153874E-1	9.913776E-3
2.146394E-1	9.914060E-3
2.138942E-1	9.913970E-3
2.130518E-1	9.915235E-3
2.122103E-1	9.915997E-3
2.112909E-1	9.915687E-3
2.103823E-1	9.915299E-3
2.094114E-1	9.916694E-3
2.085074E-1	9.916552E-3
2.074849E-1	9.917972E-3
2.065213E-1	9.916965E-3
2.049747E-1	9.918217E-3
2.044956E-1	9.918992E-3
2.034933E-1	9.919676E-3
2.024960E-1	9.919302E-3
2.010408E-1	9.918230E-3
2.005761E-1	9.920128E-3
1.991150E-1	9.920334E-3
1.986416E-1	9.920528E-3
1.976337E-1	9.921367E-3
1.967436E-1	9.922193E-3
1.957947E-1	9.923084E-3
1.948479E-1	9.923381E-3
1.939623E-1	9.923123E-3
1.930063E-1	9.923975E-3
1.921115E-1	9.924014E-3
1.912209E-1	9.924375E-3
1.903688E-1	9.924453E-3
1.895032E-1	9.924466E-3
1.886409E-1	9.925150E-3
1.877485E-1	9.925770E-3
1.869037E-1	9.925718E-3
1.861089E-1	9.926983E-3
1.852648E-1	9.926815E-3
1.843978E-1	9.926841E-3
1.836157E-1	9.927383E-3
1.823976E-1	9.928068E-3
1.816036E-1	9.927487E-3
1.812297E-1	9.928506E-3
1.804149E-1	9.928171E-3
1.796126E-1	9.929501E-3
1.788614E-1	9.928971E-3
1.780642E-1	9.929436E-3
1.773290E-1	9.930133E-3
1.765732E-1	9.930120E-3
1.754578E-1	9.930198E-3
1.750905E-1	9.931463E-3
1.743662E-1	9.930895E-3
1.736630E-1	9.931669E-3
1.729247E-1	9.931669E-3
1.722116E-1	9.931347E-3
1.714846E-1	9.932405E-3
1.708371E-1	9.933180E-3
1.701527E-1	9.932418E-3
1.694668E-1	9.933993E-3
1.687734E-1	9.933735E-3
1.680767E-1	9.935155E-3
1.671156E-1	9.934316E-3
1.667623E-1	9.935078E-3
1.660913E-1	9.935543E-3
1.654457E-1	9.935310E-3
1.647679E-1	9.935904E-3
1.640860E-1	9.936588E-3
1.632847E-1	9.937376E-3
1.624508E-1	9.937195E-3
1.615945E-1	9.936795E-3
1.607523E-1	9.936872E-3
1.594130E-1	9.937118E-3
1.589765E-1	9.938512E-3
1.580874E-1	9.938563E-3
1.571772E-1	9.938486E-3
1.562518E-1	9.939480E-3
1.553826E-1	9.939222E-3
1.545234E-1	9.939880E-3
1.536504E-1	9.941572E-3
1.528047E-1	9.941146E-3
1.514901E-1	9.941520E-3
1.510785E-1	9.941778E-3
1.502526E-1	9.942837E-3
1.494111E-1	9.943598E-3
1.486124E-1	9.943986E-3
1.477829E-1	9.943676E-3
1.470359E-1	9.943844E-3
1.462345E-1	9.945148E-3
1.454662E-1	9.944980E-3
1.446930E-1	9.945884E-3
1.439441E-1	9.946051E-3
1.432119E-1	9.946413E-3
1.424518E-1	9.946723E-3
1.416992E-1	9.946955E-3
1.410114E-1	9.947807E-3
1.403003E-1	9.948491E-3
1.395885E-1	9.948982E-3
1.388821E-1	9.948401E-3
1.382037E-1	9.949473E-3
1.375317E-1	9.949382E-3
1.368777E-1	9.948763E-3
1.362080E-1	9.950028E-3
1.355427E-1	9.949963E-3
1.345631E-1	9.950841E-3
1.342654E-1	9.950802E-3
1.336348E-1	9.952790E-3
1.329961E-1	9.952171E-3
1.323843E-1	9.951590E-3
1.317595E-1	9.952752E-3
1.312048E-1	9.952907E-3
1.305942E-1	9.953294E-3
1.299938E-1	9.953229E-3
1.294193E-1	9.954637E-3
1.288743E-1	9.954533E-3
1.282731E-1	9.954998E-3
1.277132E-1	9.955398E-3
1.271650E-1	9.955256E-3
1.265280E-1	9.955811E-3
1.258841E-1	9.956728E-3
1.251880E-1	9.956199E-3
1.244770E-1	9.957051E-3
1.237353E-1	9.957554E-3
1.226016E-1	9.956922E-3
1.221763E-1	9.958381E-3
1.214033E-1	9.958419E-3
1.202771E-1	9.959710E-3
1.198960E-1	9.960691E-3
1.191543E-1	9.961285E-3
1.183382E-1	9.960821E-3
1.171989E-1	9.961118E-3
1.168600E-1	9.961608E-3
1.160715E-1	9.961879E-3
1.153041E-1	9.962125E-3
1.145957E-1	9.963700E-3
1.135148E-1	9.963428E-3
1.131719E-1	9.963144E-3
1.124477E-1	9.965546E-3
1.117469E-1	9.964965E-3
1.111074E-1	9.966023E-3
1.104259E-1	9.966630E-3
1.097800E-1	9.967276E-3
1.091638E-1	9.967805E-3
1.084888E-1	9.968489E-3
1.078138E-1	9.967598E-3
1.071438E-1	9.967598E-3
1.065066E-1	9.968115E-3
1.058946E-1	9.969238E-3
1.052607E-1	9.970000E-3
1.046202E-1	9.970077E-3
1.037568E-1	9.969367E-3
1.034371E-1	9.971187E-3
1.025998E-1	9.971110E-3
1.023210E-1	9.972194E-3
1.016912E-1	9.972543E-3
1.011455E-1	9.972788E-3
1.006098E-1	9.973627E-3
1.000833E-1	9.974402E-3
9.925043E-2	9.974531E-3
9.898388E-2	9.975822E-3
9.844563E-2	9.975874E-3
9.788103E-2	9.976506E-3
9.736341E-2	9.976184E-3
9.684531E-2	9.976274E-3
9.636006E-2	9.976687E-3
9.585645E-2	9.977565E-3
9.536582E-2	9.977772E-3
9.488247E-2	9.978314E-3
9.438727E-2	9.978985E-3
9.391432E-2	9.979398E-3
9.346671E-2	9.980509E-3
9.297930E-2	9.980095E-3
9.255402E-2	9.980302E-3
9.207190E-2	9.980444E-3
9.162199E-2	9.980754E-3
9.121012E-2	9.981012E-3
9.076835E-2	9.981335E-3
9.036934E-2	9.981812E-3
8.993213E-2	9.981761E-3
8.949526E-2	9.982058E-3
8.910887E-2	9.982277E-3
8.869088E-2	9.982626E-3
8.828687E-2	9.982458E-3
8.765489E-2	9.982587E-3
8.746301E-2	9.983323E-3
8.708219E-2	9.983504E-3
8.674611E-2	9.984343E-3
8.636339E-2	9.984717E-3
8.597956E-2	9.984317E-3
8.558783E-2	9.984937E-3
8.520920E-2	9.986680E-3
8.484762E-2	9.985892E-3
8.447814E-2	9.985957E-3
8.412536E-2	9.986899E-3
8.370196E-2	9.986822E-3
8.337277E-2	9.986860E-3
8.301037E-2	9.986783E-3
8.267615E-2	9.988397E-3
8.227158E-2	9.987661E-3
8.191379E-2	9.988642E-3
8.154110E-2	9.989223E-3
8.124660E-2	9.988552E-3
8.093007E-2	9.989365E-3
8.055260E-2	9.989571E-3
8.020752E-2	9.989739E-3
7.988460E-2	9.991030E-3
7.956473E-2	9.990578E-3
7.928990E-2	9.990630E-3
7.892161E-2	9.991340E-3
7.858081E-2	9.992425E-3
7.829702E-2	9.992554E-3
7.797539E-2	9.992825E-3
7.765706E-2	9.992450E-3
7.741465E-2	9.993135E-3
7.709167E-2	9.993044E-3
7.680164E-2	9.992864E-3
7.653606E-2	9.993122E-3
7.621785E-2	9.993754E-3
7.591371E-2	9.993380E-3
7.561074E-2	9.993922E-3
7.535875E-2	9.993729E-3
7.509660E-2	9.995032E-3
7.482636E-2	9.994671E-3
7.454418E-2	9.995885E-3
7.430218E-2	9.995329E-3
7.401929E-2	9.995936E-3
7.374867E-2	9.995962E-3
7.348290E-2	9.996027E-3
7.321245E-2	9.998544E-3
7.297971E-2	9.997692E-3
7.270694E-2	9.997472E-3
7.247540E-2	9.997589E-3
7.220547E-2	9.998221E-3
7.196988E-2	9.998492E-3
7.170377E-2	9.998492E-3
7.145943E-2	9.998802E-3
7.122093E-2	1.000003E-2
7.091294E-2	9.999332E-3
7.079482E-2	9.999861E-3
7.054864E-2	9.999667E-3
7.031239E-2	1.000079E-2
7.014264E-2	1.000013E-2
6.989487E-2	1.000065E-2
6.968738E-2	1.000084E-2
6.948536E-2	1.000071E-2
6.914678E-2	1.000056E-2
6.903288E-2	1.000066E-2
6.880199E-2	1.000169E-2
6.859856E-2	1.000283E-2
6.823270E-2	1.000253E-2
6.816282E-2	1.000261E-2
6.793330E-2	1.000279E-2
6.774123E-2	1.000394E-2
6.755095E-2	1.000311E-2
6.737157E-2	1.000354E-2
6.715494E-2	1.000460E-2
6.696395E-2	1.000380E-2
6.665349E-2	1.000433E-2
6.656410E-2	1.000413E-2
6.639043E-2	1.000483E-2
6.621433E-2	1.000474E-2
6.600695E-2	1.000398E-2
6.583939E-2	1.000584E-2
6.563010E-2	1.000738E-2
6.544778E-2	1.000646E-2
6.525809E-2	1.000632E-2
6.504647E-2	1.000749E-2
6.481752E-2	1.000674E-2
6.461904E-2	1.000606E-2
6.455664E-2	1.000683E-2
6.436511E-2	1.000781E-2
6.419611E-2	1.000759E-2
6.395059E-2	1.000847E-2
6.388778E-2	1.000786E-2
6.359632E-2	1.000836E-2
6.350487E-2	1.000828E-2
6.334008E-2	1.000914E-2
6.318061E-2	1.000823E-2
6.300488E-2	1.001010E-2
6.286324E-2	1.000979E-2
6.266868E-2	1.001083E-2
6.244175E-2	1.001025E-2
6.237715E-2	1.001129E-2
6.219867E-2	1.001040E-2
6.203489E-2	1.001114E-2
6.181231E-2	1.001183E-2
6.170733E-2	1.001192E-2
6.158205E-2	1.001078E-2
6.146470E-2	1.001196E-2
6.129760E-2	1.001188E-2
6.117267E-2	1.001209E-2
6.101479E-2	1.001290E-2
6.087361E-2	1.001223E-2
6.070258E-2	1.001274E-2
6.049567E-2	1.001180E-2
6.044018E-2	1.001286E-2
6.026788E-2	1.001377E-2
6.013599E-2	1.001309E-2
5.995685E-2	1.001379E-2
5.979630E-2	1.001358E-2
5.958550E-2	1.001313E-2
5.951781E-2	1.001375E-2
5.935175E-2	1.001459E-2
5.919132E-2	1.001418E-2
5.901318E-2	1.001387E-2
5.887369E-2	1.001521E-2
5.870124E-2	1.001494E-2
5.852008E-2	1.001498E-2
5.838786E-2	1.001529E-2
5.820474E-2	1.001480E-2
5.805845E-2	1.001562E-2
5.794194E-2	1.001624E-2
5.776985E-2	1.001719E-2
5.761177E-2	1.001694E-2
5.746568E-2	1.001732E-2
5.730116E-2	1.001725E-2
5.709143E-2	1.001797E-2
5.701031E-2	1.001734E-2
5.683009E-2	1.001841E-2
5.663794E-2	1.001879E-2
5.646926E-2	1.001915E-2
5.630353E-2	1.001890E-2
5.616521E-2	1.001960E-2
5.598402E-2	1.002004E-2
5.581588E-2	1.001996E-2
5.559392E-2	1.002129E-2
5.550585E-2	1.002044E-2
5.532433E-2	1.002225E-2
5.518531E-2	1.002001E-2
5.501633E-2	1.002105E-2
5.485563E-2	1.002172E-2
5.467800E-2	1.002266E-2
5.455845E-2	1.002239E-2
5.440915E-2	1.002236E-2
5.423980E-2	1.002263E-2
5.409359E-2	1.002256E-2
5.394801E-2	1.002338E-2
5.378211E-2	1.002298E-2
5.356005E-2	1.002319E-2
5.347975E-2	1.002367E-2
5.334340E-2	1.002449E-2
5.321589E-2	1.002414E-2
5.305348E-2	1.002402E-2
5.292768E-2	1.002522E-2
5.277819E-2	1.002482E-2
5.264955E-2	1.002527E-2
5.248286E-2	1.002487E-2
5.233055E-2	1.002445E-2
5.220990E-2	1.002633E-2
5.208042E-2	1.002534E-2
5.193737E-2	1.002598E-2
5.180345E-2	1.002603E-2
5.167497E-2	1.002704E-2
5.156336E-2	1.002691E-2
5.149075E-2	1.002730E-2
5.130846E-2	1.002875E-2
5.121268E-2	1.002879E-2
5.108990E-2	1.002839E-2
5.089664E-2	1.002892E-2
5.081341E-2	1.002926E-2
5.072402E-2	1.002846E-2
5.060684E-2	1.002816E-2
5.048539E-2	1.003002E-2
5.035475E-2	1.002984E-2
5.021723E-2	1.002860E-2
5.010701E-2	1.003015E-2
5.000092E-2	1.002873E-2
4.987789E-2	1.002945E-2
4.974405E-2	1.003052E-2
4.960719E-2	1.003072E-2
4.956543E-2	1.003042E-2
4.945384E-2	1.003017E-2
4.933125E-2	1.003085E-2
4.922630E-2	1.003172E-2
4.913656E-2	1.003219E-2
4.903813E-2	1.003143E-2
4.889611E-2	1.003194E-2
4.881335E-2	1.003301E-2
4.870827E-2	1.003276E-2
4.851019E-2	1.003367E-2
4.847594E-2	1.003296E-2
4.838653E-2	1.003291E-2
4.827693E-2	1.003380E-2
4.818688E-2	1.003363E-2
4.807987E-2	1.003366E-2
4.792707E-2	1.003445E-2
4.782716E-2	1.003517E-2
4.772687E-2	1.003372E-2
4.762575E-2	1.003481E-2
4.747930E-2	1.003402E-2
4.742930E-2	1.003476E-2
4.728793E-2	1.003534E-2
4.721167E-2	1.003548E-2
4.709719E-2	1.003672E-2
4.692896E-2	1.003547E-2
4.685693E-2	1.003573E-2
4.673693E-2	1.003744E-2
4.666328E-2	1.003757E-2
4.655679E-2	1.003628E-2
4.647625E-2	1.003742E-2
4.633671E-2	1.003711E-2
4.625902E-2	1.003684E-2
4.615867E-2	1.003816E-2
4.606627E-2	1.003809E-2
4.596612E-2	1.003709E-2
4.585883E-2	1.003744E-2
4.576348E-2	1.003840E-2
4.566847E-2	1.003779E-2
4.558308E-2	1.003875E-2
4.549732E-2	1.003810E-2
4.535948E-2	1.003897E-2
4.526634E-2	1.003885E-2
4.520538E-2	1.003919E-2
4.510111E-2	1.004010E-2
4.503540E-2	1.004012E-2
4.493478E-2	1.004090E-2
4.485286E-2	1.003970E-2
4.474678E-2	1.004116E-2
4.466750E-2	1.004125E-2
4.459278E-2	1.003973E-2
4.451654E-2	1.004148E-2
4.443525E-2	1.004090E-2
4.434772E-2	1.004147E-2
4.425655E-2	1.004159E-2
4.415569E-2	1.004187E-2
4.407237E-2	1.004178E-2
4.401053E-2	1.004194E-2
4.394311E-2	1.004218E-2
4.385954E-2	1.004284E-2
4.376107E-2	1.004293E-2
4.368961E-2	1.004405E-2
4.361277E-2	1.004406E-2
4.353083E-2	1.004352E-2
4.348540E-2	1.004431E-2
4.340671E-2	1.004348E-2
4.327446E-2	1.004373E-2
4.322746E-2	1.004410E-2
4.314961E-2	1.004413E-2
4.307617E-2	1.004413E-2
4.299803E-2	1.004417E-2
4.292219E-2	1.004427E-2
4.284383E-2	1.004694E-2
4.275531E-2	1.006494E-2
4.271073E-2	1.008081E-2
4.259566E-2	1.009179E-2
4.255107E-2	1.010498E-2
4.248559E-2	1.012448E-2
4.240205E-2	1.015978E-2
4.229214E-2	1.016545E-2
4.226324E-2	1.016719E-2
4.222334E-2	1.016689E-2
4.214532E-2	1.016754E-2
4.209133E-2	1.016675E-2
4.199789E-2	1.016827E-2
4.193222E-2	1.016893E-2
4.184162E-2	1.016978E-2
4.175352E-2	1.017015E-2
4.172296E-2	1.017079E-2
4.169298E-2	1.017138E-2
4.160828E-2	1.017058E-2
4.157179E-2	1.017181E-2
4.152151E-2	1.017299E-2
4.148647E-2	1.017248E-2
4.139266E-2	1.017335E-2
4.130505E-2	1.017370E-2
4.128721E-2	1.017390E-2
4.121952E-2	1.017335E-2
4.115910E-2	1.017437E-2
4.108896E-2	1.017424E-2
4.101279E-2	1.017447E-2
4.097298E-2	1.017392E-2
4.088742E-2	1.017642E-2
4.079340E-2	1.017673E-2
4.075523E-2	1.017666E-2
4.070080E-2	1.017699E-2
4.066886E-2	1.017865E-2
4.060719E-2	1.017820E-2
4.056849E-2	1.017867E-2
4.052253E-2	1.018011E-2
4.046606E-2	1.018020E-2
4.035115E-2	1.017869E-2
4.032435E-2	1.018083E-2
4.025553E-2	1.017996E-2
4.020297E-2	1.018072E-2
4.015061E-2	1.018050E-2
4.007962E-2	1.018165E-2
4.002443E-2	1.018135E-2
3.997495E-2	1.018299E-2
3.993921E-2	1.018153E-2
3.989472E-2	1.018125E-2
3.977882E-2	1.018195E-2
3.974030E-2	1.018417E-2
3.971726E-2	1.018370E-2
3.969049E-2	1.018445E-2
3.963261E-2	1.018471E-2
3.958101E-2	1.018448E-2
3.954140E-2	1.018481E-2
3.949770E-2	1.018517E-2
3.939370E-2	1.018538E-2
3.935598E-2	1.018521E-2
3.934356E-2	1.018435E-2
3.926392E-2	1.018626E-2
3.921714E-2	1.018674E-2
3.915438E-2	1.018703E-2
3.912681E-2	1.018708E-2
3.908739E-2	1.018794E-2
3.902437E-2	1.018835E-2
3.898821E-2	1.018857E-2
3.897467E-2	1.018929E-2
3.889947E-2	1.018996E-2
3.883737E-2	1.019045E-2
3.876595E-2	1.019114E-2
3.874180E-2	1.019314E-2
3.874564E-2	1.019426E-2
3.869075E-2	1.019389E-2
3.858010E-2	1.019537E-2
3.855564E-2	1.019511E-2
3.851232E-2	1.019551E-2
3.848240E-2	1.019548E-2
3.842301E-2	1.019499E-2
3.835708E-2	1.019736E-2
3.830062E-2	1.019550E-2
3.826126E-2	1.019896E-2
3.823833E-2	1.019912E-2
3.819335E-2	1.019993E-2
3.814119E-2	1.019930E-2
3.809249E-2	1.020011E-2
3.805980E-2	1.020251E-2
3.802615E-2	1.020276E-2
3.797831E-2	1.020277E-2
3.794719E-2	1.020378E-2
3.788279E-2	1.020573E-2
3.786894E-2	1.020743E-2
3.780584E-2	1.020853E-2
3.774849E-2	1.021009E-2
3.773110E-2	1.021205E-2
3.768888E-2	1.021467E-2
3.765651E-2	1.021466E-2
3.763620E-2	1.021802E-2
3.759009E-2	1.021789E-2
3.753531E-2	1.021972E-2
3.750825E-2	1.021980E-2
3.748593E-2	1.022312E-2
3.741105E-2	1.022507E-2
3.739611E-2	1.022550E-2
3.734734E-2	1.022610E-2
3.732019E-2	1.022762E-2
3.729213E-2	1.022796E-2
3.722360E-2	1.022878E-2
3.720308E-2	1.022980E-2
3.717836E-2	1.023067E-2
3.714047E-2	1.023295E-2
3.709665E-2	1.023292E-2
3.706005E-2	1.023444E-2
3.702136E-2	1.023427E-2
3.696481E-2	1.023477E-2
3.692158E-2	1.023494E-2
3.689944E-2	1.023565E-2
3.687548E-2	1.023772E-2
3.684989E-2	1.023911E-2
3.677391E-2	1.023884E-2
3.671785E-2	1.024021E-2
3.669109E-2	1.024045E-2
3.669418E-2	1.024172E-2
3.666426E-2	1.024151E-2
3.658889E-2	1.024233E-2
3.657763E-2	1.024448E-2
3.655650E-2	1.024448E-2
3.653296E-2	1.024611E-2
3.646858E-2	1.024611E-2
3.641918E-2	1.024710E-2
3.639992E-2	1.024781E-2
3.638435E-2	1.024860E-2
3.633002E-2	1.024899E-2
3.630651E-2	1.024981E-2
3.626589E-2	1.025034E-2
3.625337E-2	1.025108E-2
3.622084E-2	1.025330E-2
3.617060E-2	1.025194E-2
3.613639E-2	1.025250E-2
3.608668E-2	1.025330E-2
3.606776E-2	1.025524E-2
3.603627E-2	1.025418E-2
3.598939E-2	1.025515E-2
3.597065E-2	1.025615E-2
3.595056E-2	1.025618E-2
3.593587E-2	1.025645E-2
3.590628E-2	1.025699E-2
3.587366E-2	1.025735E-2
3.583622E-2	1.025772E-2
3.576858E-2	1.025814E-2
3.575087E-2	1.025952E-2
3.571199E-2	1.025977E-2
3.570197E-2	1.025929E-2
3.567396E-2	1.025990E-2
3.565533E-2	1.025945E-2
3.560620E-2	1.025999E-2
3.558813E-2	1.026102E-2
3.556510E-2	1.026227E-2
3.554605E-2	1.026114E-2
3.550718E-2	1.026062E-2
3.548656E-2	1.026146E-2
3.542833E-2	1.026249E-2
3.536756E-2	1.026262E-2
3.535297E-2	1.026288E-2
3.532180E-2	1.026426E-2
3.532178E-2	1.026514E-2
3.528564E-2	1.026431E-2
3.525684E-2	1.026597E-2
3.519719E-2	1.026671E-2
3.519423E-2	1.026492E-2
3.517514E-2	1.026564E-2
3.513312E-2	1.026658E-2
3.509926E-2	1.026494E-2
3.509489E-2	1.026662E-2
3.506881E-2	1.026744E-2
3.503138E-2	1.026669E-2
3.502634E-2	1.026846E-2
3.500574E-2	1.026820E-2
3.495419E-2	1.026843E-2
3.492967E-2	1.026835E-2
3.490705E-2	1.026815E-2
3.486644E-2	1.026862E-2
3.486555E-2	1.026928E-2
3.481955E-2	1.026990E-2
3.477733E-2	1.026985E-2
3.474002E-2	1.026966E-2
3.475051E-2	1.026994E-2
3.470144E-2	1.027081E-2
3.469414E-2	1.027121E-2
3.467580E-2	1.027011E-2
3.462736E-2	1.027051E-2
3.461242E-2	1.027185E-2
3.459115E-2	1.027245E-2
3.459204E-2	1.027176E-2
3.456288E-2	1.027245E-2
3.453518E-2	1.027186E-2
3.451808E-2	1.027322E-2
3.449844E-2	1.027409E-2
3.446142E-2	1.027353E-2
3.443431E-2	1.027305E-2
3.440526E-2	1.027379E-2
3.437398E-2	1.027305E-2
3.433710E-2	1.027407E-2
3.431835E-2	1.027385E-2
3.431391E-2	1.027348E-2
3.427760E-2	1.027393E-2
3.425996E-2	1.027507E-2
3.424615E-2	1.027510E-2
3.419665E-2	1.027656E-2
3.416408E-2	1.027594E-2
3.413855E-2	1.027678E-2
3.413538E-2	1.027570E-2
3.412967E-2	1.027734E-2
3.409440E-2	1.027749E-2
3.405415E-2	1.027691E-2
3.403641E-2	1.027656E-2
3.402532E-2	1.027765E-2
3.399331E-2	1.027703E-2
3.397575E-2	1.027730E-2
3.397882E-2	1.027756E-2
3.394424E-2	1.027805E-2
3.390691E-2	1.027863E-2
3.389740E-2	1.027875E-2
3.385605E-2	1.027934E-2
3.385173E-2	1.027894E-2
3.378403E-2	1.027964E-2
3.376976E-2	1.027939E-2
3.377456E-2	1.027902E-2
3.374677E-2	1.028057E-2
3.373149E-2	1.028091E-2
3.369699E-2	1.028058E-2
3.368326E-2	1.028009E-2
3.362677E-2	1.028144E-2
3.362598E-2	1.028106E-2
3.365979E-2	1.028170E-2
3.361877E-2	1.028218E-2
3.359527E-2	1.028150E-2
3.356144E-2	1.028205E-2
3.355893E-2	1.028267E-2
3.354844E-2	1.028261E-2
3.353310E-2	1.028355E-2
3.349660E-2	1.028288E-2
3.348494E-2	1.028395E-2
3.345781E-2	1.028310E-2
3.339696E-2	1.028421E-2
3.336761E-2	1.028328E-2
3.335653E-2	1.028409E-2
3.333434E-2	1.028405E-2
3.333862E-2	1.028636E-2
3.331867E-2	1.028461E-2
3.329033E-2	1.028536E-2
3.327400E-2	1.028565E-2
3.325393E-2	1.028503E-2
3.323383E-2	1.028592E-2
3.321161E-2	1.028638E-2
3.319947E-2	1.028667E-2
3.319122E-2	1.028691E-2
3.316957E-2	1.028733E-2
3.312722E-2	1.028702E-2
3.311524E-2	1.028813E-2
3.308724E-2	1.028670E-2
3.306182E-2	1.028710E-2
3.304075E-2	1.028795E-2
3.304444E-2	1.028720E-2
3.302511E-2	1.028639E-2
3.299494E-2	1.028774E-2
3.298583E-2	1.028840E-2
3.297280E-2	1.028767E-2
3.295362E-2	1.028873E-2
3.292891E-2	1.028820E-2
3.290373E-2	1.028751E-2
3.287580E-2	1.028875E-2
3.286177E-2	1.028861E-2
3.286220E-2	1.028870E-2
3.284352E-2	1.028913E-2
3.279970E-2	1.028972E-2
3.278849E-2	1.028953E-2
3.277319E-2	1.028985E-2
3.275746E-2	1.028882E-2
3.275664E-2	1.028940E-2
3.271802E-2	1.028958E-2
3.272469E-2	1.029047E-2
3.270393E-2	1.028980E-2
3.266850E-2	1.029049E-2
3.267573E-2	1.029131E-2
3.264524E-2	1.029075E-2
3.258312E-2	1.029119E-2
3.257154E-2	1.029020E-2
3.258133E-2	1.029153E-2
3.255455E-2	1.029116E-2
3.255313E-2	1.029242E-2
3.252907E-2	1.029206E-2
3.252003E-2	1.029317E-2
3.250486E-2	1.029193E-2
3.249073E-2	1.029224E-2
3.248226E-2	1.029220E-2
3.245997E-2	1.029341E-2
3.243421E-2	1.029153E-2
3.237934E-2	1.029211E-2
3.237408E-2	1.029341E-2
3.236884E-2	1.029266E-2
3.234312E-2	1.029317E-2
3.233780E-2	1.029266E-2
3.231014E-2	1.029337E-2
3.230627E-2	1.029462E-2
3.228671E-2	1.029375E-2
3.228120E-2	1.029415E-2
3.226213E-2	1.029442E-2
3.224077E-2	1.029417E-2
3.221654E-2	1.029381E-2
3.220275E-2	1.029382E-2
3.218651E-2	1.029509E-2
3.217567E-2	1.029497E-2
3.217808E-2	1.029485E-2
3.214407E-2	1.029450E-2
3.213239E-2	1.029462E-2
3.209264E-2	1.029456E-2
3.208296E-2	1.029466E-2
3.207701E-2	1.029584E-2
3.204706E-2	1.029546E-2
3.204456E-2	1.029574E-2
3.203169E-2	1.029603E-2
3.201392E-2	1.029597E-2
3.199257E-2	1.029491E-2
3.195606E-2	1.029716E-2
3.198255E-2	1.029624E-2
3.194252E-2	1.029686E-2
3.193769E-2	1.029739E-2
3.192348E-2	1.029646E-2
3.191132E-2	1.029686E-2
3.189727E-2	1.029633E-2
3.187951E-2	1.029820E-2
3.185975E-2	1.029710E-2
3.184341E-2	1.029748E-2
3.185021E-2	1.029767E-2
3.183849E-2	1.029848E-2
3.182126E-2	1.029725E-2
3.176980E-2	1.029802E-2
3.174741E-2	1.029797E-2
3.173977E-2	1.029725E-2
3.174640E-2	1.029750E-2
3.170721E-2	1.029812E-2
3.169809E-2	1.029752E-2
3.169628E-2	1.029763E-2
3.167881E-2	1.029758E-2
3.168960E-2	1.029848E-2
3.166309E-2	1.029834E-2
3.165636E-2	1.029966E-2
3.163087E-2	1.030062E-2
3.164116E-2	1.029899E-2
3.163449E-2	1.029898E-2
3.165053E-2	1.029860E-2
3.162587E-2	1.029832E-2
3.161069E-2	1.029939E-2
3.158101E-2	1.030050E-2
3.157288E-2	1.030054E-2
3.156412E-2	1.029992E-2
3.156234E-2	1.029943E-2
3.153805E-2	1.029996E-2
3.152889E-2	1.029958E-2
3.151690E-2	1.030105E-2
3.150408E-2	1.030068E-2
3.148402E-2	1.029996E-2
3.146341E-2	1.030033E-2
3.146614E-2	1.030000E-2
3.140193E-2	1.029904E-2
3.141251E-2	1.030004E-2
3.141298E-2	1.029969E-2
3.138567E-2	1.030038E-2
3.137467E-2	1.030096E-2
3.136607E-2	1.030140E-2
3.133013E-2	1.030263E-2
3.130678E-2	1.030050E-2
3.131594E-2	1.030204E-2
3.131574E-2	1.030173E-2
3.128669E-2	1.030222E-2
3.128766E-2	1.030133E-2
3.129442E-2	1.030268E-2
3.125917E-2	1.030273E-2
3.123733E-2	1.030147E-2
3.124519E-2	1.030298E-2
3.120327E-2	1.030285E-2
3.123040E-2	1.030200E-2
3.121650E-2	1.030215E-2
3.118531E-2	1.030423E-2
3.114806E-2	1.030325E-2
3.114550E-2	1.030225E-2
3.115875E-2	1.030400E-2
3.114262E-2	1.030383E-2
3.111532E-2	1.030356E-2
3.109464E-2	1.030284E-2
3.108790E-2	1.030268E-2
3.107751E-2	1.030324E-2
3.108294E-2	1.030335E-2
3.107048E-2	1.030435E-2
3.104827E-2	1.030343E-2
3.103043E-2	1.030375E-2
3.102765E-2	1.030386E-2
3.102297E-2	1.030366E-2
3.101668E-2	1.030324E-2
3.101836E-2	1.030451E-2
3.097551E-2	1.030445E-2
3.094383E-2	1.030450E-2
3.093631E-2	1.030547E-2
3.092340E-2	1.030397E-2
3.092874E-2	1.030405E-2
3.092017E-2	1.030339E-2
3.090317E-2	1.030433E-2
3.090597E-2	1.030406E-2
3.088867E-2	1.030411E-2
3.085903E-2	1.030342E-2
3.081643E-2	1.030414E-2
3.084330E-2	1.030454E-2
3.080258E-2	1.030308E-2
3.080165E-2	1.030454E-2
3.082102E-2	1.030404E-2
3.080210E-2	1.030360E-2
3.076910E-2	1.030400E-2
3.076682E-2	1.030462E-2
3.078518E-2	1.030429E-2
3.074803E-2	1.030405E-2
3.073108E-2	1.030512E-2
3.073386E-2	1.030605E-2
3.071495E-2	1.029979E-2
3.072821E-2	1.030594E-2
3.071239E-2	1.030611E-2
3.067251E-2	1.030475E-2
3.067594E-2	1.030423E-2
3.064017E-2	2.103922E-1
3.062573E-2	3.529869E+0
3.063851E-2	4.068488E+0
3.062220E-2	4.068481E+0
3.059604E-2	4.083860E+0
3.059758E-2	1.030495E-2
3.060545E-2	2.557945E-2
3.057069E-2	2.568206E-2
