4.768954E-1	2.292194E-2
4.746251E-1	3.021458E-2
4.744884E-1	3.182973E-2
4.741409E-1	3.288300E-2
4.737569E-1	3.392669E-2
4.734300E-1	3.495955E-2
4.730429E-1	3.598887E-2
4.727054E-1	3.695825E-2
4.722889E-1	3.793180E-2
4.719141E-1	3.886025E-2
4.715268E-1	3.978618E-2
4.712063E-1	4.068389E-2
4.708332E-1	4.156648E-2
4.704654E-1	4.243902E-2
4.700962E-1	4.330582E-2
4.696989E-1	4.416512E-2
4.693101E-1	4.501762E-2
4.688928E-1	4.587066E-2
4.684325E-1	4.670460E-2
4.679791E-1	4.756505E-2
4.675298E-1	4.838057E-2
4.671137E-1	4.922492E-2
4.666369E-1	5.008336E-2
4.661688E-1	5.094091E-2
4.653842E-1	5.138217E-2
4.651345E-1	5.271385E-2
4.645766E-1	5.361999E-2
4.640260E-1	5.454704E-2
4.634442E-1	5.549831E-2
4.628231E-1	5.646899E-2
4.621377E-1	5.746629E-2
4.614728E-1	5.847269E-2
4.608068E-1	5.954637E-2
4.601167E-1	6.079152E-2
4.593332E-1	6.334589E-2
4.585760E-1	6.549052E-2
4.577608E-1	6.659274E-2
4.569992E-1	6.739629E-2
4.561861E-1	6.808945E-2
4.553684E-1	6.870674E-2
4.541337E-1	6.898331E-2
4.537018E-1	6.961550E-2
4.528838E-1	6.989618E-2
4.521041E-1	7.011654E-2
4.513446E-1	7.027194E-2
4.506840E-1	7.037708E-2
4.500315E-1	7.044706E-2
4.494734E-1	7.049582E-2
4.489687E-1	7.053184E-2
4.485263E-1	7.055688E-2
4.480896E-1	7.057956E-2
4.478028E-1	7.059136E-2
4.475560E-1	7.060240E-2
4.473709E-1	7.060836E-2
4.472071E-1	7.061271E-2
4.470729E-1	7.061364E-2
4.470660E-1	7.061345E-2
4.470830E-1	7.060994E-2
4.470780E-1	7.060447E-2
4.471486E-1	7.060112E-2
4.472690E-1	7.059783E-2
4.473116E-1	7.058645E-2
4.473810E-1	7.058066E-2
4.475976E-1	7.057714E-2
4.476759E-1	7.056030E-2
4.477662E-1	7.055299E-2
4.478903E-1	7.054310E-2
4.480140E-1	7.052880E-2
4.481397E-1	7.051600E-2
4.482983E-1	7.050289E-2
4.484407E-1	7.048729E-2
4.485960E-1	7.047058E-2
4.488179E-1	7.045362E-2
4.489530E-1	7.043423E-2
4.491291E-1	7.041348E-2
4.493153E-1	7.039024E-2
4.494800E-1	7.036410E-2
4.496883E-1	7.033702E-2
4.498518E-1	7.030475E-2
4.500200E-1	7.027213E-2
4.501670E-1	7.023477E-2
4.503515E-1	7.019075E-2
4.505340E-1	7.015104E-2
4.507597E-1	7.010198E-2
4.509289E-1	7.005566E-2
4.511103E-1	6.999529E-2
4.512772E-1	6.993866E-2
4.514652E-1	6.987839E-2
4.516704E-1	6.981305E-2
4.518066E-1	6.974272E-2
4.520073E-1	6.966113E-2
4.521985E-1	6.958021E-2
4.523812E-1	6.949043E-2
4.525865E-1	6.939333E-2
4.528145E-1	6.928742E-2
4.529824E-1	6.916740E-2
4.532198E-1	6.903688E-2
4.534080E-1	6.889555E-2
4.536789E-1	6.874583E-2
4.538767E-1	6.858385E-2
4.542074E-1	6.850382E-2
4.543158E-1	6.824820E-2
4.545490E-1	6.806713E-2
4.547891E-1	6.787888E-2
4.549954E-1	6.768128E-2
4.552171E-1	6.747468E-2
4.554548E-1	6.725137E-2
4.557126E-1	6.702109E-2
4.559205E-1	6.676809E-2
4.562166E-1	6.649747E-2
4.564543E-1	6.619379E-2
4.566926E-1	6.585725E-2
4.569018E-1	6.546646E-2
4.571946E-1	6.492856E-2
4.574155E-1	6.423740E-2
4.577091E-1	6.346260E-2
4.579104E-1	6.253008E-2
4.581758E-1	6.164616E-2
4.584427E-1	6.094708E-2
4.586900E-1	6.043280E-2
4.589372E-1	6.002048E-2
4.591855E-1	5.964713E-2
4.594412E-1	5.927919E-2
4.597314E-1	5.891688E-2
4.599781E-1	5.855059E-2
4.602026E-1	5.818491E-2
4.604805E-1	5.782086E-2
4.607194E-1	5.744569E-2
4.609861E-1	5.707041E-2
4.612293E-1	5.670114E-2
4.615081E-1	5.631474E-2
4.617457E-1	5.593390E-2
4.620970E-1	5.573773E-2
4.622391E-1	5.515064E-2
4.625065E-1	5.474904E-2
4.627624E-1	5.435356E-2
4.630333E-1	5.395092E-2
4.632985E-1	5.354704E-2
4.636073E-1	5.312623E-2
4.638905E-1	5.271332E-2
4.641336E-1	5.230430E-2
4.643823E-1	5.186457E-2
4.646459E-1	5.143683E-2
4.648836E-1	5.100267E-2
4.651797E-1	5.056281E-2
4.654020E-1	5.011177E-2
4.656730E-1	4.966118E-2
4.659568E-1	4.920109E-2
4.662262E-1	4.873512E-2
4.664842E-1	4.825879E-2
4.667844E-1	4.777694E-2
4.670495E-1	4.729555E-2
4.672937E-1	4.679520E-2
4.675516E-1	4.628775E-2
4.678117E-1	4.577092E-2
4.681014E-1	4.524101E-2
4.683597E-1	4.469625E-2
4.685970E-1	4.415407E-2
4.689018E-1	4.359814E-2
4.691988E-1	4.300213E-2
4.694356E-1	4.241774E-2
4.697274E-1	4.183902E-2
4.699755E-1	4.122925E-2
4.702388E-1	4.060813E-2
4.704687E-1	3.997951E-2
4.707691E-1	3.933409E-2
4.710308E-1	3.867709E-2
4.712804E-1	3.799972E-2
4.715990E-1	3.731368E-2
4.718022E-1	3.660402E-2
4.720521E-1	3.589627E-2
4.724571E-1	3.552623E-2
4.726031E-1	3.441514E-2
4.728742E-1	3.366117E-2
4.731487E-1	3.288514E-2
4.733728E-1	3.209438E-2
4.736497E-1	3.132060E-2
4.738657E-1	3.054392E-2
4.741376E-1	2.974767E-2
4.744282E-1	2.893992E-2
4.746970E-1	2.813043E-2
4.749265E-1	2.732741E-2
4.751442E-1	2.651550E-2
4.754593E-1	2.570441E-2
4.757126E-1	2.487175E-2
4.760768E-1	2.447205E-2
4.761904E-1	2.322610E-2
4.764211E-1	2.240815E-2
4.766997E-1	2.157482E-2
4.769256E-1	2.074442E-2
4.772043E-1	1.991287E-2
4.774385E-1	1.907363E-2
4.776996E-1	1.824164E-2
4.780476E-1	1.780668E-2
4.781663E-1	1.654183E-2
4.783912E-1	1.569836E-2
4.786879E-1	1.485615E-2
4.789151E-1	1.399202E-2
4.791497E-1	1.313364E-2
4.793928E-1	1.227701E-2
4.796382E-1	1.141376E-2
4.798365E-1	1.054396E-2
4.800857E-1	9.668264E-3
4.804809E-1	9.208508E-3
4.806041E-1	7.905858E-3
4.808759E-1	7.048882E-3
4.811061E-1	6.182557E-3
4.813505E-1	5.305455E-3
4.815910E-1	4.437132E-3
4.817955E-1	3.572794E-3
4.820107E-1	2.710384E-3
4.822211E-1	1.850785E-3
4.824513E-1	9.835980E-4
4.827208E-1	1.246090E-4
4.829442E-1	6.970724E-3
4.831494E-1	5.857423E-2
4.833688E-1	1.573536E+0
4.836507E-1	5.508671E+0
4.838867E-1	5.529173E+0
4.840894E-1	5.529106E+0
4.842991E-1	5.529039E+0
4.845087E-1	5.529004E+0
4.847408E-1	5.528976E+0
4.849257E-1	5.528951E+0
4.851365E-1	5.528937E+0
4.853541E-1	5.528927E+0
4.855293E-1	5.528919E+0
4.857861E-1	5.528671E+0
4.859787E-1	5.050186E+0
4.862948E-1	4.809549E+0
4.863938E-1	4.131973E+0
4.865686E-1	4.131590E+0
4.867488E-1	4.131349E+0
4.869729E-1	4.131104E+0
4.871900E-1	4.130664E+0
4.873496E-1	4.130062E+0
4.875355E-1	4.129452E+0
4.877138E-1	4.128869E+0
4.878761E-1	4.128314E+0
4.880853E-1	4.127815E+0
4.883017E-1	4.127404E+0
