3.107891E-2	1.032778E-2
3.118190E-2	6.214011E-2
3.118842E-2	7.180718E-2
3.120581E-2	7.180675E-2
3.121751E-2	7.180803E-2
3.122372E-2	7.180621E-2
3.126661E-2	7.180749E-2
3.127587E-2	7.180798E-2
3.130913E-2	7.180710E-2
3.130801E-2	7.180686E-2
3.133026E-2	7.180578E-2
3.133542E-2	7.180498E-2
3.134463E-2	7.180439E-2
3.136542E-2	7.180645E-2
3.137147E-2	7.180673E-2
3.138710E-2	7.180686E-2
3.137120E-2	7.180688E-2
3.140274E-2	7.180500E-2
3.142048E-2	7.180726E-2
3.142896E-2	7.180689E-2
3.144079E-2	7.180701E-2
3.146213E-2	7.180615E-2
3.151438E-2	7.180563E-2
3.152572E-2	7.180550E-2
3.155901E-2	7.180622E-2
3.155771E-2	7.180564E-2
3.155947E-2	7.180572E-2
3.155593E-2	7.180488E-2
3.162102E-2	7.180540E-2
3.164121E-2	7.180506E-2
3.162149E-2	7.180604E-2
3.163403E-2	7.180551E-2
3.163213E-2	7.180421E-2
3.166245E-2	7.180574E-2
3.168318E-2	7.180492E-2
3.169099E-2	7.180451E-2
3.168615E-2	7.180360E-2
3.172158E-2	7.180372E-2
3.169675E-2	7.180373E-2
3.171131E-2	7.180409E-2
3.175066E-2	7.180549E-2
3.173121E-2	7.180351E-2
3.173935E-2	7.180478E-2
3.175411E-2	7.180432E-2
3.177507E-2	7.180369E-2
3.179791E-2	7.180352E-2
3.184447E-2	7.180374E-2
3.186298E-2	7.180206E-2
3.188025E-2	7.180213E-2
3.187449E-2	7.180225E-2
3.187243E-2	7.180245E-2
3.192954E-2	7.180245E-2
3.195139E-2	7.180395E-2
3.193636E-2	7.180227E-2
3.196234E-2	7.180223E-2
3.197386E-2	7.180239E-2
3.199975E-2	7.180239E-2
3.201916E-2	7.180262E-2
3.202387E-2	7.180218E-2
3.203152E-2	7.180098E-2
3.206637E-2	7.180133E-2
3.208631E-2	7.180028E-2
3.208895E-2	7.180106E-2
3.210849E-2	7.180121E-2
3.212566E-2	7.180230E-2
3.215953E-2	7.180093E-2
3.218641E-2	7.180064E-2
3.219869E-2	7.180077E-2
3.219848E-2	7.180019E-2
3.220959E-2	7.179957E-2
3.221718E-2	7.179953E-2
3.225087E-2	7.180003E-2
3.224747E-2	7.180052E-2
3.229255E-2	7.179943E-2
3.229782E-2	7.179977E-2
3.230758E-2	7.179973E-2
3.233308E-2	7.179966E-2
3.232263E-2	7.179882E-2
3.235278E-2	7.179853E-2
3.237378E-2	7.179824E-2
3.239333E-2	7.179866E-2
3.241038E-2	7.179885E-2
3.243046E-2	7.179902E-2
3.247896E-2	7.179858E-2
3.249495E-2	7.179758E-2
3.250454E-2	7.179851E-2
3.252878E-2	7.179792E-2
3.253344E-2	7.179845E-2
3.253117E-2	7.179802E-2
3.254154E-2	7.179708E-2
3.257421E-2	7.179829E-2
3.260986E-2	7.179806E-2
3.261516E-2	7.179659E-2
3.261705E-2	7.179645E-2
3.266822E-2	7.179629E-2
3.268556E-2	7.179724E-2
3.271522E-2	7.179668E-2
3.272673E-2	7.179673E-2
3.274267E-2	7.179600E-2
3.274980E-2	7.179605E-2
3.276622E-2	7.179580E-2
3.274735E-2	7.179606E-2
3.275109E-2	7.179611E-2
3.277548E-2	7.179582E-2
3.281623E-2	7.179520E-2
3.286323E-2	7.179588E-2
3.286500E-2	7.179471E-2
3.287874E-2	7.179437E-2
3.290845E-2	7.179490E-2
3.292599E-2	7.179467E-2
3.292999E-2	7.179360E-2
3.297016E-2	7.179308E-2
3.299445E-2	7.179329E-2
3.300956E-2	7.179285E-2
3.305039E-2	7.179312E-2
3.305835E-2	7.179228E-2
3.303050E-2	7.179307E-2
3.308237E-2	7.179349E-2
3.310915E-2	7.179243E-2
3.313843E-2	7.179356E-2
3.313440E-2	7.179167E-2
3.316052E-2	7.179249E-2
3.317402E-2	7.179152E-2
3.320984E-2	7.179201E-2
3.322341E-2	7.179251E-2
3.322568E-2	7.179212E-2
3.323215E-2	7.179170E-2
3.328207E-2	7.179141E-2
3.330996E-2	7.179191E-2
3.332126E-2	7.179064E-2
3.334680E-2	7.179121E-2
3.335861E-2	7.178986E-2
3.335732E-2	7.179100E-2
3.338227E-2	7.178954E-2
3.340799E-2	7.178994E-2
3.340941E-2	7.179014E-2
3.342259E-2	7.178886E-2
3.344488E-2	7.178996E-2
3.349568E-2	7.178830E-2
3.353149E-2	7.178923E-2
3.353714E-2	7.178817E-2
3.355077E-2	7.178739E-2
3.356561E-2	7.178799E-2
3.357623E-2	7.178719E-2
3.361230E-2	7.178797E-2
3.363977E-2	7.178808E-2
3.366206E-2	7.178695E-2
3.367968E-2	7.178705E-2
3.370384E-2	7.178718E-2
3.372627E-2	7.178750E-2
3.373745E-2	7.178737E-2
3.373908E-2	7.178620E-2
3.377560E-2	7.178506E-2
3.377145E-2	7.178541E-2
3.382524E-2	7.178523E-2
3.385480E-2	7.178470E-2
3.385219E-2	7.178540E-2
3.385151E-2	7.178571E-2
3.389919E-2	7.178456E-2
3.390093E-2	7.178444E-2
3.396517E-2	7.178449E-2
3.397632E-2	7.178400E-2
3.398657E-2	7.178391E-2
3.399881E-2	7.178425E-2
3.402617E-2	7.178229E-2
3.403490E-2	7.178256E-2
3.405439E-2	7.178245E-2
3.407516E-2	7.178220E-2
3.411128E-2	7.178251E-2
3.413279E-2	7.178180E-2
3.414017E-2	7.178124E-2
3.416771E-2	7.178137E-2
3.423039E-2	7.178159E-2
3.424472E-2	7.178158E-2
3.426715E-2	7.178107E-2
3.427858E-2	7.178092E-2
3.432461E-2	7.178076E-2
3.434087E-2	7.178083E-2
3.435047E-2	7.177987E-2
3.436356E-2	7.177923E-2
3.434695E-2	7.178044E-2
3.438578E-2	7.177878E-2
3.442386E-2	7.177927E-2
3.444444E-2	7.177881E-2
3.447541E-2	7.177999E-2
3.450218E-2	7.177768E-2
3.454632E-2	7.177879E-2
3.456617E-2	7.177767E-2
3.455802E-2	7.177741E-2
3.456899E-2	7.177782E-2
3.458848E-2	7.177673E-2
3.464157E-2	7.177817E-2
3.466774E-2	7.177649E-2
3.470077E-2	7.177681E-2
3.471613E-2	7.177661E-2
3.473197E-2	7.177653E-2
3.471743E-2	7.177570E-2
3.473974E-2	7.177577E-2
3.478964E-2	7.177609E-2
3.481442E-2	7.177600E-2
3.484155E-2	7.177437E-2
3.487435E-2	7.177488E-2
3.487784E-2	7.177445E-2
3.491907E-2	7.177441E-2
3.491352E-2	7.177337E-2
3.495882E-2	7.177355E-2
3.498533E-2	7.177391E-2
3.501079E-2	7.177237E-2
3.505420E-2	7.177311E-2
3.507420E-2	7.177315E-2
3.508918E-2	7.177296E-2
3.512954E-2	7.177262E-2
3.514564E-2	7.177324E-2
3.513496E-2	7.177095E-2
3.517893E-2	7.177198E-2
3.521601E-2	7.177072E-2
3.524274E-2	7.177034E-2
3.524941E-2	7.177045E-2
3.530443E-2	7.177091E-2
3.532248E-2	7.177043E-2
3.532797E-2	7.176960E-2
3.534528E-2	7.176882E-2
3.537244E-2	7.176947E-2
3.539600E-2	7.176934E-2
3.542698E-2	7.176882E-2
3.546322E-2	7.176975E-2
3.549252E-2	7.176784E-2
3.553766E-2	7.176800E-2
3.555136E-2	7.176638E-2
3.556271E-2	7.176820E-2
3.560024E-2	7.176760E-2
3.561246E-2	7.176679E-2
3.563841E-2	7.176672E-2
3.569386E-2	7.176592E-2
3.571390E-2	7.176452E-2
3.575042E-2	7.176484E-2
3.579223E-2	7.176424E-2
3.577923E-2	7.176421E-2
3.579990E-2	7.176375E-2
3.579991E-2	7.176310E-2
3.585047E-2	7.176219E-2
3.590016E-2	7.176340E-2
3.591302E-2	7.176247E-2
3.593790E-2	7.176209E-2
3.596717E-2	7.176115E-2
3.599796E-2	7.175955E-2
3.603456E-2	7.176151E-2
3.606028E-2	7.176075E-2
3.607938E-2	7.175993E-2
3.609845E-2	7.175949E-2
3.615067E-2	7.175834E-2
3.616723E-2	7.175787E-2
3.618372E-2	7.175802E-2
3.624445E-2	7.175740E-2
3.628608E-2	7.175676E-2
3.630915E-2	7.175607E-2
3.632079E-2	7.175459E-2
3.636189E-2	7.175377E-2
3.637214E-2	7.175399E-2
3.639389E-2	7.175261E-2
3.640494E-2	7.175253E-2
3.644074E-2	7.175033E-2
3.649613E-2	7.175147E-2
3.652566E-2	7.174996E-2
3.656434E-2	7.174991E-2
3.658384E-2	7.174899E-2
3.660742E-2	7.174880E-2
3.663682E-2	7.174798E-2
3.666918E-2	7.174780E-2
3.669710E-2	7.174576E-2
3.670677E-2	7.174698E-2
3.674707E-2	7.174474E-2
3.676072E-2	7.174432E-2
3.679487E-2	7.174402E-2
3.681185E-2	7.174443E-2
3.684956E-2	7.174273E-2
3.689948E-2	7.174183E-2
3.693043E-2	7.174223E-2
3.695430E-2	7.174043E-2
3.699855E-2	7.173980E-2
3.701908E-2	7.173902E-2
3.703795E-2	7.173966E-2
3.707279E-2	7.173879E-2
3.710976E-2	7.173775E-2
3.713458E-2	7.173612E-2
3.717051E-2	7.173617E-2
3.719675E-2	7.173478E-2
3.724513E-2	7.173443E-2
3.727597E-2	7.173399E-2
3.727511E-2	7.173239E-2
3.732666E-2	7.173171E-2
3.737155E-2	7.173036E-2
3.739607E-2	7.172957E-2
3.740214E-2	7.172925E-2
3.742682E-2	7.172766E-2
3.748599E-2	7.172517E-2
3.753467E-2	7.172511E-2
3.757171E-2	7.172418E-2
3.758185E-2	7.172287E-2
3.762879E-2	7.172046E-2
3.766697E-2	7.171888E-2
3.766941E-2	7.171799E-2
3.770109E-2	7.171722E-2
3.774488E-2	7.171713E-2
3.776000E-2	7.171408E-2
3.778376E-2	7.171391E-2
3.779156E-2	7.171173E-2
3.784675E-2	7.171101E-2
3.789842E-2	7.170983E-2
3.792749E-2	7.171008E-2
3.796640E-2	7.170783E-2
3.800244E-2	7.170813E-2
3.802403E-2	7.170709E-2
3.807992E-2	7.170671E-2
3.807721E-2	7.170662E-2
3.813569E-2	7.170639E-2
3.817999E-2	7.170548E-2
3.820249E-2	7.170462E-2
3.823500E-2	7.170510E-2
3.829813E-2	7.170600E-2
3.831528E-2	7.170365E-2
3.833713E-2	7.170403E-2
3.835432E-2	7.170462E-2
3.841898E-2	7.170261E-2
3.846271E-2	7.170233E-2
3.850291E-2	7.170235E-2
3.851018E-2	7.170115E-2
3.856407E-2	7.170029E-2
3.859518E-2	7.169997E-2
3.863163E-2	7.169947E-2
3.870677E-2	7.169909E-2
3.874793E-2	7.169878E-2
3.879555E-2	7.169918E-2
3.879932E-2	7.169824E-2
3.881640E-2	7.169753E-2
3.885097E-2	7.169669E-2
3.889902E-2	7.169597E-2
3.896325E-2	7.169621E-2
3.901429E-2	7.169603E-2
3.902164E-2	7.169548E-2
3.906470E-2	7.169520E-2
3.907251E-2	7.169401E-2
3.914568E-2	7.169406E-2
3.915358E-2	7.169374E-2
3.921931E-2	7.169397E-2
3.925717E-2	7.169426E-2
3.927923E-2	7.169336E-2
3.931337E-2	7.169153E-2
3.937661E-2	7.169208E-2
3.941870E-2	7.169108E-2
3.949454E-2	7.169132E-2
3.951645E-2	7.169090E-2
3.954090E-2	7.168997E-2
3.958953E-2	7.169192E-2
3.959810E-2	7.169068E-2
3.963613E-2	7.169007E-2
3.967806E-2	7.169057E-2
3.972032E-2	7.169008E-2
3.976519E-2	7.168998E-2
3.978500E-2	7.168927E-2
3.980855E-2	7.168933E-2
3.982768E-2	7.168951E-2
3.990757E-2	7.168944E-2
3.994546E-2	7.168852E-2
3.998209E-2	7.168966E-2
4.002518E-2	7.168973E-2
4.006278E-2	7.168896E-2
4.012290E-2	7.168849E-2
4.018021E-2	7.168803E-2
4.022991E-2	7.168813E-2
4.029107E-2	7.168798E-2
4.030867E-2	7.168707E-2
4.035658E-2	7.168747E-2
4.038244E-2	7.168685E-2
4.042052E-2	7.168660E-2
4.044149E-2	7.168621E-2
4.051892E-2	7.168603E-2
4.057571E-2	7.168492E-2
4.059448E-2	7.168591E-2
4.064221E-2	7.168483E-2
4.069830E-2	7.168436E-2
4.071103E-2	7.168440E-2
4.077729E-2	7.168475E-2
4.077792E-2	7.168430E-2
4.082942E-2	7.168410E-2
4.092409E-2	7.168453E-2
4.094699E-2	7.168284E-2
4.099241E-2	7.168399E-2
4.101807E-2	7.168276E-2
4.106704E-2	7.168164E-2
4.110310E-2	7.168144E-2
4.113613E-2	7.168136E-2
4.121364E-2	7.168231E-2
4.125073E-2	7.168067E-2
4.127020E-2	7.168186E-2
4.134317E-2	7.168062E-2
4.136990E-2	7.168031E-2
4.147115E-2	7.168072E-2
4.150269E-2	7.168037E-2
4.155324E-2	7.168132E-2
4.157613E-2	7.167952E-2
4.162841E-2	7.167974E-2
4.166685E-2	7.167944E-2
4.168414E-2	7.167845E-2
4.173935E-2	7.167823E-2
4.176070E-2	7.167773E-2
4.180955E-2	7.167771E-2
4.188685E-2	7.167760E-2
4.193047E-2	7.167602E-2
4.196702E-2	7.167482E-2
4.203378E-2	7.167489E-2
4.211140E-2	7.167436E-2
4.214230E-2	7.167391E-2
4.217519E-2	7.167396E-2
4.223721E-2	7.167376E-2
4.230176E-2	7.166899E-2
4.230981E-2	7.165122E-2
4.232764E-2	7.161949E-2
4.240609E-2	7.161040E-2
4.249452E-2	7.160528E-2
4.254364E-2	7.159967E-2
4.258721E-2	7.159575E-2
4.262074E-2	7.158119E-2
4.271396E-2	7.155835E-2
4.274330E-2	7.155273E-2
4.278635E-2	7.155280E-2
4.283266E-2	7.155240E-2
4.292009E-2	7.155202E-2
4.295913E-2	7.155148E-2
4.302478E-2	7.155295E-2
4.305751E-2	7.155247E-2
4.310611E-2	7.155322E-2
4.315043E-2	7.155118E-2
4.322087E-2	7.155158E-2
4.327203E-2	7.155273E-2
4.332518E-2	7.155088E-2
4.336584E-2	7.155230E-2
4.341499E-2	7.155222E-2
4.346574E-2	7.155172E-2
4.354781E-2	7.155198E-2
4.360917E-2	7.155147E-2
4.365642E-2	7.155175E-2
4.372101E-2	7.155006E-2
4.377228E-2	7.155058E-2
4.376214E-2	7.155125E-2
4.384063E-2	7.155094E-2
4.391789E-2	7.155002E-2
4.398746E-2	7.155007E-2
4.404371E-2	7.154984E-2
4.408494E-2	7.155058E-2
4.414877E-2	7.155041E-2
4.423539E-2	7.155085E-2
4.426303E-2	7.154992E-2
4.437344E-2	7.155051E-2
4.441658E-2	7.154859E-2
4.443288E-2	7.155006E-2
4.449034E-2	7.154957E-2
4.457382E-2	7.154829E-2
4.463549E-2	7.154896E-2
4.466679E-2	7.154784E-2
4.473395E-2	7.154934E-2
4.477160E-2	7.154876E-2
4.485235E-2	7.154859E-2
4.492730E-2	7.154810E-2
4.495944E-2	7.154813E-2
4.502345E-2	7.154861E-2
4.506665E-2	7.154737E-2
4.514787E-2	7.154772E-2
4.520190E-2	7.154694E-2
4.531083E-2	7.154732E-2
4.532251E-2	7.154686E-2
4.537313E-2	7.154736E-2
4.543614E-2	7.154608E-2
4.556633E-2	7.154660E-2
4.557602E-2	7.154724E-2
4.565392E-2	7.154603E-2
4.571378E-2	7.154701E-2
4.576051E-2	7.154655E-2
4.583379E-2	7.154563E-2
4.593213E-2	7.154592E-2
4.600241E-2	7.154663E-2
4.605711E-2	7.154579E-2
4.608381E-2	7.154630E-2
4.617236E-2	7.154608E-2
4.623295E-2	7.154544E-2
4.629754E-2	7.154568E-2
4.637506E-2	7.154555E-2
4.645678E-2	7.154528E-2
4.650551E-2	7.154598E-2
4.659016E-2	7.154617E-2
4.661411E-2	7.154517E-2
4.670903E-2	7.154590E-2
4.677097E-2	7.154496E-2
4.679647E-2	7.154426E-2
4.690142E-2	7.154453E-2
4.697363E-2	7.154400E-2
4.702490E-2	7.154341E-2
4.713424E-2	7.154322E-2
4.716589E-2	7.154313E-2
4.727656E-2	7.154279E-2
4.733881E-2	7.154373E-2
4.737225E-2	7.154242E-2
4.744629E-2	7.154242E-2
4.754328E-2	7.154354E-2
4.760374E-2	7.154226E-2
4.767945E-2	7.154304E-2
4.774832E-2	7.154275E-2
4.779458E-2	7.154288E-2
4.788986E-2	7.154300E-2
4.796513E-2	7.154270E-2
4.803406E-2	7.154124E-2
4.808195E-2	7.154152E-2
4.817213E-2	7.154231E-2
4.823407E-2	7.154122E-2
4.832156E-2	7.154254E-2
4.838246E-2	7.154112E-2
4.851345E-2	7.154163E-2
4.856531E-2	7.154120E-2
4.864210E-2	7.154138E-2
4.874214E-2	7.154124E-2
4.879683E-2	7.154027E-2
4.887389E-2	7.154052E-2
4.896224E-2	7.154085E-2
4.903947E-2	7.154104E-2
4.913322E-2	7.154036E-2
4.924276E-2	7.154040E-2
4.926267E-2	7.153877E-2
4.935072E-2	7.153938E-2
4.950559E-2	7.153977E-2
4.953836E-2	7.153849E-2
4.961591E-2	7.153880E-2
4.968247E-2	7.153909E-2
4.975755E-2	7.153946E-2
4.980582E-2	7.153906E-2
4.991989E-2	7.153794E-2
5.003395E-2	7.153805E-2
5.008201E-2	7.153858E-2
5.016185E-2	7.153963E-2
5.026070E-2	7.153924E-2
5.033872E-2	7.153836E-2
5.039842E-2	7.153816E-2
5.052276E-2	7.153800E-2
5.060243E-2	7.153777E-2
5.066633E-2	7.153772E-2
5.076474E-2	7.153697E-2
5.082414E-2	7.153764E-2
5.097471E-2	7.153658E-2
5.105361E-2	7.153640E-2
5.112570E-2	7.153693E-2
5.125228E-2	7.153732E-2
5.128006E-2	7.153819E-2
5.139177E-2	7.153499E-2
5.145560E-2	7.153578E-2
5.163671E-2	7.153535E-2
5.165651E-2	7.153488E-2
5.170806E-2	7.153495E-2
5.177157E-2	7.153644E-2
5.187765E-2	7.153587E-2
5.198907E-2	7.153515E-2
5.209898E-2	7.153573E-2
5.216706E-2	7.153532E-2
5.225485E-2	7.153457E-2
5.234666E-2	7.153459E-2
5.247099E-2	7.153405E-2
5.256867E-2	7.153462E-2
5.264421E-2	7.153535E-2
5.276853E-2	7.153432E-2
5.285260E-2	7.153375E-2
5.294932E-2	7.153359E-2
5.310711E-2	7.153343E-2
5.315603E-2	7.153347E-2
5.321906E-2	7.153357E-2
5.329387E-2	7.153302E-2
5.340751E-2	7.153214E-2
5.349723E-2	7.153213E-2
5.365397E-2	7.153236E-2
5.374017E-2	7.153218E-2
5.384961E-2	7.153209E-2
5.392679E-2	7.153197E-2
5.403447E-2	7.153042E-2
5.413148E-2	7.153093E-2
5.424430E-2	7.153077E-2
5.434547E-2	7.153015E-2
5.440965E-2	7.153117E-2
5.456876E-2	7.153089E-2
5.467592E-2	7.153040E-2
5.480034E-2	7.153130E-2
5.484608E-2	7.153007E-2
5.496835E-2	7.153016E-2
5.506436E-2	7.153018E-2
5.515651E-2	7.152927E-2
5.528685E-2	7.152865E-2
5.538933E-2	7.152911E-2
5.547586E-2	7.152803E-2
5.560896E-2	7.152827E-2
5.574160E-2	7.152785E-2
5.580615E-2	7.152751E-2
5.593905E-2	7.152877E-2
5.606698E-2	7.152799E-2
5.616791E-2	7.152731E-2
5.627873E-2	7.152872E-2
5.637802E-2	7.152819E-2
5.649881E-2	7.152741E-2
5.663461E-2	7.152794E-2
5.675798E-2	7.152699E-2
5.681242E-2	7.152772E-2
5.694616E-2	7.152718E-2
5.705226E-2	7.152740E-2
5.716186E-2	7.152599E-2
5.729444E-2	7.152667E-2
5.742170E-2	7.152712E-2
5.757311E-2	7.152694E-2
5.766707E-2	7.152652E-2
5.778812E-2	7.152716E-2
5.786187E-2	7.152699E-2
5.800884E-2	7.152661E-2
5.810162E-2	7.152548E-2
5.821712E-2	7.152558E-2
5.835057E-2	7.152565E-2
5.848777E-2	7.152359E-2
5.864135E-2	7.152473E-2
5.879988E-2	7.152469E-2
5.896966E-2	7.152487E-2
5.901887E-2	7.152414E-2
5.914104E-2	7.152455E-2
5.928908E-2	7.152579E-2
5.941273E-2	7.152385E-2
5.957971E-2	7.152417E-2
5.966285E-2	7.152323E-2
5.976984E-2	7.152314E-2
5.990272E-2	7.152230E-2
6.008184E-2	7.152247E-2
6.014759E-2	7.152273E-2
6.028219E-2	7.152265E-2
6.041605E-2	7.152274E-2
6.057908E-2	7.152282E-2
6.069812E-2	7.152264E-2
6.084499E-2	7.152270E-2
6.099214E-2	7.152169E-2
6.111543E-2	7.152237E-2
6.123714E-2	7.152184E-2
6.139772E-2	7.152168E-2
6.151311E-2	7.152184E-2
6.167152E-2	7.152060E-2
6.177508E-2	7.152012E-2
6.192540E-2	7.152011E-2
6.205322E-2	7.152002E-2
6.217976E-2	7.152128E-2
6.232796E-2	7.151901E-2
6.252386E-2	7.152026E-2
6.261940E-2	7.152017E-2
6.278106E-2	7.151973E-2
6.291554E-2	7.151870E-2
6.315278E-2	7.151985E-2
6.322631E-2	7.151873E-2
6.347330E-2	7.151768E-2
6.361586E-2	7.151822E-2
6.368497E-2	7.151750E-2
6.380583E-2	7.151900E-2
6.398898E-2	7.151802E-2
6.414472E-2	7.151909E-2
6.431120E-2	7.151861E-2
6.443778E-2	7.151750E-2
6.460097E-2	7.151685E-2
6.474650E-2	7.151706E-2
6.488206E-2	7.151639E-2
6.503506E-2	7.151569E-2
6.519377E-2	7.151603E-2
6.544204E-2	7.151745E-2
6.551013E-2	7.151662E-2
6.577905E-2	7.151617E-2
6.582447E-2	7.151614E-2
6.600011E-2	7.151542E-2
6.614496E-2	7.151515E-2
6.631289E-2	7.151427E-2
6.646253E-2	7.151478E-2
6.665163E-2	7.151516E-2
6.683297E-2	7.151496E-2
6.700795E-2	7.151379E-2
6.715682E-2	7.151414E-2
6.732343E-2	7.151413E-2
6.749836E-2	7.151351E-2
6.770157E-2	7.151306E-2
6.784763E-2	7.151299E-2
6.801931E-2	7.151279E-2
6.820455E-2	7.151307E-2
6.838073E-2	7.151332E-2
6.852063E-2	7.151175E-2
6.882422E-2	7.151223E-2
6.886971E-2	7.151132E-2
6.908281E-2	7.151168E-2
6.924080E-2	7.151126E-2
6.944007E-2	7.151115E-2
6.971389E-2	7.151053E-2
6.979981E-2	7.151102E-2
6.995866E-2	7.151071E-2
7.016468E-2	7.151062E-2
7.033345E-2	7.151166E-2
7.050518E-2	7.151134E-2
7.071264E-2	7.150975E-2
7.086288E-2	7.150917E-2
7.108543E-2	7.150955E-2
7.127050E-2	7.150904E-2
7.144089E-2	7.150845E-2
7.164548E-2	7.150793E-2
7.180280E-2	7.150879E-2
7.197112E-2	7.150916E-2
7.215164E-2	7.150885E-2
7.236149E-2	7.150818E-2
7.259853E-2	7.150779E-2
7.280208E-2	7.150782E-2
7.298125E-2	7.150749E-2
7.318707E-2	7.150713E-2
7.342970E-2	7.150699E-2
7.373668E-2	7.150721E-2
7.380488E-2	7.150633E-2
7.401277E-2	7.150663E-2
7.419118E-2	7.150634E-2
7.452243E-2	7.150556E-2
7.464991E-2	7.150558E-2
7.480507E-2	7.150616E-2
7.503454E-2	7.150520E-2
7.522495E-2	7.150500E-2
7.555879E-2	7.150553E-2
7.566739E-2	7.150432E-2
7.585364E-2	7.150411E-2
7.610032E-2	7.150421E-2
7.630208E-2	7.150455E-2
7.650774E-2	7.150376E-2
7.672412E-2	7.150366E-2
7.695869E-2	7.150336E-2
7.724500E-2	7.150259E-2
7.737100E-2	7.150242E-2
7.762509E-2	7.150326E-2
7.782358E-2	7.150338E-2
7.805978E-2	7.150229E-2
7.827423E-2	7.150322E-2
7.851670E-2	7.150263E-2
7.878734E-2	7.150078E-2
7.902515E-2	7.150075E-2
7.922160E-2	7.150207E-2
7.945816E-2	7.150141E-2
7.971106E-2	7.150088E-2
7.995169E-2	7.149996E-2
8.017076E-2	7.150003E-2
8.040775E-2	7.149961E-2
8.082973E-2	7.150037E-2
8.092056E-2	7.149927E-2
8.119446E-2	7.149993E-2
8.142123E-2	7.149914E-2
8.167660E-2	7.149821E-2
8.187434E-2	7.149841E-2
8.211873E-2	7.149855E-2
8.237015E-2	7.149828E-2
8.262899E-2	7.149795E-2
8.289119E-2	7.149813E-2
8.314381E-2	7.149819E-2
8.341812E-2	7.149830E-2
8.365325E-2	7.149708E-2
8.390306E-2	7.149554E-2
8.416694E-2	7.149593E-2
8.442592E-2	7.149611E-2
8.479563E-2	7.149518E-2
8.492160E-2	7.149726E-2
8.520849E-2	7.149563E-2
8.549095E-2	7.149535E-2
8.575530E-2	7.149452E-2
8.603271E-2	7.149617E-2
8.626121E-2	7.149509E-2
8.651907E-2	7.149502E-2
8.681375E-2	7.149452E-2
8.722324E-2	7.149406E-2
8.736656E-2	7.149406E-2
8.765323E-2	7.149447E-2
8.786613E-2	7.149394E-2
8.817336E-2	7.149340E-2
8.845690E-2	7.149318E-2
8.873855E-2	7.149363E-2
8.903107E-2	7.149235E-2
8.929889E-2	7.149247E-2
8.957906E-2	7.149176E-2
8.987791E-2	7.149252E-2
9.017135E-2	7.149254E-2
9.047586E-2	7.149211E-2
9.082952E-2	7.149146E-2
9.113921E-2	7.149089E-2
9.142153E-2	7.149159E-2
9.171340E-2	7.148997E-2
9.194936E-2	7.148999E-2
9.222468E-2	7.149111E-2
9.254506E-2	7.148963E-2
9.281043E-2	7.149001E-2
9.313608E-2	7.148951E-2
9.360144E-2	7.148933E-2
9.376847E-2	7.148858E-2
9.404781E-2	7.148884E-2
9.437332E-2	7.148828E-2
9.471489E-2	7.148884E-2
9.498877E-2	7.148779E-2
9.531954E-2	7.148795E-2
9.563862E-2	7.148766E-2
9.612846E-2	7.148870E-2
9.628336E-2	7.148812E-2
9.660982E-2	7.148759E-2
9.697409E-2	7.148631E-2
9.732023E-2	7.148702E-2
9.765936E-2	7.148575E-2
9.792808E-2	7.148623E-2
9.835887E-2	7.148627E-2
9.880661E-2	7.148455E-2
9.920735E-2	7.148553E-2
9.956133E-2	7.148459E-2
9.988483E-2	7.148441E-2
1.001768E-1	7.148513E-2
1.004746E-1	7.148389E-2
1.007987E-1	7.148414E-2
1.010877E-1	7.148308E-2
1.014289E-1	7.148295E-2
1.017514E-1	7.148282E-2
1.020628E-1	7.148296E-2
1.024038E-1	7.148289E-2
1.027630E-1	7.148286E-2
1.031318E-1	7.148317E-2
1.034754E-1	7.148120E-2
1.038817E-1	7.148182E-2
1.042375E-1	7.148166E-2
1.045850E-1	7.148081E-2
1.049692E-1	7.148117E-2
1.055300E-1	7.148051E-2
1.057456E-1	7.148103E-2
1.061158E-1	7.147943E-2
1.064919E-1	7.148040E-2
1.068992E-1	7.147898E-2
1.072610E-1	7.147879E-2
1.076553E-1	7.147896E-2
1.080413E-1	7.147872E-2
1.084378E-1	7.147901E-2
1.088584E-1	7.147796E-2
1.092314E-1	7.147802E-2
1.096287E-1	7.147890E-2
1.100372E-1	7.147783E-2
1.104221E-1	7.147790E-2
1.108293E-1	7.147725E-2
1.111935E-1	7.147668E-2
1.115784E-1	7.147629E-2
1.119543E-1	7.147639E-2
1.123701E-1	7.147567E-2
1.127802E-1	7.147518E-2
1.131946E-1	7.147430E-2
1.136006E-1	7.147577E-2
1.140033E-1	7.147523E-2
1.144443E-1	7.147461E-2
1.148479E-1	7.147386E-2
1.154874E-1	7.147426E-2
1.157147E-1	7.147317E-2
1.161452E-1	7.147344E-2
1.165610E-1	7.147267E-2
1.169972E-1	7.147228E-2
1.174079E-1	7.147259E-2
1.178446E-1	7.147182E-2
1.182698E-1	7.147181E-2
1.189266E-1	7.147125E-2
1.191532E-1	7.147088E-2
1.196311E-1	7.147092E-2
1.200791E-1	7.147137E-2
1.205206E-1	7.147096E-2
1.210075E-1	7.147101E-2
1.214510E-1	7.147006E-2
1.218579E-1	7.147016E-2
1.223051E-1	7.146871E-2
1.228040E-1	7.146943E-2
1.232789E-1	7.146998E-2
1.237710E-1	7.146936E-2
1.242169E-1	7.146861E-2
1.246962E-1	7.146834E-2
1.254084E-1	7.146894E-2
1.256560E-1	7.146841E-2
1.261109E-1	7.146801E-2
1.265670E-1	7.146814E-2
1.270310E-1	7.146745E-2
1.275452E-1	7.146666E-2
1.280025E-1	7.146605E-2
1.284709E-1	7.146632E-2
1.289984E-1	7.146666E-2
1.294946E-1	7.146524E-2
1.299428E-1	7.146501E-2
1.304431E-1	7.146623E-2
1.309279E-1	7.146543E-2
1.314279E-1	7.146372E-2
1.321660E-1	7.146459E-2
1.324171E-1	7.146259E-2
1.329679E-1	7.146310E-2
1.334722E-1	7.146285E-2
1.339961E-1	7.146261E-2
1.344947E-1	7.146295E-2
1.349868E-1	7.146267E-2
1.355373E-1	7.146197E-2
1.360726E-1	7.146165E-2
1.368614E-1	7.146166E-2
1.371038E-1	7.146166E-2
1.376071E-1	7.146098E-2
1.381294E-1	7.146073E-2
1.386653E-1	7.146035E-2
1.392275E-1	7.146019E-2
1.397725E-1	7.146007E-2
1.402918E-1	7.146026E-2
1.408196E-1	7.145964E-2
1.413287E-1	7.145913E-2
1.418469E-1	7.145743E-2
1.423826E-1	7.145802E-2
1.429748E-1	7.145779E-2
1.435456E-1	7.145862E-2
1.440912E-1	7.145764E-2
1.446496E-1	7.145716E-2
1.452304E-1	7.145738E-2
1.458102E-1	7.145663E-2
1.463623E-1	7.145662E-2
1.469062E-1	7.145656E-2
1.474817E-1	7.145574E-2
1.481112E-1	7.145545E-2
1.486930E-1	7.145443E-2
1.495998E-1	7.145448E-2
1.498793E-1	7.145336E-2
1.504526E-1	7.145411E-2
1.510109E-1	7.145362E-2
1.515470E-1	7.145384E-2
1.520934E-1	7.145202E-2
1.526625E-1	7.145354E-2
1.532904E-1	7.145352E-2
1.538908E-1	7.145276E-2
1.544743E-1	7.145202E-2
1.550460E-1	7.145197E-2
1.556457E-1	7.145057E-2
1.562436E-1	7.145153E-2
1.568348E-1	7.145051E-2
1.574016E-1	7.145157E-2
1.580216E-1	7.145108E-2
1.586213E-1	7.145004E-2
1.592550E-1	7.145026E-2
1.598488E-1	7.145011E-2
1.604249E-1	7.144952E-2
1.610918E-1	7.144958E-2
1.617132E-1	7.144848E-2
1.622832E-1	7.144921E-2
1.629572E-1	7.144811E-2
1.635563E-1	7.144834E-2
1.644863E-1	7.144821E-2
1.648042E-1	7.144815E-2
1.654220E-1	7.144772E-2
1.663807E-1	7.144775E-2
1.666894E-1	7.144643E-2
1.672892E-1	7.144646E-2
1.679243E-1	7.144665E-2
1.685752E-1	7.144602E-2
1.692240E-1	7.144603E-2
1.698503E-1	7.144565E-2
1.704977E-1	7.144545E-2
1.711403E-1	7.144524E-2
1.718173E-1	7.144504E-2
1.723918E-1	7.144520E-2
1.731169E-1	7.144479E-2
1.737519E-1	7.144385E-2
1.744626E-1	7.144341E-2
1.751036E-1	7.144285E-2
1.757757E-1	7.144253E-2
1.764615E-1	7.144177E-2
1.770555E-1	7.144302E-2
1.777274E-1	7.144288E-2
1.783823E-1	7.144183E-2
1.790833E-1	7.144151E-2
1.800728E-1	7.144168E-2
1.804455E-1	7.144102E-2
1.811105E-1	7.144120E-2
1.817814E-1	7.144161E-2
1.827856E-1	7.144083E-2
1.831472E-1	7.144021E-2
1.838270E-1	7.143926E-2
1.848871E-1	7.143982E-2
1.852542E-1	7.143867E-2
1.860278E-1	7.143876E-2
1.867216E-1	7.143850E-2
1.874356E-1	7.143851E-2
1.881632E-1	7.143713E-2
1.892458E-1	7.143756E-2
1.896053E-1	7.143770E-2
1.903482E-1	7.143724E-2
1.910781E-1	7.143661E-2
1.918329E-1	7.143686E-2
1.925706E-1	7.143605E-2
1.933503E-1	7.143596E-2
1.941219E-1	7.143605E-2
1.948678E-1	7.143521E-2
1.956465E-1	7.143547E-2
1.964768E-1	7.143418E-2
1.972441E-1	7.143404E-2
1.980212E-1	7.143394E-2
1.987862E-1	7.143343E-2
1.996318E-1	7.143312E-2
2.004303E-1	7.143289E-2
2.012482E-1	7.143352E-2
2.020919E-1	7.143215E-2
2.032725E-1	7.143196E-2
2.036914E-1	7.143151E-2
2.049229E-1	7.143194E-2
2.052681E-1	7.143061E-2
2.061580E-1	7.142998E-2
2.070232E-1	7.143019E-2
2.078263E-1	7.142941E-2
2.086523E-1	7.143021E-2
2.095249E-1	7.142921E-2
2.103732E-1	7.142925E-2
2.116305E-1	7.142869E-2
2.120590E-1	7.142790E-2
2.128730E-1	7.142749E-2
2.137764E-1	7.142804E-2
2.146319E-1	7.142761E-2
2.154509E-1	7.142642E-2
2.163548E-1	7.142594E-2
2.172086E-1	7.142576E-2
2.180480E-1	7.142564E-2
2.189385E-1	7.142528E-2
2.198341E-1	7.142542E-2
2.207141E-1	7.142482E-2
2.216229E-1	7.142524E-2
2.225042E-1	7.142434E-2
2.234358E-1	7.142504E-2
2.243416E-1	7.142372E-2
2.252568E-1	7.142371E-2
2.261578E-1	7.142346E-2
2.270830E-1	7.142264E-2
2.280142E-1	7.142187E-2
2.289290E-1	7.142149E-2
2.298565E-1	7.142129E-2
2.307151E-1	7.142150E-2
2.317090E-1	7.141977E-2
2.325676E-1	7.142057E-2
2.335591E-1	7.141947E-2
2.344914E-1	7.141964E-2
2.354555E-1	7.142012E-2
2.368441E-1	7.141965E-2
2.373433E-1	7.141885E-2
2.383038E-1	7.141799E-2
2.392662E-1	7.141760E-2
2.401861E-1	7.141786E-2
2.411688E-1	7.141736E-2
2.422015E-1	7.141734E-2
2.431608E-1	7.141668E-2
2.441627E-1	7.141659E-2
2.451228E-1	7.141556E-2
2.460965E-1	7.141555E-2
2.470433E-1	7.141537E-2
2.480274E-1	7.141485E-2
2.490259E-1	7.141370E-2
2.500497E-1	7.141335E-2
2.510668E-1	7.141333E-2
2.520860E-1	7.141355E-2
2.530560E-1	7.141317E-2
2.540891E-1	7.141196E-2
2.550405E-1	7.141137E-2
2.560752E-1	7.141121E-2
2.576235E-1	7.141146E-2
2.582000E-1	7.141071E-2
2.594850E-1	7.141019E-2
2.606202E-1	7.141026E-2
2.616518E-1	7.140873E-2
2.625798E-1	7.140769E-2
2.635729E-1	7.140828E-2
2.645346E-1	7.140840E-2
2.655570E-1	7.140708E-2
2.669241E-1	7.140612E-2
2.685170E-1	7.140654E-2
2.699939E-1	7.140621E-2
2.712582E-1	7.140557E-2
2.723599E-1	7.140470E-2
2.734372E-1	7.140411E-2
2.743859E-1	7.140370E-2
2.757594E-1	7.140325E-2
2.762203E-1	7.140419E-2
2.771277E-1	7.140310E-2
2.780554E-1	7.140282E-2
2.789331E-1	7.140294E-2
2.799316E-1	7.140207E-2
2.808765E-1	7.140128E-2
2.818803E-1	7.140131E-2
2.828930E-1	7.140008E-2
2.839485E-1	7.140012E-2
2.850127E-1	7.140006E-2
2.866171E-1	7.139991E-2
2.871878E-1	7.139935E-2
2.882803E-1	7.139875E-2
2.893775E-1	7.139767E-2
2.904883E-1	7.139827E-2
2.915997E-1	7.139700E-2
2.926812E-1	7.139604E-2
2.938226E-1	7.139709E-2
2.949075E-1	7.139537E-2
2.960028E-1	7.139449E-2
2.971327E-1	7.139521E-2
2.982430E-1	7.139314E-2
2.993519E-1	7.139379E-2
3.009887E-1	7.139366E-2
3.015313E-1	7.139386E-2
3.026223E-1	7.139210E-2
3.037632E-1	7.139183E-2
3.049282E-1	7.139103E-2
3.060305E-1	7.139057E-2
3.071381E-1	7.139052E-2
3.083022E-1	7.138973E-2
3.094448E-1	7.139005E-2
3.105696E-1	7.138872E-2
3.116654E-1	7.138729E-2
3.127723E-1	7.138706E-2
3.139536E-1	7.138676E-2
3.150961E-1	7.138636E-2
3.162460E-1	7.138625E-2
3.174011E-1	7.138502E-2
3.185159E-1	7.138418E-2
3.196945E-1	7.138358E-2
3.207996E-1	7.138261E-2
3.219761E-1	7.138271E-2
3.231123E-1	7.138250E-2
3.242790E-1	7.138202E-2
3.254122E-1	7.138118E-2
3.265710E-1	7.138041E-2
3.277416E-1	7.137918E-2
3.289451E-1	7.137884E-2
3.301203E-1	7.137812E-2
3.312728E-1	7.137757E-2
3.324445E-1	7.137728E-2
3.336188E-1	7.137510E-2
3.347899E-1	7.137469E-2
3.359737E-1	7.137461E-2
3.371351E-1	7.137451E-2
3.382959E-1	7.137316E-2
3.394748E-1	7.137249E-2
3.412025E-1	7.137196E-2
3.417867E-1	7.137094E-2
3.429228E-1	7.136961E-2
3.441113E-1	7.136881E-2
3.452750E-1	7.136830E-2
3.464528E-1	7.136734E-2
3.476141E-1	7.136755E-2
3.493165E-1	7.136667E-2
3.499281E-1	7.136539E-2
3.511418E-1	7.136423E-2
3.522816E-1	7.136368E-2
3.534956E-1	7.136251E-2
3.546480E-1	7.136255E-2
3.558180E-1	7.136173E-2
3.570014E-1	7.135989E-2
3.581665E-1	7.135941E-2
3.593039E-1	7.135904E-2
3.605020E-1	7.135789E-2
3.617149E-1	7.135557E-2
3.628680E-1	7.135544E-2
3.640523E-1	7.135451E-2
3.652389E-1	7.135234E-2
3.663864E-1	7.135215E-2
3.675623E-1	7.135170E-2
3.687309E-1	7.134937E-2
3.699900E-1	7.134822E-2
3.711473E-1	7.134747E-2
3.722892E-1	7.134665E-2
3.734901E-1	7.134505E-2
3.746562E-1	7.134452E-2
3.758157E-1	7.134231E-2
3.769647E-1	7.134129E-2
3.781152E-1	7.133958E-2
3.793358E-1	7.133885E-2
3.810788E-1	7.133774E-2
3.816723E-1	7.133502E-2
3.827841E-1	7.133401E-2
3.839877E-1	7.133237E-2
3.851675E-1	7.133028E-2
3.863119E-1	7.132948E-2
3.874658E-1	7.132679E-2
3.886339E-1	7.132553E-2
3.898136E-1	7.132371E-2
3.909626E-1	7.132287E-2
3.920964E-1	7.132081E-2
3.932093E-1	7.131755E-2
3.943736E-1	7.131566E-2
3.955463E-1	7.131377E-2
3.967079E-1	7.131183E-2
3.979030E-1	7.130945E-2
3.990462E-1	7.130591E-2
4.001746E-1	7.130449E-2
4.013105E-1	7.130222E-2
4.024440E-1	7.129949E-2
4.035745E-1	7.129679E-2
4.046847E-1	7.129367E-2
4.058230E-1	7.129057E-2
4.069590E-1	7.128731E-2
4.080603E-1	7.128452E-2
4.092348E-1	7.128111E-2
4.103406E-1	7.127748E-2
4.114285E-1	7.127398E-2
4.125275E-1	7.126955E-2
4.136783E-1	7.126537E-2
4.148078E-1	7.126066E-2
4.159043E-1	7.125619E-2
4.169836E-1	7.125275E-2
4.180768E-1	7.124646E-2
4.192058E-1	7.124114E-2
4.203095E-1	7.123607E-2
4.214519E-1	7.122886E-2
4.225254E-1	7.122236E-2
4.236185E-1	7.121600E-2
4.247201E-1	7.120877E-2
4.257841E-1	7.120148E-2
4.268595E-1	7.119238E-2
4.279322E-1	7.118337E-2
4.290292E-1	7.117494E-2
4.306636E-1	7.116938E-2
4.317227E-1	7.115928E-2
4.322446E-1	7.114257E-2
4.333314E-1	7.112925E-2
4.343760E-1	7.111649E-2
4.359424E-1	7.110934E-2
4.364980E-1	7.108398E-2
4.375452E-1	7.106471E-2
4.385447E-1	7.104422E-2
4.396280E-1	7.102154E-2
4.406733E-1	7.099711E-2
4.417214E-1	7.096672E-2
4.432277E-1	7.094969E-2
4.442782E-1	7.091313E-2
4.447778E-1	7.084590E-2
4.457928E-1	7.078739E-2
4.468547E-1	7.071053E-2
4.478478E-1	7.060286E-2
4.488696E-1	7.042743E-2
4.499163E-1	7.015020E-2
4.509050E-1	6.978522E-2
4.519321E-1	6.927421E-2
4.533860E-1	6.893677E-2
4.539012E-1	6.776108E-2
4.548827E-1	6.680832E-2
4.558968E-1	6.544176E-2
4.569132E-1	6.243084E-2
4.578616E-1	6.013331E-2
4.588229E-1	5.871747E-2
4.598293E-1	5.731367E-2
4.607646E-1	5.589275E-2
4.617459E-1	5.444209E-2
4.626797E-1	5.296769E-2
4.636818E-1	5.144078E-2
4.646228E-1	4.983958E-2
4.655752E-1	4.816052E-2
4.665384E-1	4.640885E-2
4.675048E-1	4.454660E-2
4.684122E-1	4.257706E-2
4.693580E-1	4.044332E-2
4.702788E-1	3.811866E-2
4.712575E-1	3.558871E-2
4.721789E-1	3.289667E-2
4.730802E-1	3.010729E-2
4.740185E-1	2.724664E-2
4.749347E-1	2.427855E-2
4.758205E-1	2.125070E-2
4.767382E-1	1.816752E-2
4.776603E-1	1.503988E-2
4.785555E-1	1.187685E-2
4.794686E-1	8.667779E-3
4.803331E-1	5.365887E-3
4.812778E-1	2.029152E-3
4.820884E-1	-1.194449E-3
4.830245E-1	5.528887E+0
4.839832E-1	5.528769E+0
4.848670E-1	5.528676E+0
4.856775E-1	4.256054E-3
4.866927E-1	1.893454E-3
4.875679E-1	-6.749400E-5
4.883939E-1	-7.795020E-4
