-1.571781E-2	2.946957E-1
-1.571764E-2	2.946970E-1
-1.571846E-2	2.946974E-1
-1.571833E-2	2.946975E-1
-1.571818E-2	2.947109E-1
-1.569789E-2	2.947385E-1
-1.569539E-2	2.947415E-1
-1.569156E-2	2.947624E-1
-1.568005E-2	2.947746E-1
-1.566985E-2	2.947937E-1
-1.565612E-2	2.948022E-1
-1.564402E-2	2.948463E-1
-1.563043E-2	2.948738E-1
-1.561695E-2	2.948952E-1
-1.560795E-2	2.949128E-1
-1.559549E-2	2.949477E-1
-1.557942E-2	2.949769E-1
-1.556858E-2	2.949986E-1
-1.554728E-2	2.950443E-1
-1.552896E-2	2.950493E-1
-1.552355E-2	2.950625E-1
-1.552339E-2	2.950630E-1
-1.551417E-2	2.950723E-1
-1.549233E-2	2.951678E-1
-1.545792E-2	2.951957E-1
-1.545262E-2	2.951983E-1
-1.543882E-2	2.952331E-1
-1.541433E-2	2.952507E-1
-1.539458E-2	2.953301E-1
-1.537784E-2	2.953350E-1
-1.536251E-2	2.953628E-1
-1.535958E-2	2.953772E-1
-1.534738E-2	2.954017E-1
-1.532404E-2	2.954550E-1
-1.528718E-2	2.955369E-1
-1.525944E-2	2.955671E-1
-1.520459E-2	2.956314E-1
-1.520546E-2	2.956647E-1
-1.520046E-2	2.956706E-1
-1.518454E-2	2.957185E-1
-1.515909E-2	2.957322E-1
-1.513988E-2	2.957518E-1
-1.514258E-2	2.957795E-1
-1.512181E-2	2.958201E-1
-1.510824E-2	2.958512E-1
-1.509868E-2	2.958610E-1
-1.509234E-2	2.958966E-1
-1.506325E-2	2.959243E-1
-1.504749E-2	2.959723E-1
-1.503006E-2	2.959940E-1
-1.500894E-2	2.960255E-1
-1.499089E-2	2.960682E-1
-1.497360E-2	2.960931E-1
-1.497229E-2	2.961126E-1
-1.495432E-2	2.961296E-1
-1.493976E-2	2.961895E-1
-1.489146E-2	2.962654E-1
-1.488004E-2	2.962688E-1
-1.484988E-2	2.963397E-1
-1.484057E-2	2.963382E-1
-1.484075E-2	2.963395E-1
-1.484050E-2	2.963395E-1
-1.484059E-2	2.963393E-1
-1.484066E-2	2.963684E-1
-1.482058E-2	2.963766E-1
-1.482042E-2	2.963764E-1
-1.482029E-2	2.964124E-1
-1.476247E-2	2.964557E-1
-1.475478E-2	2.965026E-1
-1.475323E-2	2.965231E-1
-1.473348E-2	2.965542E-1
-1.471986E-2	2.965719E-1
-1.471585E-2	2.965729E-1
-1.469756E-2	2.965975E-1
-1.469811E-2	2.966776E-1
-1.465249E-2	2.966943E-1
-1.465182E-2	2.966953E-1
-1.463584E-2	2.967348E-1
-1.462253E-2	2.967485E-1
-1.461114E-2	2.967904E-1
-1.459319E-2	2.968032E-1
-1.459285E-2	2.968115E-1
-1.457511E-2	2.968384E-1
-1.456590E-2	2.968587E-1
-1.454443E-2	2.969076E-1
-1.451338E-2	2.969308E-1
-1.450429E-2	2.969679E-1
-1.448217E-2	2.970540E-1
-1.442760E-2	2.971131E-1
-1.440086E-2	2.972055E-1
-1.435653E-2	2.972420E-1
-1.431554E-2	2.973271E-1
-1.428781E-2	2.973720E-1
-1.426504E-2	2.973763E-1
-1.426261E-2	2.974188E-1
-1.424732E-2	2.974286E-1
-1.422542E-2	2.974846E-1
-1.419529E-2	2.975606E-1
-1.418545E-2	2.975610E-1
-1.416509E-2	2.976006E-1
-1.414671E-2	2.976309E-1
-1.412625E-2	2.976928E-1
-1.409880E-2	2.977779E-1
-1.406828E-2	2.979042E-1
-1.400031E-2	2.979297E-1
-1.396301E-2	2.979800E-1
-1.393774E-2	2.980254E-1
-1.390588E-2	2.980866E-1
-1.388801E-2	2.981179E-1
-1.388247E-2	2.981833E-1
-1.378558E-2	2.983089E-1
-1.378571E-2	2.983097E-1
-1.378582E-2	2.983351E-1
-1.375503E-2	2.983917E-1
-1.373601E-2	2.984236E-1
-1.372004E-2	2.984847E-1
-1.367703E-2	2.985170E-1
-1.367049E-2	2.985259E-1
-1.365302E-2	2.985579E-1
-1.364080E-2	2.985825E-1
-1.362397E-2	2.986007E-1
-1.362132E-2	2.986325E-1
-1.360945E-2	2.986671E-1
-1.359334E-2	2.986941E-1
-1.354948E-2	2.987110E-1
-1.353131E-2	2.987975E-1
-1.350489E-2	2.987981E-1
-1.349549E-2	2.988781E-1
-1.346573E-2	2.989093E-1
-1.346184E-2	2.989184E-1
-1.345153E-2	2.989553E-1
-1.343032E-2	2.989743E-1
-1.342035E-2	2.989985E-1
-1.336819E-2	2.990339E-1
-1.335304E-2	2.991215E-1
-1.332575E-2	2.992095E-1
-1.328449E-2	2.992572E-1
-1.327113E-2	2.992949E-1
-1.324378E-2	2.993426E-1
-1.318743E-2	2.994823E-1
-1.313274E-2	2.995524E-1
-1.310859E-2	2.995767E-1
-1.310686E-2	2.995769E-1
-1.310471E-2	2.996708E-1
-1.301812E-2	2.997045E-1
-1.301912E-2	2.997890E-1
-1.299221E-2	2.998006E-1
-1.297374E-2	2.998348E-1
-1.294636E-2	2.998842E-1
-1.292614E-2	2.999394E-1
-1.289603E-2	2.999961E-1
-1.287057E-2	3.000139E-1
-1.283271E-2	3.000919E-1
-1.281258E-2	3.001643E-1
-1.275987E-2	3.002759E-1
-1.273172E-2	3.003659E-1
-1.268055E-2	3.004117E-1
-1.261757E-2	3.004210E-1
-1.261139E-2	3.005540E-1
-1.258299E-2	3.005733E-1
-1.254228E-2	3.006480E-1
-1.251520E-2	3.007664E-1
-1.244704E-2	3.007816E-1
-1.240997E-2	3.008777E-1
-1.240955E-2	3.009498E-1
-1.236353E-2	3.010673E-1
-1.230827E-2	3.010676E-1
-1.230794E-2	3.010672E-1
-1.229851E-2	3.011105E-1
-1.227710E-2	3.011777E-1
-1.221342E-2	3.012631E-1
-1.218419E-2	3.013455E-1
-1.214246E-2	3.013879E-1
-1.210854E-2	3.014968E-1
-1.204463E-2	3.016075E-1
-1.199152E-2	3.017381E-1
-1.193304E-2	3.018445E-1
-1.183670E-2	3.019693E-1
-1.176122E-2	3.020902E-1
-1.171696E-2	3.021799E-1
-1.167791E-2	3.022714E-1
-1.162454E-2	3.023626E-1
-1.158926E-2	3.024258E-1
-1.158021E-2	3.024271E-1
-1.157974E-2	3.024271E-1
-1.157990E-2	3.024274E-1
-1.158001E-2	3.024275E-1
-1.157992E-2	3.024257E-1
-1.157994E-2	3.024260E-1
-1.157994E-2	3.024279E-1
-1.157990E-2	3.024273E-1
-1.158025E-2	3.024269E-1
-1.157987E-2	3.024276E-1
-1.157979E-2	3.024265E-1
-1.157994E-2	3.024276E-1
-1.158189E-2	3.024015E-1
-1.159484E-2	3.023948E-1
-1.160634E-2	3.023812E-1
-1.162197E-2	3.023638E-1
-1.163732E-2	3.023116E-1
-1.165549E-2	3.022837E-1
-1.166475E-2	3.022616E-1
-1.167017E-2	3.022600E-1
-1.167455E-2	3.022522E-1
-1.168224E-2	3.022249E-1
-1.170227E-2	3.021801E-1
-1.173336E-2	3.021263E-1
-1.174730E-2	3.020738E-1
-1.179471E-2	3.019753E-1
-1.184519E-2	3.019343E-1
-1.185054E-2	3.019018E-1
-1.186840E-2	3.018748E-1
-1.191452E-2	3.017732E-1
-1.193250E-2	3.017719E-1
-1.194414E-2	3.017294E-1
-1.196734E-2	3.016788E-1
-1.200079E-2	3.015944E-1
-1.204945E-2	3.015276E-1
-1.208610E-2	3.014662E-1
-1.211009E-2	3.013886E-1
-1.213693E-2	3.013756E-1
-1.216504E-2	3.013143E-1
-1.219161E-2	3.012646E-1
-1.221051E-2	3.012399E-1
-1.223017E-2	3.011771E-1
-1.226639E-2	3.011191E-1
-1.230538E-2	3.010421E-1
-1.233654E-2	3.010045E-1
-1.234845E-2	3.009682E-1
-1.238524E-2	3.008707E-1
-1.242402E-2	3.008411E-1
-1.245218E-2	3.007629E-1
-1.248586E-2	3.006975E-1
-1.252891E-2	3.006419E-1
-1.255693E-2	3.005772E-1
-1.260066E-2	3.004849E-1
-1.264365E-2	3.003954E-1
-1.267709E-2	3.003486E-1
-1.273479E-2	3.003371E-1
-1.276177E-2	3.001972E-1
-1.279908E-2	3.001037E-1
-1.285304E-2	2.999826E-1
-1.292705E-2	2.998335E-1
-1.300925E-2	2.997367E-1
-1.305930E-2	2.995860E-1
-1.310558E-2	2.995175E-1
-1.320962E-2	2.993356E-1
-1.326802E-2	2.992568E-1
-1.331212E-2	2.991135E-1
-1.340738E-2	2.989229E-1
-1.352585E-2	2.988377E-1
-1.352804E-2	2.987769E-1
-1.353862E-2	2.987765E-1
-1.353796E-2	2.987776E-1
-1.353825E-2	2.987774E-1
-1.353846E-2	2.987778E-1
-1.357342E-2	2.986748E-1
-1.362071E-2	2.986106E-1
-1.365014E-2	2.985185E-1
-1.369962E-2	2.984380E-1
-1.374162E-2	2.983711E-1
-1.377797E-2	2.983118E-1
-1.378950E-2	2.982873E-1
-1.381435E-2	2.982201E-1
-1.386772E-2	2.980975E-1
-1.393389E-2	2.979674E-1
-1.400236E-2	2.978125E-1
-1.410863E-2	2.977746E-1
-1.412126E-2	2.976555E-1
-1.416764E-2	2.975666E-1
-1.421133E-2	2.974667E-1
-1.427268E-2	2.973629E-1
-1.431880E-2	2.972811E-1
-1.435263E-2	2.971778E-1
-1.445001E-2	2.969941E-1
-1.454014E-2	2.968382E-1
-1.466323E-2	2.968059E-1
-1.471671E-2	2.964572E-1
-1.478110E-2	2.963847E-1
-1.484899E-2	2.962738E-1
-1.492330E-2	2.960876E-1
-1.502188E-2	2.959312E-1
-1.511679E-2	2.957752E-1
-1.517888E-2	2.956398E-1
-1.524675E-2	2.955218E-1
-1.531366E-2	2.953877E-1
-1.541574E-2	2.951546E-1
-1.552813E-2	2.950060E-1
-1.557276E-2	2.948534E-1
-1.566458E-2	2.946936E-1
-1.577589E-2	2.944687E-1
-1.587183E-2	2.944689E-1
-1.587336E-2	2.944262E-1
-1.591764E-2	2.944228E-1
-1.593717E-2	2.943023E-1
-1.593726E-2	2.942864E-1
-1.596533E-2	2.941620E-1
-1.601917E-2	2.941516E-1
-1.606017E-2	2.940777E-1
-1.606014E-2	2.940406E-1
-1.609107E-2	2.939591E-1
-1.613099E-2	2.939104E-1
-1.617739E-2	2.938992E-1
-1.617739E-2	2.938318E-1
-1.620946E-2	2.937781E-1
-1.622930E-2	2.936838E-1
-1.629797E-2	2.936037E-1
-1.634674E-2	2.934540E-1
-1.643067E-2	2.933713E-1
-1.645599E-2	2.932837E-1
-1.648984E-2	2.932224E-1
-1.656250E-2	2.930735E-1
-1.664193E-2	2.929231E-1
-1.668770E-2	2.928484E-1
-1.673942E-2	2.927406E-1
-1.684967E-2	2.926939E-1
-1.689614E-2	2.925044E-1
-1.695095E-2	2.924127E-1
-1.696348E-2	2.923368E-1
-1.699305E-2	2.923160E-1
-1.706628E-2	2.920700E-1
-1.721627E-2	2.918639E-1
-1.724480E-2	2.918359E-1
-1.728345E-2	2.917639E-1
-1.731147E-2	2.917050E-1
-1.735143E-2	2.916106E-1
-1.742507E-2	2.914852E-1
-1.747851E-2	2.913747E-1
-1.753755E-2	2.912435E-1
-1.760414E-2	2.911345E-1
-1.764805E-2	2.910429E-1
-1.770296E-2	2.909703E-1
-1.774851E-2	2.909261E-1
-1.777357E-2	2.908233E-1
-1.783982E-2	2.906600E-1
-1.791788E-2	2.905030E-1
-1.799213E-2	2.903943E-1
-1.809565E-2	2.901837E-1
-1.818643E-2	2.900816E-1
-1.825928E-2	2.898465E-1
-1.839580E-2	2.896524E-1
-1.849109E-2	2.894171E-1
-1.861893E-2	2.892190E-1
-1.872273E-2	2.889809E-1
-1.883621E-2	2.887717E-1
-1.897609E-2	2.885772E-1
-1.912175E-2	2.882597E-1
-1.920263E-2	2.880661E-1
-1.930483E-2	2.879431E-1
-1.939081E-2	2.877458E-1
-1.945688E-2	2.875708E-1
-1.961648E-2	2.873150E-1
-1.969564E-2	2.871566E-1
-1.985371E-2	2.868539E-1
-2.000719E-2	2.865488E-1
-2.015188E-2	2.863999E-1
-2.021635E-2	2.862542E-1
-2.028707E-2	2.861432E-1
-2.035724E-2	2.858668E-1
-2.050996E-2	2.857398E-1
-2.064338E-2	2.854167E-1
-2.083975E-2	2.850294E-1
-2.101870E-2	2.847246E-1
-2.112202E-2	2.845840E-1
-2.122093E-2	2.844524E-1
-2.122133E-2	2.843450E-1
-2.127816E-2	2.843444E-1
-2.127818E-2	2.843433E-1
-2.127816E-2	2.843263E-1
-2.131906E-2	2.841198E-1
-2.145655E-2	2.839409E-1
-2.157219E-2	2.837368E-1
-2.169109E-2	2.835262E-1
-2.175881E-2	2.833966E-1
-2.181521E-2	2.832191E-1
-2.198117E-2	2.829392E-1
-2.210595E-2	2.825719E-1
-2.226887E-2	2.824043E-1
-2.243629E-2	2.820732E-1
-2.254253E-2	2.816845E-1
-2.270952E-2	2.813484E-1
-2.297800E-2	2.811567E-1
-2.308264E-2	2.809533E-1
-2.316831E-2	2.806319E-1
-2.327276E-2	2.804642E-1
-2.344044E-2	2.801435E-1
-2.367111E-2	2.796798E-1
-2.382057E-2	2.793826E-1
-2.412082E-2	2.787334E-1
-2.442703E-2	2.783408E-1
-2.456716E-2	2.781821E-1
-2.462552E-2	2.779610E-1
-2.471542E-2	2.777222E-1
-2.490395E-2	2.774675E-1
-2.513863E-2	2.770791E-1
-2.525915E-2	2.768297E-1
-2.533642E-2	2.766347E-1
-2.553320E-2	2.765218E-1
-2.567230E-2	2.758547E-1
-2.589087E-2	2.755592E-1
-2.603699E-2	2.753658E-1
-2.614703E-2	2.750471E-1
-2.638633E-2	2.750373E-1
-2.653096E-2	2.746667E-1
-2.661930E-2	2.742074E-1
-2.678457E-2	2.740003E-1
-2.694516E-2	2.739231E-1
-2.704634E-2	2.733952E-1
-2.734710E-2	2.732021E-1
-2.744377E-2	2.728062E-1
-2.756644E-2	2.727167E-1
-2.767706E-2	2.722322E-1
-2.788945E-2	2.718932E-1
-2.801518E-2	2.717840E-1
-2.816021E-2	2.713350E-1
-2.843046E-2	2.707939E-1
-2.866906E-2	2.703794E-1
-2.889318E-2	2.697765E-1
-2.929129E-2	2.691979E-1
-2.943774E-2	2.690977E-1
-2.958339E-2	2.685667E-1
-2.978885E-2	2.681325E-1
-3.024645E-2	2.672028E-1
-3.064488E-2	2.666490E-1
-3.102808E-2	2.661616E-1
-3.116269E-2	2.659105E-1
-3.116282E-2	2.659120E-1
-3.126058E-2	2.655547E-1
-3.153921E-2	2.647184E-1
-3.189473E-2	2.642149E-1
-3.226807E-2	2.636314E-1
-3.251032E-2	2.628101E-1
-3.301359E-2	2.618989E-1
-3.358207E-2	2.609727E-1
-3.429276E-2	2.605397E-1
-3.438995E-2	2.595673E-1
-3.464327E-2	2.591449E-1
-3.483014E-2	2.584437E-1
-3.528511E-2	2.580815E-1
-3.572547E-2	2.570103E-1
-3.614676E-2	2.564971E-1
-3.648378E-2	2.555270E-1
-3.683035E-2	2.546158E-1
-3.735894E-2	2.541284E-1
-3.772267E-2	2.533950E-1
-3.797196E-2	2.527060E-1
-3.842868E-2	2.521104E-1
-3.911523E-2	2.516242E-1
-3.934360E-2	2.502391E-1
-3.956537E-2	2.498538E-1
-4.000693E-2	2.486547E-1
-4.092589E-2	2.473953E-1
-4.116536E-2	2.470503E-1
-4.140397E-2	2.459041E-1
-4.215273E-2	2.448356E-1
-4.295282E-2	2.435460E-1
-4.320487E-2	2.428685E-1
-4.376419E-2	2.418196E-1
-4.422609E-2	2.409588E-1
-4.502049E-2	2.397174E-1
-4.552634E-2	2.380769E-1
-4.665464E-2	2.365888E-1
-4.734405E-2	2.358273E-1
-4.788641E-2	2.351363E-1
-4.816340E-2	2.328857E-1
-4.930376E-2	2.328842E-1
-4.930550E-2	2.319692E-1
-4.969838E-2	2.310597E-1
-4.995709E-2	2.303309E-1
-5.036179E-2	2.294437E-1
-5.103201E-2	2.281862E-1
-5.187297E-2	2.258942E-1
-5.297483E-2	2.243400E-1
-5.345089E-2	2.243211E-1
-5.390172E-2	2.228134E-1
-5.435233E-2	2.219546E-1
-5.487156E-2	2.216909E-1
-5.487389E-2	2.216883E-1
-5.487437E-2	2.216875E-1
-5.487437E-2	2.216878E-1
-5.533806E-2	2.213765E-1
-5.541108E-2	2.204342E-1
-5.589223E-2	2.197818E-1
-5.663053E-2	2.178110E-1
-5.736425E-2	2.161832E-1
-5.810009E-2	2.151666E-1
-5.961383E-2	2.135190E-1
-5.993109E-2	2.104850E-1
-6.087519E-2	2.104565E-1
-6.087742E-2	2.104450E-1
-6.136259E-2	2.078225E-1
-6.232545E-2	2.068323E-1
-6.341378E-2	2.052895E-1
-6.446958E-2	2.020077E-1
-6.652571E-2	1.996314E-1
-6.714198E-2	1.983486E-1
-6.779983E-2	1.966445E-1
-6.910057E-2	1.933624E-1
-7.282166E-2	1.914678E-1
-7.298860E-2	1.879532E-1
-7.296291E-2	1.879569E-1
-7.394555E-2	1.861179E-1
-7.416418E-2	1.861170E-1
-7.448716E-2	1.832136E-1
-7.738436E-2	1.762513E-1
-7.949113E-2	1.742520E-1
-8.031093E-2	1.741665E-1
-8.125813E-2	1.721185E-1
-8.155538E-2	1.719203E-1
-8.226271E-2	1.705941E-1
-8.319116E-2	1.681670E-1
-8.462564E-2	1.646107E-1
-8.600640E-2	1.621226E-1
-8.704623E-2	1.595051E-1
-8.902549E-2	1.563458E-1
-9.084758E-2	1.533381E-1
-9.286313E-2	1.505447E-1
-9.381282E-2	1.479155E-1
-9.495956E-2	1.457719E-1
-9.676201E-2	1.421221E-1
-9.789630E-2	1.375883E-1
-1.024223E-1	1.285360E-1
-1.055158E-1	1.269820E-1
-1.077226E-1	1.206229E-1
-1.104564E-1	1.198242E-1
-1.114238E-1	1.149816E-1
-1.120199E-1	1.130443E-1
-1.131237E-1	1.114994E-1
-1.139607E-1	1.091687E-1
-1.169430E-1	1.032104E-1
-1.193854E-1	9.799285E-2
-1.221926E-1	9.352301E-2
-1.248429E-1	8.876442E-2
-1.262096E-1	8.386624E-2
-1.288607E-1	8.134841E-2
-1.316510E-1	8.015049E-2
-1.331241E-1	7.042360E-2
-1.363594E-1	6.687373E-2
-1.382002E-1	6.301591E-2
-1.420602E-1	5.656376E-2
-1.449658E-1	5.220000E-2
-1.468552E-1	4.897700E-2
-1.517616E-1	3.965646E-2
-1.560275E-1	3.300997E-2
-1.570482E-1	3.039198E-2
-1.599994E-1	2.845882E-2
-1.614800E-1	1.931069E-2
-1.650542E-1	1.405323E-2
-1.664027E-1	8.674350E-3
-1.691269E-1	4.215245E-3
-1.745783E-1	-3.079319E-3
-1.767540E-1	-8.746747E-3
-1.809421E-1	-1.315375E-2
-1.831548E-1	-1.759360E-2
-1.843157E-1	-2.641731E-2
-1.910294E-1	-2.629411E-2
-1.914263E-1	-3.302174E-2
-1.933969E-1	-4.147315E-2
-1.989169E-1	-5.418934E-2
-2.080021E-1	-6.275711E-2
-2.095576E-1	-6.962556E-2
-2.138366E-1	-8.578117E-2
-2.201027E-1	-9.581111E-2
-2.252594E-1	-9.880176E-2
-2.396517E-1	-1.062861E-1
-2.457360E-1	-1.446360E-1
-2.512584E-1	-1.446200E-1
-2.512522E-1	-1.446134E-1
-2.549644E-1	-1.515371E-1
-2.594777E-1	-1.611093E-1
-2.600915E-1	-1.668486E-1
-2.657570E-1	-1.793927E-1
-2.713220E-1	-1.850589E-1
-2.769973E-1	-1.850548E-1
-2.884275E-1	-2.144642E-1
-2.886939E-1	-2.144474E-1
-2.964035E-1	-2.288305E-1
-2.963958E-1	-2.299219E-1
-3.033886E-1	-2.606804E-1
-3.238523E-1	-2.800041E-1
-3.266425E-1	-2.843078E-1
-3.275955E-1	-2.988968E-1
-3.420106E-1	-3.169987E-1
-3.463875E-1	-3.230621E-1
-3.562485E-1	-3.471439E-1
-3.662126E-1	-3.591246E-1
-3.662575E-1	-3.647379E-1
-3.770738E-1	-3.795143E-1
-3.825451E-1	-4.073606E-1
-3.964177E-1	-4.263847E-1
-4.077014E-1	-4.400686E-1
-4.137368E-1	-4.541590E-1
-4.215426E-1	-4.632009E-1
-4.321986E-1	-4.923741E-1
-4.503077E-1	-5.299065E-1
-4.587855E-1	-5.578565E-1
-4.797025E-1	-5.707496E-1
-4.796749E-1	-5.707314E-1
-4.796733E-1	-5.888992E-1
-4.948885E-1	-6.310451E-1
-5.214386E-1	-6.680038E-1
-5.397412E-1	-6.827605E-1
-5.397313E-1	-6.840930E-1
-5.398281E-1	-6.622533E-1
-5.181058E-1	-6.109866E-1
-5.012635E-1	-6.110337E-1
-5.012730E-1	-6.077153E-1
-5.016373E-1	-5.904481E-1
-5.250590E-1	-6.553715E-1
-5.250291E-1	-6.553174E-1
-5.250863E-1	-6.323940E-1
-4.887034E-1	-5.890742E-1
-4.887139E-1	-5.875882E-1
-4.942666E-1	-6.089293E-1
-5.142372E-1	-6.636201E-1
-5.610073E-1	-7.280172E-1
-5.639596E-1	-7.279799E-1
-5.646800E-1	-6.975021E-1
-5.216075E-1	-6.498551E-1
-5.216473E-1	-6.466053E-1
-5.107034E-1	-5.858773E-1
-4.871562E-1	-5.846917E-1
-4.871758E-1	-5.847222E-1
-4.871545E-1	-5.846634E-1
-4.742757E-1	-5.516384E-1
-4.536070E-1	-5.215034E-1
-4.472947E-1	-5.064157E-1
-4.452318E-1	-5.063902E-1
-4.415476E-1	-4.982767E-1
-4.329204E-1	-4.572403E-1
-4.155303E-1	-4.510654E-1
-4.155394E-1	-4.407130E-1
-4.056985E-1	-4.327239E-1
-4.056145E-1	-4.122115E-1
-3.833554E-1	-3.880900E-1
-3.817858E-1	-3.754163E-1
-3.690649E-1	-3.622202E-1
-3.621657E-1	-3.465697E-1
-3.483493E-1	-3.391314E-1
-3.483534E-1	-3.172740E-1
-3.340592E-1	-3.142704E-1
-3.291826E-1	-2.964296E-1
-3.263699E-1	-2.543983E-1
-3.105955E-1	-2.553455E-1
-3.106313E-1	-2.480848E-1
-3.045428E-1	-2.379135E-1
-2.981343E-1	-2.294287E-1
-2.881676E-1	-2.134582E-1
-2.881705E-1	-2.073719E-1
-2.844732E-1	-1.987433E-1
-2.793481E-1	-1.805215E-1
-2.691420E-1	-1.779860E-1
-2.644789E-1	-1.682322E-1
-2.605328E-1	-1.515758E-1
-2.549581E-1	-1.514020E-1
-2.491175E-1	-1.509891E-1
-2.449289E-1	-1.283624E-1
-2.385450E-1	-1.210268E-1
-2.363371E-1	-1.096106E-1
-2.277099E-1	-8.569600E-2
-2.194368E-1	-8.554084E-2
-2.183586E-1	-8.318263E-2
-2.183206E-1	-8.332322E-2
-2.141508E-1	-7.537372E-2
-2.141309E-1	-7.535706E-2
-2.137938E-1	-7.206494E-2
-2.088190E-1	-5.569451E-2
-1.974966E-1	-3.267950E-2
-1.912801E-1	-3.274823E-2
-1.912878E-1	-3.275650E-2
-1.912899E-1	-3.276159E-2
-1.907416E-1	-2.169359E-2
-1.794855E-1	-6.473644E-3
-1.772634E-1	-6.814485E-3
-1.730801E-1	7.425368E-3
-1.626436E-1	3.520787E-2
-1.415506E-1	9.135793E-2
-1.125295E-1	1.230442E-1
-1.077659E-1	1.230325E-1
-1.077709E-1	1.230254E-1
-1.077727E-1	1.230214E-1
-1.077751E-1	1.230195E-1
-1.077769E-1	1.230186E-1
