-3.000000E+5	-3.000000E+5	1.970239E-1	6.655567E-3
-2.850000E+5	-3.000000E+5	2.136087E-1	4.324092E-3
-2.700000E+5	-3.000000E+5	2.298061E-1	4.742188E-3
-2.550000E+5	-3.000000E+5	2.516123E-1	4.414392E-3
-2.400000E+5	-3.000000E+5	2.610158E-1	6.872633E-3
-2.250000E+5	-3.000000E+5	2.816002E-1	4.377297E-3
-2.100000E+5	-3.000000E+5	2.928720E-1	3.956334E-3
-1.950000E+5	-3.000000E+5	2.988806E-1	5.856237E-3
-1.800000E+5	-3.000000E+5	3.232873E-1	4.266225E-3
-1.650000E+5	-3.000000E+5	3.384781E-1	6.364973E-3
-1.500000E+5	-3.000000E+5	3.423053E-1	4.537808E-3
-1.350000E+5	-3.000000E+5	3.514019E-1	4.223841E-3
-1.200000E+5	-3.000000E+5	3.557758E-1	4.196679E-3
-1.050000E+5	-3.000000E+5	3.626675E-1	5.458369E-3
-9.000000E+4	-3.000000E+5	3.711042E-1	4.377400E-3
-7.500000E+4	-3.000000E+5	3.740800E-1	4.280444E-3
-6.000000E+4	-3.000000E+5	3.792972E-1	5.581780E-3
-4.500000E+4	-3.000000E+5	3.737557E-1	4.506986E-3
-3.000000E+4	-3.000000E+5	3.756688E-1	4.189831E-3
-1.500000E+4	-3.000000E+5	3.758830E-1	4.117612E-3
0.000000E+0	-3.000000E+5	3.659094E-1	4.496986E-3
1.500000E+4	-3.000000E+5	3.521270E-1	3.876922E-3
3.000000E+4	-3.000000E+5	3.440420E-1	7.269744E-3
4.500000E+4	-3.000000E+5	3.283689E-1	4.607963E-3
6.000000E+4	-3.000000E+5	3.138195E-1	5.660039E-3
7.500000E+4	-3.000000E+5	2.991488E-1	5.104381E-3
9.000000E+4	-3.000000E+5	2.842966E-1	5.689153E-3
1.050000E+5	-3.000000E+5	2.667347E-1	4.345023E-3
1.200000E+5	-3.000000E+5	2.550163E-1	3.773658E-3
1.350000E+5	-3.000000E+5	2.493830E-1	4.478581E-3
1.500000E+5	-3.000000E+5	2.337221E-1	3.796961E-3
1.650000E+5	-3.000000E+5	2.242462E-1	6.505805E-3
1.800000E+5	-3.000000E+5	2.188474E-1	4.994842E-3
1.950000E+5	-3.000000E+5	2.138351E-1	7.521167E-3
2.100000E+5	-3.000000E+5	2.059124E-1	5.224861E-3
2.250000E+5	-3.000000E+5	1.897813E-1	7.892736E-3
2.400000E+5	-3.000000E+5	1.922329E-1	4.695450E-3
2.550000E+5	-3.000000E+5	1.802871E-1	5.398493E-3
2.700000E+5	-3.000000E+5	1.731404E-1	3.806386E-3
2.850000E+5	-3.000000E+5	1.699158E-1	5.080449E-3
3.000000E+5	-3.000000E+5	1.497657E-1	5.288013E-3
-3.000000E+5	-2.850000E+5	2.040604E-1	5.925188E-3
-2.850000E+5	-2.850000E+5	2.246215E-1	7.479346E-3
-2.700000E+5	-2.850000E+5	2.397898E-1	5.794283E-3
-2.550000E+5	-2.850000E+5	2.653764E-1	4.712172E-3
-2.400000E+5	-2.850000E+5	2.929352E-1	3.930013E-3
-2.250000E+5	-2.850000E+5	3.132291E-1	4.460470E-3
-2.100000E+5	-2.850000E+5	3.300342E-1	4.691771E-3
-1.950000E+5	-2.850000E+5	3.500751E-1	4.225077E-3
-1.800000E+5	-2.850000E+5	3.754465E-1	4.820219E-3
-1.650000E+5	-2.850000E+5	3.763307E-1	5.087374E-3
-1.500000E+5	-2.850000E+5	3.984265E-1	5.096705E-3
-1.350000E+5	-2.850000E+5	4.109159E-1	4.347733E-3
-1.200000E+5	-2.850000E+5	4.013217E-1	4.966504E-3
-1.050000E+5	-2.850000E+5	4.113921E-1	4.331221E-3
-9.000000E+4	-2.850000E+5	4.164289E-1	5.126054E-3
-7.500000E+4	-2.850000E+5	4.245382E-1	8.534670E-3
-6.000000E+4	-2.850000E+5	4.156385E-1	4.800543E-3
-4.500000E+4	-2.850000E+5	4.203907E-1	4.200487E-3
-3.000000E+4	-2.850000E+5	4.120550E-1	4.390282E-3
-1.500000E+4	-2.850000E+5	4.115410E-1	4.318190E-3
0.000000E+0	-2.850000E+5	3.960300E-1	4.202484E-3
1.500000E+4	-2.850000E+5	3.957638E-1	3.983439E-3
3.000000E+4	-2.850000E+5	3.788128E-1	4.693452E-3
4.500000E+4	-2.850000E+5	3.599702E-1	6.963969E-3
6.000000E+4	-2.850000E+5	3.525491E-1	3.965944E-3
7.500000E+4	-2.850000E+5	3.356665E-1	4.215954E-3
9.000000E+4	-2.850000E+5	3.224888E-1	4.505978E-3
1.050000E+5	-2.850000E+5	3.046628E-1	6.207774E-3
1.200000E+5	-2.850000E+5	2.920766E-1	4.084211E-3
1.350000E+5	-2.850000E+5	2.660831E-1	4.319895E-3
1.500000E+5	-2.850000E+5	2.595993E-1	4.526308E-3
1.650000E+5	-2.850000E+5	2.522690E-1	4.839265E-3
1.800000E+5	-2.850000E+5	2.386670E-1	5.049426E-3
1.950000E+5	-2.850000E+5	2.335538E-1	3.836535E-3
2.100000E+5	-2.850000E+5	2.178123E-1	5.262806E-3
2.250000E+5	-2.850000E+5	2.194725E-1	7.669989E-3
2.400000E+5	-2.850000E+5	2.010520E-1	5.113564E-3
2.550000E+5	-2.850000E+5	1.944540E-1	4.313036E-3
2.700000E+5	-2.850000E+5	1.901943E-1	6.470343E-3
2.850000E+5	-2.850000E+5	1.739113E-1	4.383550E-3
3.000000E+5	-2.850000E+5	1.586277E-1	4.975943E-3
-3.000000E+5	-2.700000E+5	2.217375E-1	5.059322E-3
-2.850000E+5	-2.700000E+5	2.526310E-1	4.276575E-3
-2.700000E+5	-2.700000E+5	2.759108E-1	4.192798E-3
-2.550000E+5	-2.700000E+5	2.936746E-1	4.165687E-3
-2.400000E+5	-2.700000E+5	3.287054E-1	5.206008E-3
-2.250000E+5	-2.700000E+5	3.523126E-1	3.873870E-3
-2.100000E+5	-2.700000E+5	3.865439E-1	4.400351E-3
-1.950000E+5	-2.700000E+5	4.104835E-1	4.213685E-3
-1.800000E+5	-2.700000E+5	4.288265E-1	4.691286E-3
-1.650000E+5	-2.700000E+5	4.409140E-1	5.239389E-3
-1.500000E+5	-2.700000E+5	4.542784E-1	4.430596E-3
-1.350000E+5	-2.700000E+5	4.601799E-1	5.460945E-3
-1.200000E+5	-2.700000E+5	4.708062E-1	4.183972E-3
-1.050000E+5	-2.700000E+5	4.739746E-1	5.010911E-3
-9.000000E+4	-2.700000E+5	4.700882E-1	4.130221E-3
-7.500000E+4	-2.700000E+5	4.706562E-1	4.167433E-3
-6.000000E+4	-2.700000E+5	4.700719E-1	4.102559E-3
-4.500000E+4	-2.700000E+5	4.656317E-1	4.789338E-3
-3.000000E+4	-2.700000E+5	4.640878E-1	7.054035E-3
-1.500000E+4	-2.700000E+5	4.645028E-1	5.594198E-3
0.000000E+0	-2.700000E+5	4.467452E-1	4.344422E-3
1.500000E+4	-2.700000E+5	4.389764E-1	3.840128E-3
3.000000E+4	-2.700000E+5	4.306152E-1	4.381718E-3
4.500000E+4	-2.700000E+5	4.136489E-1	4.560687E-3
6.000000E+4	-2.700000E+5	3.955772E-1	6.763644E-3
7.500000E+4	-2.700000E+5	3.763827E-1	4.059910E-3
9.000000E+4	-2.700000E+5	3.548743E-1	5.208708E-3
1.050000E+5	-2.700000E+5	3.389349E-1	4.625033E-3
1.200000E+5	-2.700000E+5	3.300689E-1	4.980427E-3
1.350000E+5	-2.700000E+5	3.041652E-1	7.311799E-3
1.500000E+5	-2.700000E+5	2.864198E-1	7.043839E-3
1.650000E+5	-2.700000E+5	2.741109E-1	4.067049E-3
1.800000E+5	-2.700000E+5	2.553824E-1	4.003548E-3
1.950000E+5	-2.700000E+5	2.337302E-1	7.170859E-3
2.100000E+5	-2.700000E+5	2.347408E-1	4.148494E-3
2.250000E+5	-2.700000E+5	2.300804E-1	5.401399E-3
2.400000E+5	-2.700000E+5	2.184507E-1	5.149743E-3
2.550000E+5	-2.700000E+5	2.072401E-1	4.207815E-3
2.700000E+5	-2.700000E+5	1.931895E-1	5.256301E-3
2.850000E+5	-2.700000E+5	1.779232E-1	5.790249E-3
3.000000E+5	-2.700000E+5	1.681230E-1	5.993068E-3
-3.000000E+5	-2.550000E+5	2.460646E-1	5.966444E-3
-2.850000E+5	-2.550000E+5	2.726903E-1	4.088012E-3
-2.700000E+5	-2.550000E+5	3.034635E-1	5.962192E-3
-2.550000E+5	-2.550000E+5	3.336616E-1	4.195792E-3
-2.400000E+5	-2.550000E+5	3.566252E-1	4.642285E-3
-2.250000E+5	-2.550000E+5	3.924342E-1	5.794500E-3
-2.100000E+5	-2.550000E+5	4.318583E-1	4.484246E-3
-1.950000E+5	-2.550000E+5	4.644559E-1	5.784980E-3
-1.800000E+5	-2.550000E+5	4.710366E-1	4.154057E-3
-1.650000E+5	-2.550000E+5	4.992237E-1	4.232903E-3
-1.500000E+5	-2.550000E+5	5.072769E-1	4.338316E-3
-1.350000E+5	-2.550000E+5	5.119333E-1	4.536222E-3
-1.200000E+5	-2.550000E+5	5.108177E-1	4.330304E-3
-1.050000E+5	-2.550000E+5	5.150651E-1	4.312399E-3
-9.000000E+4	-2.550000E+5	5.168477E-1	4.234595E-3
-7.500000E+4	-2.550000E+5	5.211502E-1	4.003857E-3
-6.000000E+4	-2.550000E+5	5.183661E-1	4.504359E-3
-4.500000E+4	-2.550000E+5	5.131581E-1	4.356177E-3
-3.000000E+4	-2.550000E+5	5.252497E-1	5.203283E-3
-1.500000E+4	-2.550000E+5	5.117518E-1	4.296214E-3
0.000000E+0	-2.550000E+5	5.042002E-1	4.148820E-3
1.500000E+4	-2.550000E+5	4.941512E-1	4.904692E-3
3.000000E+4	-2.550000E+5	4.780365E-1	4.488708E-3
4.500000E+4	-2.550000E+5	4.544018E-1	4.284801E-3
6.000000E+4	-2.550000E+5	4.407050E-1	4.200254E-3
7.500000E+4	-2.550000E+5	4.218205E-1	8.357453E-3
9.000000E+4	-2.550000E+5	4.111433E-1	4.324116E-3
1.050000E+5	-2.550000E+5	3.840168E-1	5.067732E-3
1.200000E+5	-2.550000E+5	3.733570E-1	6.265004E-3
1.350000E+5	-2.550000E+5	3.476317E-1	5.586452E-3
1.500000E+5	-2.550000E+5	3.368872E-1	6.350596E-3
1.650000E+5	-2.550000E+5	3.073897E-1	5.084387E-3
1.800000E+5	-2.550000E+5	2.871530E-1	5.467126E-3
1.950000E+5	-2.550000E+5	2.682002E-1	4.252814E-3
2.100000E+5	-2.550000E+5	2.511493E-1	4.094016E-3
2.250000E+5	-2.550000E+5	2.458423E-1	7.155247E-3
2.400000E+5	-2.550000E+5	2.347623E-1	3.952633E-3
2.550000E+5	-2.550000E+5	2.120434E-1	5.676974E-3
2.700000E+5	-2.550000E+5	2.167466E-1	4.560998E-3
2.850000E+5	-2.550000E+5	1.879375E-1	6.111260E-3
3.000000E+5	-2.550000E+5	1.753197E-1	4.246690E-3
-3.000000E+5	-2.400000E+5	2.649919E-1	6.134266E-3
-2.850000E+5	-2.400000E+5	3.060273E-1	4.629757E-3
-2.700000E+5	-2.400000E+5	3.301341E-1	4.627430E-3
-2.550000E+5	-2.400000E+5	3.646561E-1	6.262848E-3
-2.400000E+5	-2.400000E+5	4.083113E-1	5.615327E-3
-2.250000E+5	-2.400000E+5	4.393609E-1	3.901374E-3
-2.100000E+5	-2.400000E+5	4.707705E-1	4.120758E-3
-1.950000E+5	-2.400000E+5	5.064662E-1	4.383342E-3
-1.800000E+5	-2.400000E+5	5.287293E-1	4.324687E-3
-1.650000E+5	-2.400000E+5	5.417683E-1	7.282098E-3
-1.500000E+5	-2.400000E+5	5.526566E-1	5.972196E-3
-1.350000E+5	-2.400000E+5	5.541068E-1	4.740339E-3
-1.200000E+5	-2.400000E+5	5.602877E-1	4.622118E-3
-1.050000E+5	-2.400000E+5	5.614248E-1	4.299850E-3
-9.000000E+4	-2.400000E+5	5.651368E-1	5.188058E-3
-7.500000E+4	-2.400000E+5	5.645005E-1	4.136111E-3
-6.000000E+4	-2.400000E+5	5.685817E-1	7.362042E-3
-4.500000E+4	-2.400000E+5	5.654785E-1	5.291382E-3
-3.000000E+4	-2.400000E+5	5.687377E-1	4.499196E-3
-1.500000E+4	-2.400000E+5	5.652266E-1	4.324694E-3
0.000000E+0	-2.400000E+5	5.590966E-1	3.929498E-3
1.500000E+4	-2.400000E+5	5.497043E-1	4.874416E-3
3.000000E+4	-2.400000E+5	5.301233E-1	4.317469E-3
4.500000E+4	-2.400000E+5	5.187027E-1	7.337822E-3
6.000000E+4	-2.400000E+5	4.867445E-1	7.114833E-3
7.500000E+4	-2.400000E+5	4.704992E-1	4.162709E-3
9.000000E+4	-2.400000E+5	4.464484E-1	5.836629E-3
1.050000E+5	-2.400000E+5	4.273773E-1	1.041723E-2
1.200000E+5	-2.400000E+5	4.043861E-1	5.791005E-3
1.350000E+5	-2.400000E+5	3.922659E-1	4.690497E-3
1.500000E+5	-2.400000E+5	3.585017E-1	5.682997E-3
1.650000E+5	-2.400000E+5	3.531671E-1	5.513004E-3
1.800000E+5	-2.400000E+5	3.177223E-1	4.319060E-3
1.950000E+5	-2.400000E+5	2.932850E-1	7.921246E-3
2.100000E+5	-2.400000E+5	2.812025E-1	5.411675E-3
2.250000E+5	-2.400000E+5	2.573598E-1	5.196219E-3
2.400000E+5	-2.400000E+5	2.345971E-1	4.156357E-3
2.550000E+5	-2.400000E+5	2.337884E-1	3.772688E-3
2.700000E+5	-2.400000E+5	2.210216E-1	6.060274E-3
2.850000E+5	-2.400000E+5	2.018220E-1	6.765534E-3
3.000000E+5	-2.400000E+5	1.927928E-1	5.231592E-3
-3.000000E+5	-2.250000E+5	2.924212E-1	3.996833E-3
-2.850000E+5	-2.250000E+5	3.280986E-1	4.637990E-3
-2.700000E+5	-2.250000E+5	3.577786E-1	5.402304E-3
-2.550000E+5	-2.250000E+5	4.031512E-1	5.629635E-3
-2.400000E+5	-2.250000E+5	4.418115E-1	4.471881E-3
-2.250000E+5	-2.250000E+5	4.757572E-1	6.253211E-3
-2.100000E+5	-2.250000E+5	5.126839E-1	4.849926E-3
-1.950000E+5	-2.250000E+5	5.503906E-1	4.586089E-3
-1.800000E+5	-2.250000E+5	5.777496E-1	5.264417E-3
-1.650000E+5	-2.250000E+5	5.885319E-1	4.209257E-3
-1.500000E+5	-2.250000E+5	5.895812E-1	4.376677E-3
-1.350000E+5	-2.250000E+5	6.040153E-1	5.272991E-3
-1.200000E+5	-2.250000E+5	6.064241E-1	5.388671E-3
-1.050000E+5	-2.250000E+5	6.149689E-1	4.542612E-3
-9.000000E+4	-2.250000E+5	6.170778E-1	4.151635E-3
-7.500000E+4	-2.250000E+5	6.255105E-1	4.382939E-3
-6.000000E+4	-2.250000E+5	6.338167E-1	8.278890E-3
-4.500000E+4	-2.250000E+5	6.462194E-1	4.031546E-3
-3.000000E+4	-2.250000E+5	6.407339E-1	6.616363E-3
-1.500000E+4	-2.250000E+5	6.387219E-1	7.324271E-3
0.000000E+0	-2.250000E+5	6.289074E-1	6.989202E-3
1.500000E+4	-2.250000E+5	6.158888E-1	4.298856E-3
3.000000E+4	-2.250000E+5	5.930047E-1	4.526067E-3
4.500000E+4	-2.250000E+5	5.674446E-1	5.402058E-3
6.000000E+4	-2.250000E+5	5.507160E-1	7.492367E-3
7.500000E+4	-2.250000E+5	5.303885E-1	4.740758E-3
9.000000E+4	-2.250000E+5	5.041788E-1	4.093517E-3
1.050000E+5	-2.250000E+5	4.799741E-1	4.869352E-3
1.200000E+5	-2.250000E+5	4.654125E-1	6.320028E-3
1.350000E+5	-2.250000E+5	4.357223E-1	6.150719E-3
1.500000E+5	-2.250000E+5	4.107680E-1	4.324635E-3
1.650000E+5	-2.250000E+5	3.848765E-1	6.052731E-3
1.800000E+5	-2.250000E+5	3.522575E-1	3.850637E-3
1.950000E+5	-2.250000E+5	3.302891E-1	5.051925E-3
2.100000E+5	-2.250000E+5	3.085798E-1	4.772568E-3
2.250000E+5	-2.250000E+5	2.884165E-1	6.150310E-3
2.400000E+5	-2.250000E+5	2.711912E-1	4.047193E-3
2.550000E+5	-2.250000E+5	2.463308E-1	5.501018E-3
2.700000E+5	-2.250000E+5	2.306188E-1	5.047008E-3
2.850000E+5	-2.250000E+5	2.140829E-1	4.680308E-3
3.000000E+5	-2.250000E+5	1.952331E-1	4.700224E-3
-3.000000E+5	-2.100000E+5	3.130995E-1	4.123220E-3
-2.850000E+5	-2.100000E+5	3.501445E-1	4.806480E-3
-2.700000E+5	-2.100000E+5	3.904793E-1	4.722238E-3
-2.550000E+5	-2.100000E+5	4.312536E-1	5.171780E-3
-2.400000E+5	-2.100000E+5	4.705889E-1	4.170057E-3
-2.250000E+5	-2.100000E+5	5.153945E-1	4.545846E-3
-2.100000E+5	-2.100000E+5	5.593546E-1	4.076942E-3
-1.950000E+5	-2.100000E+5	5.865749E-1	4.557214E-3
-1.800000E+5	-2.100000E+5	6.153483E-1	4.292760E-3
-1.650000E+5	-2.100000E+5	6.308532E-1	4.604123E-3
-1.500000E+5	-2.100000E+5	6.380407E-1	5.089530E-3
-1.350000E+5	-2.100000E+5	6.485822E-1	3.905965E-3
-1.200000E+5	-2.100000E+5	6.675473E-1	5.113083E-3
-1.050000E+5	-2.100000E+5	6.793830E-1	3.992242E-3
-9.000000E+4	-2.100000E+5	6.906282E-1	4.419566E-3
-7.500000E+4	-2.100000E+5	7.005090E-1	7.293827E-3
-6.000000E+4	-2.100000E+5	7.073630E-1	4.291486E-3
-4.500000E+4	-2.100000E+5	7.136653E-1	7.355676E-3
-3.000000E+4	-2.100000E+5	7.165187E-1	4.530144E-3
-1.500000E+4	-2.100000E+5	7.249024E-1	4.189415E-3
0.000000E+0	-2.100000E+5	7.155723E-1	5.162513E-3
1.500000E+4	-2.100000E+5	7.026118E-1	5.073391E-3
3.000000E+4	-2.100000E+5	6.784438E-1	4.175333E-3
4.500000E+4	-2.100000E+5	6.474513E-1	4.233388E-3
6.000000E+4	-2.100000E+5	6.256176E-1	5.409922E-3
7.500000E+4	-2.100000E+5	5.943742E-1	4.524809E-3
9.000000E+4	-2.100000E+5	5.671570E-1	4.494742E-3
1.050000E+5	-2.100000E+5	5.302386E-1	4.351658E-3
1.200000E+5	-2.100000E+5	5.033497E-1	4.429722E-3
1.350000E+5	-2.100000E+5	4.833904E-1	5.718280E-3
1.500000E+5	-2.100000E+5	4.549943E-1	5.076265E-3
1.650000E+5	-2.100000E+5	4.178362E-1	6.347600E-3
1.800000E+5	-2.100000E+5	3.988385E-1	4.904666E-3
1.950000E+5	-2.100000E+5	3.609155E-1	5.900643E-3
2.100000E+5	-2.100000E+5	3.356991E-1	4.104960E-3
2.250000E+5	-2.100000E+5	3.186146E-1	4.191480E-3
2.400000E+5	-2.100000E+5	2.895638E-1	5.231833E-3
2.550000E+5	-2.100000E+5	2.655294E-1	4.531837E-3
2.700000E+5	-2.100000E+5	2.376697E-1	5.002625E-3
2.850000E+5	-2.100000E+5	2.168619E-1	4.177456E-3
3.000000E+5	-2.100000E+5	2.104147E-1	4.127851E-3
-3.000000E+5	-1.950000E+5	3.519679E-1	3.939053E-3
-2.850000E+5	-1.950000E+5	3.870528E-1	5.057442E-3
-2.700000E+5	-1.950000E+5	4.163921E-1	4.778990E-3
-2.550000E+5	-1.950000E+5	4.696936E-1	4.229473E-3
-2.400000E+5	-1.950000E+5	5.145552E-1	4.268630E-3
-2.250000E+5	-1.950000E+5	5.622631E-1	5.641266E-3
-2.100000E+5	-1.950000E+5	5.911935E-1	5.215248E-3
-1.950000E+5	-1.950000E+5	6.255074E-1	4.409451E-3
-1.800000E+5	-1.950000E+5	6.502333E-1	4.762840E-3
-1.650000E+5	-1.950000E+5	6.766704E-1	4.536034E-3
-1.500000E+5	-1.950000E+5	6.852407E-1	4.432671E-3
-1.350000E+5	-1.950000E+5	6.988783E-1	4.350907E-3
-1.200000E+5	-1.950000E+5	7.081442E-1	4.431502E-3
-1.050000E+5	-1.950000E+5	7.450035E-1	6.133833E-3
-9.000000E+4	-1.950000E+5	7.662896E-1	4.004327E-3
-7.500000E+4	-1.950000E+5	7.815599E-1	4.614672E-3
-6.000000E+4	-1.950000E+5	7.970873E-1	4.379324E-3
-4.500000E+4	-1.950000E+5	8.048081E-1	3.994067E-3
-3.000000E+4	-1.950000E+5	8.198643E-1	4.810426E-3
-1.500000E+4	-1.950000E+5	8.088077E-1	4.059209E-3
0.000000E+0	-1.950000E+5	8.072138E-1	3.901419E-3
1.500000E+4	-1.950000E+5	7.932192E-1	4.552570E-3
3.000000E+4	-1.950000E+5	7.627193E-1	4.501895E-3
4.500000E+4	-1.950000E+5	7.270450E-1	4.107539E-3
6.000000E+4	-1.950000E+5	6.934663E-1	4.758864E-3
7.500000E+4	-1.950000E+5	6.536425E-1	4.688882E-3
9.000000E+4	-1.950000E+5	6.238350E-1	4.580911E-3
1.050000E+5	-1.950000E+5	5.800013E-1	5.202402E-3
1.200000E+5	-1.950000E+5	5.502163E-1	4.584968E-3
1.350000E+5	-1.950000E+5	5.165489E-1	4.986472E-3
1.500000E+5	-1.950000E+5	4.885903E-1	4.820920E-3
1.650000E+5	-1.950000E+5	4.547893E-1	6.144392E-3
1.800000E+5	-1.950000E+5	4.238540E-1	4.460619E-3
1.950000E+5	-1.950000E+5	3.924464E-1	4.021757E-3
2.100000E+5	-1.950000E+5	3.652965E-1	5.140926E-3
2.250000E+5	-1.950000E+5	3.398650E-1	6.541280E-3
2.400000E+5	-1.950000E+5	3.009345E-1	7.034546E-3
2.550000E+5	-1.950000E+5	2.750440E-1	3.962623E-3
2.700000E+5	-1.950000E+5	2.548960E-1	4.824326E-3
2.850000E+5	-1.950000E+5	2.331887E-1	3.788659E-3
3.000000E+5	-1.950000E+5	2.142461E-1	5.123129E-3
-3.000000E+5	-1.800000E+5	3.539677E-1	4.119424E-3
-2.850000E+5	-1.800000E+5	4.058047E-1	5.778048E-3
-2.700000E+5	-1.800000E+5	4.469369E-1	4.530557E-3
-2.550000E+5	-1.800000E+5	4.958889E-1	4.532782E-3
-2.400000E+5	-1.800000E+5	5.403233E-1	4.350249E-3
-2.250000E+5	-1.800000E+5	5.855092E-1	4.513603E-3
-2.100000E+5	-1.800000E+5	6.215496E-1	4.581626E-3
-1.950000E+5	-1.800000E+5	6.500191E-1	4.391498E-3
-1.800000E+5	-1.800000E+5	6.842627E-1	4.642756E-3
-1.650000E+5	-1.800000E+5	7.072274E-1	4.255511E-3
-1.500000E+5	-1.800000E+5	7.380189E-1	5.105746E-3
-1.350000E+5	-1.800000E+5	7.640522E-1	4.784636E-3
-1.200000E+5	-1.800000E+5	7.924401E-1	5.333521E-3
-1.050000E+5	-1.800000E+5	8.102569E-1	5.528516E-3
-9.000000E+4	-1.800000E+5	8.413921E-1	5.569798E-3
-7.500000E+4	-1.800000E+5	8.748647E-1	6.141592E-3
-6.000000E+4	-1.800000E+5	9.039869E-1	4.614123E-3
-4.500000E+4	-1.800000E+5	9.251394E-1	4.435146E-3
-3.000000E+4	-1.800000E+5	9.297274E-1	5.262772E-3
-1.500000E+4	-1.800000E+5	9.429439E-1	4.342094E-3
0.000000E+0	-1.800000E+5	9.250170E-1	4.347917E-3
1.500000E+4	-1.800000E+5	9.042602E-1	5.614635E-3
3.000000E+4	-1.800000E+5	8.663709E-1	4.610185E-3
4.500000E+4	-1.800000E+5	8.268560E-1	3.916422E-3
6.000000E+4	-1.800000E+5	7.889453E-1	4.934123E-3
7.500000E+4	-1.800000E+5	7.442162E-1	4.399234E-3
9.000000E+4	-1.800000E+5	7.061647E-1	4.411110E-3
1.050000E+5	-1.800000E+5	6.485884E-1	3.993593E-3
1.200000E+5	-1.800000E+5	6.117841E-1	4.436556E-3
1.350000E+5	-1.800000E+5	5.719980E-1	4.448410E-3
1.500000E+5	-1.800000E+5	5.303987E-1	4.289740E-3
1.650000E+5	-1.800000E+5	5.017772E-1	5.342132E-3
1.800000E+5	-1.800000E+5	4.704349E-1	4.109134E-3
1.950000E+5	-1.800000E+5	4.252031E-1	7.436122E-3
2.100000E+5	-1.800000E+5	3.947970E-1	4.776788E-3
2.250000E+5	-1.800000E+5	3.698866E-1	4.444112E-3
2.400000E+5	-1.800000E+5	3.380569E-1	4.669194E-3
2.550000E+5	-1.800000E+5	2.992202E-1	5.545687E-3
2.700000E+5	-1.800000E+5	2.674649E-1	4.778337E-3
2.850000E+5	-1.800000E+5	2.417743E-1	6.735692E-3
3.000000E+5	-1.800000E+5	2.307494E-1	4.284050E-3
-3.000000E+5	-1.650000E+5	3.850173E-1	5.264921E-3
-2.850000E+5	-1.650000E+5	4.338092E-1	4.179690E-3
-2.700000E+5	-1.650000E+5	4.751872E-1	5.087871E-3
-2.550000E+5	-1.650000E+5	5.295757E-1	4.366801E-3
-2.400000E+5	-1.650000E+5	5.831392E-1	5.032831E-3
-2.250000E+5	-1.650000E+5	6.213977E-1	4.902561E-3
-2.100000E+5	-1.650000E+5	6.708280E-1	6.473707E-3
-1.950000E+5	-1.650000E+5	7.029167E-1	5.391065E-3
-1.800000E+5	-1.650000E+5	7.294680E-1	4.180499E-3
-1.650000E+5	-1.650000E+5	7.602106E-1	4.396533E-3
-1.500000E+5	-1.650000E+5	7.924146E-1	4.615579E-3
-1.350000E+5	-1.650000E+5	8.262666E-1	3.803345E-3
-1.200000E+5	-1.650000E+5	8.679138E-1	4.812756E-3
-1.050000E+5	-1.650000E+5	9.123053E-1	4.334667E-3
-9.000000E+4	-1.650000E+5	9.468048E-1	4.538416E-3
-7.500000E+4	-1.650000E+5	9.997606E-1	5.443516E-3
-6.000000E+4	-1.650000E+5	1.038887E+0	4.574001E-3
-4.500000E+4	-1.650000E+5	1.074419E+0	5.263633E-3
-3.000000E+4	-1.650000E+5	1.096035E+0	4.282070E-3
-1.500000E+4	-1.650000E+5	1.096802E+0	4.669880E-3
0.000000E+0	-1.650000E+5	1.082121E+0	5.094863E-3
1.500000E+4	-1.650000E+5	1.037202E+0	4.173529E-3
3.000000E+4	-1.650000E+5	9.951796E-1	5.629824E-3
4.500000E+4	-1.650000E+5	9.444410E-1	4.007685E-3
6.000000E+4	-1.650000E+5	8.907683E-1	5.202461E-3
7.500000E+4	-1.650000E+5	8.520214E-1	4.892748E-3
9.000000E+4	-1.650000E+5	7.916192E-1	6.405511E-3
1.050000E+5	-1.650000E+5	7.349851E-1	4.583761E-3
1.200000E+5	-1.650000E+5	6.810259E-1	4.070649E-3
1.350000E+5	-1.650000E+5	6.259714E-1	5.426540E-3
1.500000E+5	-1.650000E+5	5.856856E-1	4.470072E-3
1.650000E+5	-1.650000E+5	5.468275E-1	6.421634E-3
1.800000E+5	-1.650000E+5	5.121199E-1	4.707966E-3
1.950000E+5	-1.650000E+5	4.701035E-1	4.115285E-3
2.100000E+5	-1.650000E+5	4.325895E-1	4.616528E-3
2.250000E+5	-1.650000E+5	3.937426E-1	5.321249E-3
2.400000E+5	-1.650000E+5	3.627878E-1	5.676685E-3
2.550000E+5	-1.650000E+5	3.254635E-1	5.078729E-3
2.700000E+5	-1.650000E+5	2.923662E-1	4.003955E-3
2.850000E+5	-1.650000E+5	2.630757E-1	4.414399E-3
3.000000E+5	-1.650000E+5	2.353099E-1	4.534083E-3
-3.000000E+5	-1.500000E+5	4.120468E-1	4.423346E-3
-2.850000E+5	-1.500000E+5	4.642438E-1	6.623580E-3
-2.700000E+5	-1.500000E+5	5.146745E-1	4.254275E-3
-2.550000E+5	-1.500000E+5	5.686928E-1	4.404783E-3
-2.400000E+5	-1.500000E+5	6.087054E-1	7.302159E-3
-2.250000E+5	-1.500000E+5	6.629297E-1	4.014673E-3
-2.100000E+5	-1.500000E+5	6.961565E-1	4.819917E-3
-1.950000E+5	-1.500000E+5	7.466688E-1	4.492193E-3
-1.800000E+5	-1.500000E+5	7.842614E-1	4.571893E-3
-1.650000E+5	-1.500000E+5	8.121904E-1	4.087735E-3
-1.500000E+5	-1.500000E+5	8.630310E-1	4.684589E-3
-1.350000E+5	-1.500000E+5	9.065802E-1	4.391031E-3
-1.200000E+5	-1.500000E+5	9.515081E-1	5.691479E-3
-1.050000E+5	-1.500000E+5	1.005124E+0	4.329570E-3
-9.000000E+4	-1.500000E+5	1.063296E+0	4.289743E-3
-7.500000E+4	-1.500000E+5	1.122112E+0	4.232903E-3
-6.000000E+4	-1.500000E+5	1.181080E+0	4.337090E-3
-4.500000E+4	-1.500000E+5	1.223679E+0	4.724181E-3
-3.000000E+4	-1.500000E+5	1.245424E+0	5.636824E-3
-1.500000E+4	-1.500000E+5	1.245384E+0	5.760622E-3
0.000000E+0	-1.500000E+5	1.221840E+0	4.797196E-3
1.500000E+4	-1.500000E+5	1.180420E+0	4.232512E-3
3.000000E+4	-1.500000E+5	1.122230E+0	4.141635E-3
4.500000E+4	-1.500000E+5	1.061795E+0	4.174791E-3
6.000000E+4	-1.500000E+5	1.004679E+0	4.053561E-3
7.500000E+4	-1.500000E+5	9.478593E-1	4.305984E-3
9.000000E+4	-1.500000E+5	8.849035E-1	3.902811E-3
1.050000E+5	-1.500000E+5	8.180807E-1	6.595289E-3
1.200000E+5	-1.500000E+5	7.449209E-1	4.842956E-3
1.350000E+5	-1.500000E+5	6.853294E-1	4.239296E-3
1.500000E+5	-1.500000E+5	6.325838E-1	6.222028E-3
1.650000E+5	-1.500000E+5	5.869389E-1	4.391450E-3
1.800000E+5	-1.500000E+5	5.305608E-1	4.310645E-3
1.950000E+5	-1.500000E+5	5.035792E-1	4.203764E-3
2.100000E+5	-1.500000E+5	4.639338E-1	6.478583E-3
2.250000E+5	-1.500000E+5	4.194892E-1	4.456031E-3
2.400000E+5	-1.500000E+5	3.882969E-1	4.472850E-3
2.550000E+5	-1.500000E+5	3.510623E-1	4.175155E-3
2.700000E+5	-1.500000E+5	3.160416E-1	4.215702E-3
2.850000E+5	-1.500000E+5	2.781533E-1	5.899371E-3
3.000000E+5	-1.500000E+5	2.425657E-1	5.982555E-3
-3.000000E+5	-1.350000E+5	4.394721E-1	4.770221E-3
-2.850000E+5	-1.350000E+5	4.878968E-1	5.764450E-3
-2.700000E+5	-1.350000E+5	5.425230E-1	6.080278E-3
-2.550000E+5	-1.350000E+5	5.950871E-1	6.081328E-3
-2.400000E+5	-1.350000E+5	6.469649E-1	4.107947E-3
-2.250000E+5	-1.350000E+5	6.975883E-1	6.158220E-3
-2.100000E+5	-1.350000E+5	7.442254E-1	4.098986E-3
-1.950000E+5	-1.350000E+5	7.902914E-1	6.681915E-3
-1.800000E+5	-1.350000E+5	8.307241E-1	4.968113E-3
-1.650000E+5	-1.350000E+5	8.858305E-1	4.138549E-3
-1.500000E+5	-1.350000E+5	9.330193E-1	4.813231E-3
-1.350000E+5	-1.350000E+5	9.831849E-1	4.425176E-3
-1.200000E+5	-1.350000E+5	1.043040E+0	5.123651E-3
-1.050000E+5	-1.350000E+5	1.118707E+0	5.397211E-3
-9.000000E+4	-1.350000E+5	1.194480E+0	7.426221E-3
-7.500000E+4	-1.350000E+5	1.262673E+0	4.683836E-3
-6.000000E+4	-1.350000E+5	1.336855E+0	5.665795E-3
-4.500000E+4	-1.350000E+5	1.394818E+0	4.228637E-3
-3.000000E+4	-1.350000E+5	1.423779E+0	4.873138E-3
-1.500000E+4	-1.350000E+5	1.433127E+0	4.760480E-3
0.000000E+0	-1.350000E+5	1.393279E+0	4.385606E-3
1.500000E+4	-1.350000E+5	1.339237E+0	4.383191E-3
3.000000E+4	-1.350000E+5	1.264382E+0	4.629277E-3
4.500000E+4	-1.350000E+5	1.182709E+0	4.665927E-3
6.000000E+4	-1.350000E+5	1.120830E+0	4.695632E-3
7.500000E+4	-1.350000E+5	1.047830E+0	4.580252E-3
9.000000E+4	-1.350000E+5	9.779197E-1	4.312051E-3
1.050000E+5	-1.350000E+5	8.851921E-1	3.873711E-3
1.200000E+5	-1.350000E+5	8.195125E-1	5.380607E-3
1.350000E+5	-1.350000E+5	7.459386E-1	4.160667E-3
1.500000E+5	-1.350000E+5	6.836651E-1	4.706051E-3
1.650000E+5	-1.350000E+5	6.244438E-1	4.314383E-3
1.800000E+5	-1.350000E+5	5.813382E-1	5.709065E-3
1.950000E+5	-1.350000E+5	5.417999E-1	4.176612E-3
2.100000E+5	-1.350000E+5	4.962846E-1	4.289398E-3
2.250000E+5	-1.350000E+5	4.487001E-1	4.382191E-3
2.400000E+5	-1.350000E+5	4.114094E-1	4.330870E-3
2.550000E+5	-1.350000E+5	3.716335E-1	4.521902E-3
2.700000E+5	-1.350000E+5	3.248108E-1	4.479264E-3
2.850000E+5	-1.350000E+5	2.923947E-1	4.018043E-3
3.000000E+5	-1.350000E+5	2.599552E-1	4.126255E-3
-3.000000E+5	-1.200000E+5	4.660131E-1	6.212400E-3
-2.850000E+5	-1.200000E+5	5.163572E-1	6.285845E-3
-2.700000E+5	-1.200000E+5	5.810109E-1	5.678806E-3
-2.550000E+5	-1.200000E+5	6.290063E-1	5.570311E-3
-2.400000E+5	-1.200000E+5	6.786457E-1	6.357137E-3
-2.250000E+5	-1.200000E+5	7.375172E-1	4.501423E-3
-2.100000E+5	-1.200000E+5	7.820586E-1	4.530898E-3
-1.950000E+5	-1.200000E+5	8.395544E-1	7.167213E-3
-1.800000E+5	-1.200000E+5	8.848383E-1	3.890431E-3
-1.650000E+5	-1.200000E+5	9.403281E-1	5.237805E-3
-1.500000E+5	-1.200000E+5	1.004954E+0	5.185671E-3
-1.350000E+5	-1.200000E+5	1.072387E+0	5.866193E-3
-1.200000E+5	-1.200000E+5	1.148097E+0	5.600466E-3
-1.050000E+5	-1.200000E+5	1.225854E+0	4.819505E-3
-9.000000E+4	-1.200000E+5	1.322313E+0	4.197353E-3
-7.500000E+4	-1.200000E+5	1.409535E+0	4.812399E-3
-6.000000E+4	-1.200000E+5	1.511929E+0	4.508098E-3
-4.500000E+4	-1.200000E+5	1.589034E+0	6.020587E-3
-3.000000E+4	-1.200000E+5	1.636254E+0	4.520682E-3
-1.500000E+4	-1.200000E+5	1.639506E+0	4.039865E-3
0.000000E+0	-1.200000E+5	1.606298E+0	6.723756E-3
1.500000E+4	-1.200000E+5	1.537786E+0	3.826243E-3
3.000000E+4	-1.200000E+5	1.446331E+0	4.937439E-3
4.500000E+4	-1.200000E+5	1.342666E+0	4.224615E-3
6.000000E+4	-1.200000E+5	1.240895E+0	4.122508E-3
7.500000E+4	-1.200000E+5	1.156533E+0	4.675709E-3
9.000000E+4	-1.200000E+5	1.063117E+0	4.258021E-3
1.050000E+5	-1.200000E+5	9.764084E-1	4.231283E-3
1.200000E+5	-1.200000E+5	8.849464E-1	3.900832E-3
1.350000E+5	-1.200000E+5	8.041442E-1	4.342690E-3
1.500000E+5	-1.200000E+5	7.379078E-1	6.061464E-3
1.650000E+5	-1.200000E+5	6.689811E-1	4.667462E-3
1.800000E+5	-1.200000E+5	6.208256E-1	5.022128E-3
1.950000E+5	-1.200000E+5	5.645637E-1	4.351506E-3
2.100000E+5	-1.200000E+5	5.233427E-1	5.306840E-3
2.250000E+5	-1.200000E+5	4.786402E-1	4.817511E-3
2.400000E+5	-1.200000E+5	4.361067E-1	4.122397E-3
2.550000E+5	-1.200000E+5	3.875351E-1	4.647394E-3
2.700000E+5	-1.200000E+5	3.523064E-1	3.915057E-3
2.850000E+5	-1.200000E+5	3.182995E-1	3.985017E-3
3.000000E+5	-1.200000E+5	2.733777E-1	4.185530E-3
-3.000000E+5	-1.050000E+5	4.849639E-1	5.311975E-3
-2.850000E+5	-1.050000E+5	5.475169E-1	5.659506E-3
-2.700000E+5	-1.050000E+5	6.050851E-1	4.987158E-3
-2.550000E+5	-1.050000E+5	6.626034E-1	6.117849E-3
-2.400000E+5	-1.050000E+5	7.076536E-1	4.389998E-3
-2.250000E+5	-1.050000E+5	7.659643E-1	3.966637E-3
-2.100000E+5	-1.050000E+5	8.239476E-1	4.231946E-3
-1.950000E+5	-1.050000E+5	8.795527E-1	6.089667E-3
-1.800000E+5	-1.050000E+5	9.446194E-1	3.998091E-3
-1.650000E+5	-1.050000E+5	1.008596E+0	5.704067E-3
-1.500000E+5	-1.050000E+5	1.071254E+0	7.114689E-3
-1.350000E+5	-1.050000E+5	1.156237E+0	4.339675E-3
-1.200000E+5	-1.050000E+5	1.240104E+0	4.003422E-3
-1.050000E+5	-1.050000E+5	1.344128E+0	4.413807E-3
-9.000000E+4	-1.050000E+5	1.454847E+0	4.167836E-3
-7.500000E+4	-1.050000E+5	1.581796E+0	4.056562E-3
-6.000000E+4	-1.050000E+5	1.706411E+0	4.280125E-3
-4.500000E+4	-1.050000E+5	1.809344E+0	4.943620E-3
-3.000000E+4	-1.050000E+5	1.880548E+0	4.875495E-3
-1.500000E+4	-1.050000E+5	1.901482E+0	6.616938E-3
0.000000E+0	-1.050000E+5	1.869153E+0	4.484056E-3
1.500000E+4	-1.050000E+5	1.780169E+0	5.617143E-3
3.000000E+4	-1.050000E+5	1.658498E+0	4.693762E-3
4.500000E+4	-1.050000E+5	1.528110E+0	4.871121E-3
6.000000E+4	-1.050000E+5	1.393699E+0	4.651202E-3
7.500000E+4	-1.050000E+5	1.273032E+0	4.224472E-3
9.000000E+4	-1.050000E+5	1.162266E+0	4.600166E-3
1.050000E+5	-1.050000E+5	1.061909E+0	4.608516E-3
1.200000E+5	-1.050000E+5	9.465397E-1	4.844322E-3
1.350000E+5	-1.050000E+5	8.674110E-1	4.336648E-3
1.500000E+5	-1.050000E+5	7.903138E-1	4.476145E-3
1.650000E+5	-1.050000E+5	7.153469E-1	6.324437E-3
1.800000E+5	-1.050000E+5	6.580571E-1	7.468288E-3
1.950000E+5	-1.050000E+5	6.022725E-1	5.296547E-3
2.100000E+5	-1.050000E+5	5.563218E-1	3.970163E-3
2.250000E+5	-1.050000E+5	5.018904E-1	5.427907E-3
2.400000E+5	-1.050000E+5	4.619748E-1	4.722621E-3
2.550000E+5	-1.050000E+5	4.114166E-1	4.353995E-3
2.700000E+5	-1.050000E+5	3.584599E-1	6.583517E-3
2.850000E+5	-1.050000E+5	3.267760E-1	4.332161E-3
3.000000E+5	-1.050000E+5	2.795994E-1	5.521418E-3
-3.000000E+5	-9.000000E+4	5.077726E-1	5.430756E-3
-2.850000E+5	-9.000000E+4	5.669633E-1	4.502732E-3
-2.700000E+5	-9.000000E+4	6.305676E-1	4.491060E-3
-2.550000E+5	-9.000000E+4	6.887263E-1	4.054721E-3
-2.400000E+5	-9.000000E+4	7.429578E-1	4.689034E-3
-2.250000E+5	-9.000000E+4	8.009829E-1	3.945208E-3
-2.100000E+5	-9.000000E+4	8.605183E-1	4.994200E-3
-1.950000E+5	-9.000000E+4	9.181875E-1	4.320427E-3
-1.800000E+5	-9.000000E+4	9.862718E-1	4.272313E-3
-1.650000E+5	-9.000000E+4	1.062412E+0	4.210881E-3
-1.500000E+5	-9.000000E+4	1.149431E+0	4.302494E-3
-1.350000E+5	-9.000000E+4	1.243078E+0	4.969465E-3
-1.200000E+5	-9.000000E+4	1.341561E+0	4.007980E-3
-1.050000E+5	-9.000000E+4	1.468319E+0	5.816488E-3
-9.000000E+4	-9.000000E+4	1.600699E+0	6.307696E-3
-7.500000E+4	-9.000000E+4	1.756098E+0	4.689521E-3
-6.000000E+4	-9.000000E+4	1.919612E+0	4.718455E-3
-4.500000E+4	-9.000000E+4	2.066754E+0	5.733864E-3
-3.000000E+4	-9.000000E+4	2.172811E+0	5.032351E-3
-1.500000E+4	-9.000000E+4	2.218707E+0	4.159974E-3
0.000000E+0	-9.000000E+4	2.177011E+0	4.551955E-3
1.500000E+4	-9.000000E+4	2.084564E+0	4.820974E-3
3.000000E+4	-9.000000E+4	1.932684E+0	4.636396E-3
4.500000E+4	-9.000000E+4	1.745910E+0	4.061401E-3
6.000000E+4	-9.000000E+4	1.562161E+0	4.829894E-3
7.500000E+4	-9.000000E+4	1.398071E+0	4.578905E-3
9.000000E+4	-9.000000E+4	1.260118E+0	4.879447E-3
1.050000E+5	-9.000000E+4	1.123537E+0	5.280986E-3
1.200000E+5	-9.000000E+4	1.012319E+0	6.151892E-3
1.350000E+5	-9.000000E+4	9.230804E-1	5.050043E-3
1.500000E+5	-9.000000E+4	8.380411E-1	4.847994E-3
1.650000E+5	-9.000000E+4	7.668097E-1	3.973123E-3
1.800000E+5	-9.000000E+4	7.042394E-1	4.584144E-3
1.950000E+5	-9.000000E+4	6.468251E-1	4.033143E-3
2.100000E+5	-9.000000E+4	5.886807E-1	4.257876E-3
2.250000E+5	-9.000000E+4	5.386182E-1	6.211466E-3
2.400000E+5	-9.000000E+4	4.763232E-1	4.406631E-3
2.550000E+5	-9.000000E+4	4.349687E-1	4.449168E-3
2.700000E+5	-9.000000E+4	3.874474E-1	4.285178E-3
2.850000E+5	-9.000000E+4	3.358786E-1	4.372021E-3
3.000000E+5	-9.000000E+4	2.922071E-1	3.964557E-3
-3.000000E+5	-7.500000E+4	5.108228E-1	4.274023E-3
-2.850000E+5	-7.500000E+4	5.875274E-1	4.150424E-3
-2.700000E+5	-7.500000E+4	6.467599E-1	4.224602E-3
-2.550000E+5	-7.500000E+4	7.074619E-1	4.297693E-3
-2.400000E+5	-7.500000E+4	7.661070E-1	4.181589E-3
-2.250000E+5	-7.500000E+4	8.202630E-1	5.979141E-3
-2.100000E+5	-7.500000E+4	8.810446E-1	5.901102E-3
-1.950000E+5	-7.500000E+4	9.444858E-1	4.138451E-3
-1.800000E+5	-7.500000E+4	1.025008E+0	5.386450E-3
-1.650000E+5	-7.500000E+4	1.110323E+0	4.899192E-3
-1.500000E+5	-7.500000E+4	1.202792E+0	7.648914E-3
-1.350000E+5	-7.500000E+4	1.323685E+0	6.181457E-3
-1.200000E+5	-7.500000E+4	1.448067E+0	4.658898E-3
-1.050000E+5	-7.500000E+4	1.592037E+0	5.183352E-3
-9.000000E+4	-7.500000E+4	1.756068E+0	4.352179E-3
-7.500000E+4	-7.500000E+4	1.951384E+0	3.845678E-3
-6.000000E+4	-7.500000E+4	2.168562E+0	4.579859E-3
-4.500000E+4	-7.500000E+4	2.365400E+0	4.442459E-3
-3.000000E+4	-7.500000E+4	2.530674E+0	4.839670E-3
-1.500000E+4	-7.500000E+4	2.591953E+0	4.177477E-3
0.000000E+0	-7.500000E+4	2.549864E+0	5.979741E-3
1.500000E+4	-7.500000E+4	2.421721E+0	4.470061E-3
3.000000E+4	-7.500000E+4	2.224009E+0	4.840235E-3
4.500000E+4	-7.500000E+4	1.976714E+0	9.260153E-3
6.000000E+4	-7.500000E+4	1.744136E+0	4.265503E-3
7.500000E+4	-7.500000E+4	1.533652E+0	4.541523E-3
9.000000E+4	-7.500000E+4	1.354189E+0	5.597366E-3
1.050000E+5	-7.500000E+4	1.196179E+0	7.969450E-3
1.200000E+5	-7.500000E+4	1.063169E+0	4.233351E-3
1.350000E+5	-7.500000E+4	9.726239E-1	4.543040E-3
1.500000E+5	-7.500000E+4	8.859203E-1	3.914285E-3
1.650000E+5	-7.500000E+4	8.237252E-1	4.335862E-3
1.800000E+5	-7.500000E+4	7.520349E-1	4.794639E-3
1.950000E+5	-7.500000E+4	6.914798E-1	4.667801E-3
2.100000E+5	-7.500000E+4	6.268311E-1	4.613588E-3
2.250000E+5	-7.500000E+4	5.705845E-1	4.474013E-3
2.400000E+5	-7.500000E+4	5.083426E-1	4.914303E-3
2.550000E+5	-7.500000E+4	4.541020E-1	4.190611E-3
2.700000E+5	-7.500000E+4	3.928717E-1	4.541640E-3
2.850000E+5	-7.500000E+4	3.445020E-1	7.231798E-3
3.000000E+5	-7.500000E+4	2.951594E-1	9.734540E-3
-3.000000E+5	-6.000000E+4	5.263307E-1	5.105986E-3
-2.850000E+5	-6.000000E+4	5.861721E-1	4.458604E-3
-2.700000E+5	-6.000000E+4	6.571628E-1	5.579764E-3
-2.550000E+5	-6.000000E+4	7.228251E-1	5.924805E-3
-2.400000E+5	-6.000000E+4	7.696233E-1	5.134596E-3
-2.250000E+5	-6.000000E+4	8.316745E-1	4.648450E-3
-2.100000E+5	-6.000000E+4	8.951269E-1	6.247541E-3
-1.950000E+5	-6.000000E+4	9.703875E-1	5.098392E-3
-1.800000E+5	-6.000000E+4	1.045218E+0	4.687448E-3
-1.650000E+5	-6.000000E+4	1.135114E+0	6.100549E-3
-1.500000E+5	-6.000000E+4	1.233916E+0	4.682724E-3
-1.350000E+5	-6.000000E+4	1.365424E+0	6.351734E-3
-1.200000E+5	-6.000000E+4	1.511270E+0	6.545551E-3
-1.050000E+5	-6.000000E+4	1.674046E+0	4.370687E-3
-9.000000E+4	-6.000000E+4	1.879321E+0	5.013499E-3
-7.500000E+4	-6.000000E+4	2.128382E+0	4.186436E-3
-6.000000E+4	-6.000000E+4	2.401075E+0	4.103983E-3
-4.500000E+4	-6.000000E+4	2.645282E+0	4.293110E-3
-3.000000E+4	-6.000000E+4	2.841034E+0	3.883631E-3
-1.500000E+4	-6.000000E+4	2.935531E+0	4.546604E-3
0.000000E+0	-6.000000E+4	2.878113E+0	5.120831E-3
1.500000E+4	-6.000000E+4	2.699640E+0	4.602083E-3
3.000000E+4	-6.000000E+4	2.446590E+0	4.505850E-3
4.500000E+4	-6.000000E+4	2.139180E+0	8.023963E-3
6.000000E+4	-6.000000E+4	1.856004E+0	4.634317E-3
7.500000E+4	-6.000000E+4	1.602969E+0	6.894782E-3
9.000000E+4	-6.000000E+4	1.395923E+0	4.459924E-3
1.050000E+5	-6.000000E+4	1.235082E+0	4.308135E-3
1.200000E+5	-6.000000E+4	1.102325E+0	4.425100E-3
1.350000E+5	-6.000000E+4	1.000164E+0	5.653779E-3
1.500000E+5	-6.000000E+4	9.206105E-1	5.060660E-3
1.650000E+5	-6.000000E+4	8.543475E-1	4.473449E-3
1.800000E+5	-6.000000E+4	7.723155E-1	4.844645E-3
1.950000E+5	-6.000000E+4	7.074874E-1	4.303834E-3
2.100000E+5	-6.000000E+4	6.483885E-1	3.877253E-3
2.250000E+5	-6.000000E+4	5.770898E-1	4.089099E-3
2.400000E+5	-6.000000E+4	5.271272E-1	4.605380E-3
2.550000E+5	-6.000000E+4	4.572001E-1	5.619276E-3
2.700000E+5	-6.000000E+4	4.017082E-1	6.095424E-3
2.850000E+5	-6.000000E+4	3.474655E-1	5.439305E-3
3.000000E+5	-6.000000E+4	3.042702E-1	4.665569E-3
-3.000000E+5	-4.500000E+4	5.222220E-1	6.449481E-3
-2.850000E+5	-4.500000E+4	5.951013E-1	5.937881E-3
-2.700000E+5	-4.500000E+4	6.668426E-1	4.161632E-3
-2.550000E+5	-4.500000E+4	7.254194E-1	5.419730E-3
-2.400000E+5	-4.500000E+4	7.803913E-1	4.513695E-3
-2.250000E+5	-4.500000E+4	8.392883E-1	4.592006E-3
-2.100000E+5	-4.500000E+4	9.080987E-1	4.570588E-3
-1.950000E+5	-4.500000E+4	9.783694E-1	4.455057E-3
-1.800000E+5	-4.500000E+4	1.062920E+0	4.256066E-3
-1.650000E+5	-4.500000E+4	1.163590E+0	4.660451E-3
-1.500000E+5	-4.500000E+4	1.274714E+0	4.951367E-3
-1.350000E+5	-4.500000E+4	1.415501E+0	4.400614E-3
-1.200000E+5	-4.500000E+4	1.566301E+0	4.002563E-3
-1.050000E+5	-4.500000E+4	1.769558E+0	5.037863E-3
-9.000000E+4	-4.500000E+4	2.010429E+0	4.078934E-3
-7.500000E+4	-4.500000E+4	2.308752E+0	4.244467E-3
-6.000000E+4	-4.500000E+4	2.626878E+0	4.385630E-3
-4.500000E+4	-4.500000E+4	2.937044E+0	4.876630E-3
-3.000000E+4	-4.500000E+4	3.161372E+0	4.574450E-3
-1.500000E+4	-4.500000E+4	3.235599E+0	5.247038E-3
0.000000E+0	-4.500000E+4	3.166832E+0	4.187739E-3
1.500000E+4	-4.500000E+4	2.938540E+0	4.291428E-3
3.000000E+4	-4.500000E+4	2.621897E+0	1.033280E-2
4.500000E+4	-4.500000E+4	2.276887E+0	4.420661E-3
6.000000E+4	-4.500000E+4	1.951590E+0	3.902261E-3
7.500000E+4	-4.500000E+4	1.671446E+0	4.466903E-3
9.000000E+4	-4.500000E+4	1.445767E+0	4.488175E-3
1.050000E+5	-4.500000E+4	1.270277E+0	4.537806E-3
1.200000E+5	-4.500000E+4	1.125351E+0	4.719800E-3
1.350000E+5	-4.500000E+4	1.030522E+0	4.743499E-3
1.500000E+5	-4.500000E+4	9.441452E-1	4.029310E-3
1.650000E+5	-4.500000E+4	8.785696E-1	6.383427E-3
1.800000E+5	-4.500000E+4	8.009125E-1	4.421937E-3
1.950000E+5	-4.500000E+4	7.373306E-1	4.860742E-3
2.100000E+5	-4.500000E+4	6.720629E-1	4.889799E-3
2.250000E+5	-4.500000E+4	6.004909E-1	5.895622E-3
2.400000E+5	-4.500000E+4	5.328268E-1	5.046721E-3
2.550000E+5	-4.500000E+4	4.649271E-1	5.491285E-3
2.700000E+5	-4.500000E+4	4.113758E-1	4.363443E-3
2.850000E+5	-4.500000E+4	3.522126E-1	3.844747E-3
3.000000E+5	-4.500000E+4	3.090561E-1	4.640955E-3
-3.000000E+5	-3.000000E+4	5.225116E-1	6.655527E-3
-2.850000E+5	-3.000000E+4	5.876446E-1	4.295269E-3
-2.700000E+5	-3.000000E+4	6.581142E-1	5.043891E-3
-2.550000E+5	-3.000000E+4	7.308835E-1	4.289025E-3
-2.400000E+5	-3.000000E+4	7.865783E-1	5.434601E-3
-2.250000E+5	-3.000000E+4	8.499951E-1	4.149660E-3
-2.100000E+5	-3.000000E+4	9.134424E-1	5.581757E-3
-1.950000E+5	-3.000000E+4	9.900083E-1	4.251468E-3
-1.800000E+5	-3.000000E+4	1.081065E+0	5.263301E-3
-1.650000E+5	-3.000000E+4	1.173422E+0	4.679319E-3
-1.500000E+5	-3.000000E+4	1.295368E+0	6.306865E-3
-1.350000E+5	-3.000000E+4	1.443738E+0	4.374176E-3
-1.200000E+5	-3.000000E+4	1.627576E+0	4.093836E-3
-1.050000E+5	-3.000000E+4	1.861419E+0	4.536415E-3
-9.000000E+4	-3.000000E+4	2.156833E+0	4.115434E-3
-7.500000E+4	-3.000000E+4	2.501373E+0	8.625657E-3
-6.000000E+4	-3.000000E+4	2.865732E+0	6.353878E-3
-4.500000E+4	-3.000000E+4	3.190626E+0	5.297446E-3
-3.000000E+4	-3.000000E+4	3.414727E+0	4.830955E-3
-1.500000E+4	-3.000000E+4	3.479492E+0	4.443302E-3
0.000000E+0	-3.000000E+4	3.366053E+0	5.385832E-3
1.500000E+4	-3.000000E+4	3.106714E+0	4.667595E-3
3.000000E+4	-3.000000E+4	2.751462E+0	4.874988E-3
4.500000E+4	-3.000000E+4	2.362657E+0	4.424295E-3
6.000000E+4	-3.000000E+4	2.010562E+0	4.036657E-3
7.500000E+4	-3.000000E+4	1.714870E+0	4.383494E-3
9.000000E+4	-3.000000E+4	1.478069E+0	3.873554E-3
1.050000E+5	-3.000000E+4	1.295032E+0	5.572010E-3
1.200000E+5	-3.000000E+4	1.165339E+0	4.738064E-3
1.350000E+5	-3.000000E+4	1.049577E+0	4.261992E-3
1.500000E+5	-3.000000E+4	9.740220E-1	4.579928E-3
1.650000E+5	-3.000000E+4	8.853675E-1	4.082131E-3
1.800000E+5	-3.000000E+4	8.287090E-1	4.370026E-3
1.950000E+5	-3.000000E+4	7.521502E-1	6.931634E-3
2.100000E+5	-3.000000E+4	6.847359E-1	4.180354E-3
2.250000E+5	-3.000000E+4	6.174450E-1	4.411180E-3
2.400000E+5	-3.000000E+4	5.402723E-1	7.806806E-3
2.550000E+5	-3.000000E+4	4.742286E-1	5.398779E-3
2.700000E+5	-3.000000E+4	4.153550E-1	6.629901E-3
2.850000E+5	-3.000000E+4	3.593889E-1	5.404105E-3
3.000000E+5	-3.000000E+4	3.115209E-1	5.872220E-3
-3.000000E+5	-1.500000E+4	5.234111E-1	4.908927E-3
-2.850000E+5	-1.500000E+4	5.883595E-1	4.152137E-3
-2.700000E+5	-1.500000E+4	6.521750E-1	5.066977E-3
-2.550000E+5	-1.500000E+4	7.223896E-1	4.163579E-3
-2.400000E+5	-1.500000E+4	7.804249E-1	4.412930E-3
-2.250000E+5	-1.500000E+4	8.462657E-1	4.691442E-3
-2.100000E+5	-1.500000E+4	9.092194E-1	4.443212E-3
-1.950000E+5	-1.500000E+4	9.762584E-1	4.827303E-3
-1.800000E+5	-1.500000E+4	1.076319E+0	8.281798E-3
-1.650000E+5	-1.500000E+4	1.173555E+0	3.984005E-3
-1.500000E+5	-1.500000E+4	1.294152E+0	4.686711E-3
-1.350000E+5	-1.500000E+4	1.454931E+0	4.497852E-3
-1.200000E+5	-1.500000E+4	1.654762E+0	4.074437E-3
-1.050000E+5	-1.500000E+4	1.922287E+0	4.205777E-3
-9.000000E+4	-1.500000E+4	2.249370E+0	4.366814E-3
-7.500000E+4	-1.500000E+4	2.634961E+0	4.608663E-3
-6.000000E+4	-1.500000E+4	3.009680E+0	4.235815E-3
-4.500000E+4	-1.500000E+4	3.333149E+0	4.994446E-3
-3.000000E+4	-1.500000E+4	3.536969E+0	4.353290E-3
-1.500000E+4	-1.500000E+4	3.552798E+0	4.234685E-3
0.000000E+0	-1.500000E+4	3.409935E+0	4.458335E-3
1.500000E+4	-1.500000E+4	3.116527E+0	4.103708E-3
3.000000E+4	-1.500000E+4	2.721758E+0	3.939026E-3
4.500000E+4	-1.500000E+4	2.341097E+0	5.145134E-3
6.000000E+4	-1.500000E+4	1.986626E+0	5.398365E-3
7.500000E+4	-1.500000E+4	1.697938E+0	4.079422E-3
9.000000E+4	-1.500000E+4	1.465715E+0	6.928417E-3
1.050000E+5	-1.500000E+4	1.281119E+0	4.930142E-3
1.200000E+5	-1.500000E+4	1.144846E+0	4.354755E-3
1.350000E+5	-1.500000E+4	1.054638E+0	4.943179E-3
1.500000E+5	-1.500000E+4	9.664256E-1	5.122000E-3
1.650000E+5	-1.500000E+4	8.839357E-1	4.042998E-3
1.800000E+5	-1.500000E+4	8.262441E-1	3.816704E-3
1.950000E+5	-1.500000E+4	7.551280E-1	5.186324E-3
2.100000E+5	-1.500000E+4	6.891057E-1	4.060825E-3
2.250000E+5	-1.500000E+4	6.208613E-1	4.218786E-3
2.400000E+5	-1.500000E+4	5.543077E-1	4.404489E-3
2.550000E+5	-1.500000E+4	4.829192E-1	4.046249E-3
2.700000E+5	-1.500000E+4	4.134164E-1	4.923039E-3
2.850000E+5	-1.500000E+4	3.637312E-1	8.600812E-3
3.000000E+5	-1.500000E+4	3.169982E-1	3.834056E-3
-3.000000E+5	0.000000E+0	5.133355E-1	4.850431E-3
-2.850000E+5	0.000000E+0	5.872744E-1	4.261604E-3
-2.700000E+5	0.000000E+0	6.485710E-1	3.966866E-3
-2.550000E+5	0.000000E+0	7.073844E-1	4.321685E-3
-2.400000E+5	0.000000E+0	7.676276E-1	4.113072E-3
-2.250000E+5	0.000000E+0	8.373180E-1	8.855780E-3
-2.100000E+5	0.000000E+0	8.911548E-1	5.301767E-3
-1.950000E+5	0.000000E+0	9.767398E-1	5.198346E-3
-1.800000E+5	0.000000E+0	1.061776E+0	4.664334E-3
-1.650000E+5	0.000000E+0	1.161555E+0	4.391560E-3
-1.500000E+5	0.000000E+0	1.297494E+0	4.733622E-3
-1.350000E+5	0.000000E+0	1.457642E+0	3.916363E-3
-1.200000E+5	0.000000E+0	1.680690E+0	5.106716E-3
-1.050000E+5	0.000000E+0	1.973238E+0	5.572069E-3
-9.000000E+4	0.000000E+0	2.321952E+0	8.974890E-3
-7.500000E+4	0.000000E+0	2.709578E+0	4.398392E-3
-6.000000E+4	0.000000E+0	3.078609E+0	4.416649E-3
-4.500000E+4	0.000000E+0	3.371608E+0	4.694003E-3
-3.000000E+4	0.000000E+0	3.544675E+0	5.316021E-3
-1.500000E+4	0.000000E+0	3.533898E+0	5.116632E-3
0.000000E+0	0.000000E+0	3.358964E+0	5.682887E-3
1.500000E+4	0.000000E+0	3.054173E+0	4.059506E-3
3.000000E+4	0.000000E+0	2.680225E+0	9.903937E-3
4.500000E+4	0.000000E+0	2.292402E+0	4.245397E-3
6.000000E+4	0.000000E+0	1.963461E+0	6.256610E-3
7.500000E+4	0.000000E+0	1.684314E+0	4.712194E-3
9.000000E+4	0.000000E+0	1.464519E+0	6.363358E-3
1.050000E+5	0.000000E+0	1.279872E+0	4.286355E-3
1.200000E+5	0.000000E+0	1.143013E+0	4.301139E-3
1.350000E+5	0.000000E+0	1.036249E+0	4.736251E-3
1.500000E+5	0.000000E+0	9.531031E-1	4.393324E-3
1.650000E+5	0.000000E+0	8.830873E-1	4.453955E-3
1.800000E+5	0.000000E+0	8.148724E-1	4.617244E-3
1.950000E+5	0.000000E+0	7.441968E-1	3.856777E-3
2.100000E+5	0.000000E+0	6.877932E-1	4.282798E-3
2.250000E+5	0.000000E+0	6.353749E-1	8.171468E-3
2.400000E+5	0.000000E+0	5.611851E-1	5.653400E-3
2.550000E+5	0.000000E+0	4.913121E-1	4.672046E-3
2.700000E+5	0.000000E+0	4.197350E-1	5.696383E-3
2.850000E+5	0.000000E+0	3.604495E-1	4.563457E-3
3.000000E+5	0.000000E+0	3.149586E-1	4.059952E-3
-3.000000E+5	1.500000E+4	5.006646E-1	3.995043E-3
-2.850000E+5	1.500000E+4	5.608741E-1	4.166634E-3
-2.700000E+5	1.500000E+4	6.304096E-1	4.365564E-3
-2.550000E+5	1.500000E+4	6.954508E-1	5.434158E-3
-2.400000E+5	1.500000E+4	7.506103E-1	5.285800E-3
-2.250000E+5	1.500000E+4	8.194146E-1	6.817841E-3
-2.100000E+5	1.500000E+4	8.849474E-1	3.879192E-3
-1.950000E+5	1.500000E+4	9.680022E-1	4.036625E-3
-1.800000E+5	1.500000E+4	1.044972E+0	4.219412E-3
-1.650000E+5	1.500000E+4	1.143812E+0	4.777344E-3
-1.500000E+5	1.500000E+4	1.277849E+0	4.918386E-3
-1.350000E+5	1.500000E+4	1.448330E+0	4.316575E-3
-1.200000E+5	1.500000E+4	1.676509E+0	4.420562E-3
-1.050000E+5	1.500000E+4	1.966054E+0	8.933141E-3
-9.000000E+4	1.500000E+4	2.305714E+0	4.499560E-3
-7.500000E+4	1.500000E+4	2.691155E+0	4.444988E-3
-6.000000E+4	1.500000E+4	3.020072E+0	4.222619E-3
-4.500000E+4	1.500000E+4	3.288852E+0	4.330510E-3
-3.000000E+4	1.500000E+4	3.417269E+0	3.903984E-3
-1.500000E+4	1.500000E+4	3.374021E+0	3.976246E-3
0.000000E+0	1.500000E+4	3.191530E+0	6.570358E-3
1.500000E+4	1.500000E+4	2.899249E+0	4.708730E-3
3.000000E+4	1.500000E+4	2.551074E+0	5.228952E-3
4.500000E+4	1.500000E+4	2.214476E+0	4.020631E-3
6.000000E+4	1.500000E+4	1.891319E+0	4.098170E-3
7.500000E+4	1.500000E+4	1.633360E+0	4.639341E-3
9.000000E+4	1.500000E+4	1.417719E+0	3.927110E-3
1.050000E+5	1.500000E+4	1.249278E+0	5.303442E-3
1.200000E+5	1.500000E+4	1.114145E+0	6.101492E-3
1.350000E+5	1.500000E+4	1.006452E+0	4.700163E-3
1.500000E+5	1.500000E+4	9.305208E-1	4.273657E-3
1.650000E+5	1.500000E+4	8.567971E-1	4.525264E-3
1.800000E+5	1.500000E+4	7.980367E-1	4.261795E-3
1.950000E+5	1.500000E+4	7.423775E-1	4.807024E-3
2.100000E+5	1.500000E+4	6.824883E-1	4.186183E-3
2.250000E+5	1.500000E+4	6.251505E-1	4.774572E-3
2.400000E+5	1.500000E+4	5.575016E-1	5.593798E-3
2.550000E+5	1.500000E+4	4.864273E-1	4.748882E-3
2.700000E+5	1.500000E+4	4.233624E-1	5.484758E-3
2.850000E+5	1.500000E+4	3.608217E-1	6.933702E-3
3.000000E+5	1.500000E+4	3.127773E-1	4.073484E-3
-3.000000E+5	3.000000E+4	4.850730E-1	4.266958E-3
-2.850000E+5	3.000000E+4	5.461881E-1	4.261397E-3
-2.700000E+5	3.000000E+4	6.140144E-1	4.468912E-3
-2.550000E+5	3.000000E+4	6.688720E-1	4.431235E-3
-2.400000E+5	3.000000E+4	7.341060E-1	5.814285E-3
-2.250000E+5	3.000000E+4	8.009411E-1	4.096157E-3
-2.100000E+5	3.000000E+4	8.599982E-1	4.228467E-3
-1.950000E+5	3.000000E+4	9.305789E-1	5.958310E-3
-1.800000E+5	3.000000E+4	1.015620E+0	1.070995E-2
-1.650000E+5	3.000000E+4	1.125727E+0	5.718535E-3
-1.500000E+5	3.000000E+4	1.245239E+0	4.774030E-3
-1.350000E+5	3.000000E+4	1.417781E+0	3.932827E-3
-1.200000E+5	3.000000E+4	1.641272E+0	4.852637E-3
-1.050000E+5	3.000000E+4	1.914634E+0	4.706016E-3
-9.000000E+4	3.000000E+4	2.235843E+0	4.829872E-3
-7.500000E+4	3.000000E+4	2.580042E+0	3.994838E-3
-6.000000E+4	3.000000E+4	2.877566E+0	4.223836E-3
-4.500000E+4	3.000000E+4	3.104447E+0	5.196129E-3
-3.000000E+4	3.000000E+4	3.184896E+0	5.600876E-3
-1.500000E+4	3.000000E+4	3.137578E+0	4.184786E-3
0.000000E+0	3.000000E+4	2.956446E+0	5.048038E-3
1.500000E+4	3.000000E+4	2.693768E+0	4.387829E-3
3.000000E+4	3.000000E+4	2.397593E+0	4.226189E-3
4.500000E+4	3.000000E+4	2.099243E+0	4.687879E-3
6.000000E+4	3.000000E+4	1.815513E+0	4.241014E-3
7.500000E+4	3.000000E+4	1.578286E+0	4.294759E-3
9.000000E+4	3.000000E+4	1.365801E+0	5.804415E-3
1.050000E+5	3.000000E+4	1.212512E+0	4.012985E-3
1.200000E+5	3.000000E+4	1.083148E+0	4.532522E-3
1.350000E+5	3.000000E+4	9.807547E-1	4.354815E-3
1.500000E+5	3.000000E+4	8.974877E-1	5.525267E-3
1.650000E+5	3.000000E+4	8.280930E-1	4.674344E-3
1.800000E+5	3.000000E+4	7.843521E-1	4.722875E-3
1.950000E+5	3.000000E+4	7.327283E-1	6.903385E-3
2.100000E+5	3.000000E+4	6.741515E-1	4.330505E-3
2.250000E+5	3.000000E+4	6.213865E-1	4.382587E-3
2.400000E+5	3.000000E+4	5.457353E-1	4.548748E-3
2.550000E+5	3.000000E+4	4.963274E-1	4.085112E-3
2.700000E+5	3.000000E+4	4.203581E-1	7.456569E-3
2.850000E+5	3.000000E+4	3.616477E-1	6.003703E-3
3.000000E+5	3.000000E+4	3.164047E-1	4.173299E-3
-3.000000E+5	4.500000E+4	4.569115E-1	4.247474E-3
-2.850000E+5	4.500000E+4	5.246572E-1	4.847314E-3
-2.700000E+5	4.500000E+4	5.888429E-1	4.286343E-3
-2.550000E+5	4.500000E+4	6.470536E-1	4.148134E-3
-2.400000E+5	4.500000E+4	7.074905E-1	5.297350E-3
-2.250000E+5	4.500000E+4	7.667505E-1	4.050215E-3
-2.100000E+5	4.500000E+4	8.369795E-1	9.567539E-3
-1.950000E+5	4.500000E+4	9.154371E-1	4.661364E-3
-1.800000E+5	4.500000E+4	9.929555E-1	4.205779E-3
-1.650000E+5	4.500000E+4	1.096245E+0	4.297969E-3
-1.500000E+5	4.500000E+4	1.215247E+0	4.675728E-3
-1.350000E+5	4.500000E+4	1.367180E+0	6.024116E-3
-1.200000E+5	4.500000E+4	1.568849E+0	4.398975E-3
-1.050000E+5	4.500000E+4	1.818147E+0	4.681821E-3
-9.000000E+4	4.500000E+4	2.100060E+0	4.793365E-3
-7.500000E+4	4.500000E+4	2.378257E+0	5.550211E-3
-6.000000E+4	4.500000E+4	2.641965E+0	4.612394E-3
-4.500000E+4	4.500000E+4	2.809791E+0	5.350426E-3
-3.000000E+4	4.500000E+4	2.871440E+0	3.966087E-3
-1.500000E+4	4.500000E+4	2.817593E+0	4.571899E-3
0.000000E+0	4.500000E+4	2.662826E+0	4.020975E-3
1.500000E+4	4.500000E+4	2.450607E+0	4.664864E-3
3.000000E+4	4.500000E+4	2.186373E+0	4.263015E-3
4.500000E+4	4.500000E+4	1.937203E+0	5.575651E-3
6.000000E+4	4.500000E+4	1.700371E+0	5.419463E-3
7.500000E+4	4.500000E+4	1.481752E+0	4.638934E-3
9.000000E+4	4.500000E+4	1.301357E+0	4.379025E-3
1.050000E+5	4.500000E+4	1.155893E+0	4.467357E-3
1.200000E+5	4.500000E+4	1.040675E+0	4.458041E-3
1.350000E+5	4.500000E+4	9.424238E-1	4.323435E-3
1.500000E+5	4.500000E+4	8.797118E-1	4.382497E-3
1.650000E+5	4.500000E+4	8.195002E-1	6.588553E-3
1.800000E+5	4.500000E+4	7.684852E-1	3.939873E-3
1.950000E+5	4.500000E+4	7.251471E-1	4.002061E-3
2.100000E+5	4.500000E+4	6.774964E-1	4.463846E-3
2.250000E+5	4.500000E+4	6.137146E-1	4.466992E-3
2.400000E+5	4.500000E+4	5.533552E-1	4.646966E-3
2.550000E+5	4.500000E+4	4.855737E-1	6.071619E-3
2.700000E+5	4.500000E+4	4.172172E-1	6.486391E-3
2.850000E+5	4.500000E+4	3.676971E-1	4.596784E-3
3.000000E+5	4.500000E+4	3.190612E-1	5.461444E-3
-3.000000E+5	6.000000E+4	4.363525E-1	4.263765E-3
-2.850000E+5	6.000000E+4	4.994878E-1	4.301447E-3
-2.700000E+5	6.000000E+4	5.636214E-1	4.971905E-3
-2.550000E+5	6.000000E+4	6.226612E-1	4.304743E-3
-2.400000E+5	6.000000E+4	6.844544E-1	4.363717E-3
-2.250000E+5	6.000000E+4	7.551596E-1	6.006616E-3
-2.100000E+5	6.000000E+4	8.240251E-1	4.365361E-3
-1.950000E+5	6.000000E+4	8.920268E-1	4.900381E-3
-1.800000E+5	6.000000E+4	9.752641E-1	5.377413E-3
-1.650000E+5	6.000000E+4	1.060942E+0	4.824095E-3
-1.500000E+5	6.000000E+4	1.169382E+0	4.357769E-3
-1.350000E+5	6.000000E+4	1.311556E+0	5.011274E-3
-1.200000E+5	6.000000E+4	1.480081E+0	5.495634E-3
-1.050000E+5	6.000000E+4	1.692197E+0	4.841753E-3
-9.000000E+4	6.000000E+4	1.921971E+0	4.238295E-3
-7.500000E+4	6.000000E+4	2.152131E+0	4.747032E-3
-6.000000E+4	6.000000E+4	2.351830E+0	5.052417E-3
-4.500000E+4	6.000000E+4	2.478127E+0	4.469770E-3
-3.000000E+4	6.000000E+4	2.518433E+0	4.222619E-3
-1.500000E+4	6.000000E+4	2.467344E+0	4.836379E-3
0.000000E+0	6.000000E+4	2.342036E+0	4.414508E-3
1.500000E+4	6.000000E+4	2.173202E+0	4.677944E-3
3.000000E+4	6.000000E+4	1.976369E+0	4.774742E-3
4.500000E+4	6.000000E+4	1.766591E+0	5.118576E-3
6.000000E+4	6.000000E+4	1.573677E+0	4.378776E-3
7.500000E+4	6.000000E+4	1.398539E+0	4.037445E-3
9.000000E+4	6.000000E+4	1.241007E+0	4.156844E-3
1.050000E+5	6.000000E+4	1.104339E+0	4.340830E-3
1.200000E+5	6.000000E+4	9.998411E-1	4.640985E-3
1.350000E+5	6.000000E+4	9.143000E-1	5.030146E-3
1.500000E+5	6.000000E+4	8.486510E-1	4.193093E-3
1.650000E+5	6.000000E+4	8.027502E-1	4.272523E-3
1.800000E+5	6.000000E+4	7.657195E-1	3.951806E-3
1.950000E+5	6.000000E+4	7.171010E-1	8.098178E-3
2.100000E+5	6.000000E+4	6.677054E-1	4.186670E-3
2.250000E+5	6.000000E+4	6.137125E-1	4.401268E-3
2.400000E+5	6.000000E+4	5.378707E-1	6.191405E-3
2.550000E+5	6.000000E+4	4.817699E-1	4.610208E-3
2.700000E+5	6.000000E+4	4.143954E-1	5.222479E-3
2.850000E+5	6.000000E+4	3.587179E-1	4.984081E-3
3.000000E+5	6.000000E+4	3.182424E-1	3.974064E-3
-3.000000E+5	7.500000E+4	4.112667E-1	4.292092E-3
-2.850000E+5	7.500000E+4	4.715353E-1	4.297064E-3
-2.700000E+5	7.500000E+4	5.351223E-1	5.275985E-3
-2.550000E+5	7.500000E+4	5.928129E-1	4.742461E-3
-2.400000E+5	7.500000E+4	6.572576E-1	5.144896E-3
-2.250000E+5	7.500000E+4	7.152817E-1	7.974959E-3
-2.100000E+5	7.500000E+4	7.926328E-1	5.331404E-3
-1.950000E+5	7.500000E+4	8.629168E-1	4.314398E-3
-1.800000E+5	7.500000E+4	9.360297E-1	4.493131E-3
-1.650000E+5	7.500000E+4	1.021061E+0	7.172986E-3
-1.500000E+5	7.500000E+4	1.122179E+0	4.207256E-3
-1.350000E+5	7.500000E+4	1.236621E+0	5.279088E-3
-1.200000E+5	7.500000E+4	1.376087E+0	6.830317E-3
-1.050000E+5	7.500000E+4	1.536472E+0	3.925996E-3
-9.000000E+4	7.500000E+4	1.711903E+0	4.844182E-3
-7.500000E+4	7.500000E+4	1.885892E+0	5.761200E-3
-6.000000E+4	7.500000E+4	2.021033E+0	6.175402E-3
-4.500000E+4	7.500000E+4	2.123807E+0	5.692322E-3
-3.000000E+4	7.500000E+4	2.160357E+0	4.352578E-3
-1.500000E+4	7.500000E+4	2.115906E+0	8.115545E-3
0.000000E+0	7.500000E+4	2.028658E+0	5.108874E-3
1.500000E+4	7.500000E+4	1.892305E+0	3.982119E-3
3.000000E+4	7.500000E+4	1.753380E+0	4.446925E-3
4.500000E+4	7.500000E+4	1.600220E+0	5.015025E-3
6.000000E+4	7.500000E+4	1.437985E+0	4.103750E-3
7.500000E+4	7.500000E+4	1.299710E+0	4.145326E-3
9.000000E+4	7.500000E+4	1.167355E+0	5.379630E-3
1.050000E+5	7.500000E+4	1.054016E+0	5.433721E-3
1.200000E+5	7.500000E+4	9.641311E-1	4.501739E-3
1.350000E+5	7.500000E+4	8.902768E-1	7.186094E-3
1.500000E+5	7.500000E+4	8.446524E-1	4.149826E-3
1.650000E+5	7.500000E+4	7.906871E-1	4.862197E-3
1.800000E+5	7.500000E+4	7.434085E-1	4.556863E-3
1.950000E+5	7.500000E+4	7.073742E-1	4.280663E-3
2.100000E+5	7.500000E+4	6.483752E-1	3.901648E-3
2.250000E+5	7.500000E+4	5.879088E-1	4.237853E-3
2.400000E+5	7.500000E+4	5.294044E-1	4.338829E-3
2.550000E+5	7.500000E+4	4.637298E-1	5.312853E-3
2.700000E+5	7.500000E+4	3.970335E-1	6.840926E-3
2.850000E+5	7.500000E+4	3.491145E-1	4.330844E-3
3.000000E+5	7.500000E+4	2.944119E-1	4.054305E-3
-3.000000E+5	9.000000E+4	3.861849E-1	4.384626E-3
-2.850000E+5	9.000000E+4	4.418788E-1	4.118716E-3
-2.700000E+5	9.000000E+4	5.099080E-1	4.426402E-3
-2.550000E+5	9.000000E+4	5.670969E-1	4.149655E-3
-2.400000E+5	9.000000E+4	6.229569E-1	4.065477E-3
-2.250000E+5	9.000000E+4	6.934102E-1	4.652547E-3
-2.100000E+5	9.000000E+4	7.641185E-1	5.304215E-3
-1.950000E+5	9.000000E+4	8.265021E-1	3.846084E-3
-1.800000E+5	9.000000E+4	9.082435E-1	4.964815E-3
-1.650000E+5	9.000000E+4	9.753141E-1	4.488885E-3
-1.500000E+5	9.000000E+4	1.049966E+0	6.049444E-3
-1.350000E+5	9.000000E+4	1.154736E+0	4.177044E-3
-1.200000E+5	9.000000E+4	1.258867E+0	5.141799E-3
-1.050000E+5	9.000000E+4	1.376615E+0	4.084056E-3
-9.000000E+4	9.000000E+4	1.518732E+0	4.116422E-3
-7.500000E+4	9.000000E+4	1.638234E+0	5.261824E-3
-6.000000E+4	9.000000E+4	1.744347E+0	3.973603E-3
-4.500000E+4	9.000000E+4	1.808921E+0	4.254795E-3
-3.000000E+4	9.000000E+4	1.829416E+0	4.481227E-3
-1.500000E+4	9.000000E+4	1.805190E+0	5.594400E-3
0.000000E+0	9.000000E+4	1.745463E+0	5.878399E-3
1.500000E+4	9.000000E+4	1.654821E+0	4.082120E-3
3.000000E+4	9.000000E+4	1.537435E+0	3.888423E-3
4.500000E+4	9.000000E+4	1.420739E+0	5.430384E-3
6.000000E+4	9.000000E+4	1.305145E+0	5.306383E-3
7.500000E+4	9.000000E+4	1.188646E+0	5.565658E-3
9.000000E+4	9.000000E+4	1.088540E+0	5.289682E-3
1.050000E+5	9.000000E+4	1.002292E+0	4.741288E-3
1.200000E+5	9.000000E+4	9.209501E-1	5.018895E-3
1.350000E+5	9.000000E+4	8.606631E-1	5.129216E-3
1.500000E+5	9.000000E+4	8.115540E-1	4.518286E-3
1.650000E+5	9.000000E+4	7.668933E-1	3.966850E-3
1.800000E+5	9.000000E+4	7.261200E-1	4.546052E-3
1.950000E+5	9.000000E+4	6.799276E-1	4.096663E-3
2.100000E+5	9.000000E+4	6.233353E-1	5.072424E-3
2.250000E+5	9.000000E+4	5.644138E-1	4.033497E-3
2.400000E+5	9.000000E+4	4.978775E-1	6.329846E-3
2.550000E+5	9.000000E+4	4.387562E-1	5.063260E-3
2.700000E+5	9.000000E+4	3.796939E-1	4.405065E-3
2.850000E+5	9.000000E+4	3.358113E-1	5.844593E-3
3.000000E+5	9.000000E+4	2.877771E-1	5.784575E-3
-3.000000E+5	1.050000E+5	3.636404E-1	9.705818E-3
-2.850000E+5	1.050000E+5	4.124833E-1	4.476207E-3
-2.700000E+5	1.050000E+5	4.769626E-1	4.362406E-3
-2.550000E+5	1.050000E+5	5.361758E-1	6.552180E-3
-2.400000E+5	1.050000E+5	6.009070E-1	7.327958E-3
-2.250000E+5	1.050000E+5	6.662124E-1	4.549861E-3
-2.100000E+5	1.050000E+5	7.418727E-1	4.336392E-3
-1.950000E+5	1.050000E+5	8.013592E-1	4.583024E-3
-1.800000E+5	1.050000E+5	8.703725E-1	4.472287E-3
-1.650000E+5	1.050000E+5	9.413490E-1	5.051715E-3
-1.500000E+5	1.050000E+5	1.008008E+0	4.603589E-3
-1.350000E+5	1.050000E+5	1.091815E+0	3.906028E-3
-1.200000E+5	1.050000E+5	1.171731E+0	4.619501E-3
-1.050000E+5	1.050000E+5	1.265320E+0	5.222064E-3
-9.000000E+4	1.050000E+5	1.359425E+0	4.207449E-3
-7.500000E+4	1.050000E+5	1.458510E+0	3.887837E-3
-6.000000E+4	1.050000E+5	1.536280E+0	3.957196E-3
-4.500000E+4	1.050000E+5	1.590142E+0	6.898471E-3
-3.000000E+4	1.050000E+5	1.614941E+0	4.824253E-3
-1.500000E+4	1.050000E+5	1.606232E+0	6.734865E-3
0.000000E+0	1.050000E+5	1.564739E+0	4.372003E-3
1.500000E+4	1.050000E+5	1.497367E+0	4.192377E-3
3.000000E+4	1.050000E+5	1.417797E+0	3.915694E-3
4.500000E+4	1.050000E+5	1.330781E+0	4.885836E-3
6.000000E+4	1.050000E+5	1.234659E+0	5.527042E-3
7.500000E+4	1.050000E+5	1.125515E+0	4.705169E-3
9.000000E+4	1.050000E+5	1.052470E+0	4.486039E-3
1.050000E+5	1.050000E+5	9.799950E-1	4.808716E-3
1.200000E+5	1.050000E+5	9.095488E-1	4.600860E-3
1.350000E+5	1.050000E+5	8.570357E-1	5.524443E-3
1.500000E+5	1.050000E+5	8.085344E-1	4.663755E-3
1.650000E+5	1.050000E+5	7.651046E-1	4.770556E-3
1.800000E+5	1.050000E+5	7.077546E-1	4.326417E-3
1.950000E+5	1.050000E+5	6.513153E-1	5.230225E-3
2.100000E+5	1.050000E+5	6.040113E-1	4.828409E-3
2.250000E+5	1.050000E+5	5.296053E-1	4.311987E-3
2.400000E+5	1.050000E+5	4.747293E-1	5.279020E-3
2.550000E+5	1.050000E+5	4.138518E-1	6.659396E-3
2.700000E+5	1.050000E+5	3.614795E-1	5.233050E-3
2.850000E+5	1.050000E+5	3.223705E-1	4.070532E-3
3.000000E+5	1.050000E+5	2.860720E-1	5.206163E-3
-3.000000E+5	1.200000E+5	3.475501E-1	4.904944E-3
-2.850000E+5	1.200000E+5	3.947093E-1	5.315905E-3
-2.700000E+5	1.200000E+5	4.458559E-1	4.414924E-3
-2.550000E+5	1.200000E+5	5.096673E-1	4.950859E-3
-2.400000E+5	1.200000E+5	5.718674E-1	4.979960E-3
-2.250000E+5	1.200000E+5	6.426297E-1	5.246851E-3
-2.100000E+5	1.200000E+5	7.045525E-1	4.173281E-3
-1.950000E+5	1.200000E+5	7.789044E-1	5.588634E-3
-1.800000E+5	1.200000E+5	8.422885E-1	4.548398E-3
-1.650000E+5	1.200000E+5	9.109735E-1	6.859127E-3
-1.500000E+5	1.200000E+5	9.736151E-1	4.796461E-3
-1.350000E+5	1.200000E+5	1.039210E+0	4.784894E-3
-1.200000E+5	1.200000E+5	1.114182E+0	5.694085E-3
-1.050000E+5	1.200000E+5	1.181751E+0	4.293398E-3
-9.000000E+4	1.200000E+5	1.257572E+0	5.700747E-3
-7.500000E+4	1.200000E+5	1.326077E+0	4.410600E-3
-6.000000E+4	1.200000E+5	1.384691E+0	4.438413E-3
-4.500000E+4	1.200000E+5	1.446413E+0	4.676561E-3
-3.000000E+4	1.200000E+5	1.462893E+0	4.044423E-3
-1.500000E+4	1.200000E+5	1.471856E+0	4.543489E-3
0.000000E+0	1.200000E+5	1.443091E+0	7.520475E-3
1.500000E+4	1.200000E+5	1.390694E+0	4.524742E-3
3.000000E+4	1.200000E+5	1.331060E+0	4.764488E-3
4.500000E+4	1.200000E+5	1.248448E+0	5.285073E-3
6.000000E+4	1.200000E+5	1.180487E+0	4.292884E-3
7.500000E+4	1.200000E+5	1.105230E+0	4.237249E-3
9.000000E+4	1.200000E+5	1.030999E+0	4.387829E-3
1.050000E+5	1.200000E+5	9.624474E-1	4.316426E-3
1.200000E+5	1.200000E+5	9.081741E-1	5.109023E-3
1.350000E+5	1.200000E+5	8.434245E-1	4.823087E-3
1.500000E+5	1.200000E+5	7.941411E-1	4.961344E-3
1.650000E+5	1.200000E+5	7.486696E-1	5.336154E-3
1.800000E+5	1.200000E+5	6.857597E-1	4.187973E-3
1.950000E+5	1.200000E+5	6.274246E-1	4.617543E-3
2.100000E+5	1.200000E+5	5.649380E-1	4.176192E-3
2.250000E+5	1.200000E+5	4.984731E-1	5.626896E-3
2.400000E+5	1.200000E+5	4.392191E-1	4.151427E-3
2.550000E+5	1.200000E+5	3.859595E-1	4.323097E-3
2.700000E+5	1.200000E+5	3.338033E-1	4.222370E-3
2.850000E+5	1.200000E+5	3.097985E-1	4.325431E-3
3.000000E+5	1.200000E+5	2.720407E-1	4.105743E-3
-3.000000E+5	1.350000E+5	3.186350E-1	3.996015E-3
-2.850000E+5	1.350000E+5	3.687108E-1	4.259560E-3
-2.700000E+5	1.350000E+5	4.230004E-1	5.621713E-3
-2.550000E+5	1.350000E+5	2.424821E-1	1.353565E-1
-2.400000E+5	1.350000E+5	5.416429E-1	5.803320E-3
-2.250000E+5	1.350000E+5	6.027365E-1	4.840246E-3
-2.100000E+5	1.350000E+5	6.758443E-1	4.333968E-3
-1.950000E+5	1.350000E+5	7.370124E-1	4.258611E-3
-1.800000E+5	1.350000E+5	8.107525E-1	4.467594E-3
-1.650000E+5	1.350000E+5	8.806969E-1	4.487106E-3
-1.500000E+5	1.350000E+5	9.422780E-1	4.364141E-3
-1.350000E+5	1.350000E+5	1.003791E+0	4.258403E-3
-1.200000E+5	1.350000E+5	1.058583E+0	4.809410E-3
-1.050000E+5	1.350000E+5	1.121099E+0	4.456243E-3
-9.000000E+4	1.350000E+5	1.179876E+0	4.287448E-3
-7.500000E+4	1.350000E+5	1.227474E+0	5.204598E-3
-6.000000E+4	1.350000E+5	1.285920E+0	4.352605E-3
-4.500000E+4	1.350000E+5	1.333231E+0	4.051896E-3
-3.000000E+4	1.350000E+5	1.358577E+0	4.111643E-3
-1.500000E+4	1.350000E+5	1.371829E+0	6.281612E-3
0.000000E+0	1.350000E+5	1.358775E+0	4.251125E-3
1.500000E+4	1.350000E+5	1.325247E+0	4.483836E-3
3.000000E+4	1.350000E+5	1.270219E+0	4.445264E-3
4.500000E+4	1.350000E+5	1.213897E+0	4.277181E-3
6.000000E+4	1.350000E+5	1.138311E+0	7.402726E-3
7.500000E+4	1.350000E+5	1.080351E+0	4.596425E-3
9.000000E+4	1.350000E+5	1.003883E+0	4.234626E-3
1.050000E+5	1.350000E+5	9.442972E-1	3.957946E-3
1.200000E+5	1.350000E+5	8.857928E-1	3.900456E-3
1.350000E+5	1.350000E+5	8.322181E-1	5.578231E-3
1.500000E+5	1.350000E+5	7.749150E-1	6.065433E-3
1.650000E+5	1.350000E+5	7.286777E-1	4.351032E-3
1.800000E+5	1.350000E+5	6.620404E-1	6.513950E-3
1.950000E+5	1.350000E+5	5.889326E-1	4.244828E-3
2.100000E+5	1.350000E+5	5.252681E-1	5.170148E-3
2.250000E+5	1.350000E+5	4.530954E-1	5.084052E-3
2.400000E+5	1.350000E+5	4.113738E-1	4.332470E-3
2.550000E+5	1.350000E+5	3.528643E-1	3.885387E-3
2.700000E+5	1.350000E+5	3.170033E-1	4.223989E-3
2.850000E+5	1.350000E+5	2.866197E-1	6.284998E-3
3.000000E+5	1.350000E+5	2.597441E-1	4.282747E-3
-3.000000E+5	1.500000E+5	2.944058E-1	4.341427E-3
-2.850000E+5	1.500000E+5	3.467700E-1	4.483931E-3
-2.700000E+5	1.500000E+5	3.851661E-1	4.379087E-3
-2.550000E+5	1.500000E+5	4.481984E-1	4.807835E-3
-2.400000E+5	1.500000E+5	5.097540E-1	4.442134E-3
-2.250000E+5	1.500000E+5	5.683573E-1	4.453585E-3
-2.100000E+5	1.500000E+5	6.398426E-1	5.972267E-3
-1.950000E+5	1.500000E+5	7.012198E-1	5.462785E-3
-1.800000E+5	1.500000E+5	7.662151E-1	3.983505E-3
-1.650000E+5	1.500000E+5	8.314960E-1	4.262615E-3
-1.500000E+5	1.500000E+5	8.896221E-1	5.088282E-3
-1.350000E+5	1.500000E+5	9.473351E-1	4.450078E-3
-1.200000E+5	1.500000E+5	1.004401E+0	4.191571E-3
-1.050000E+5	1.500000E+5	1.061968E+0	4.523249E-3
-9.000000E+4	1.500000E+5	1.104982E+0	4.285214E-3
-7.500000E+4	1.500000E+5	1.150701E+0	4.254788E-3
-6.000000E+4	1.500000E+5	1.199430E+0	6.708066E-3
-4.500000E+4	1.500000E+5	1.240332E+0	4.027198E-3
-3.000000E+4	1.500000E+5	1.269452E+0	4.233233E-3
-1.500000E+4	1.500000E+5	1.274531E+0	4.372009E-3
0.000000E+0	1.500000E+5	1.272760E+0	4.878936E-3
1.500000E+4	1.500000E+5	1.241845E+0	4.776153E-3
3.000000E+4	1.500000E+5	1.205431E+0	5.356788E-3
4.500000E+4	1.500000E+5	1.146204E+0	4.643689E-3
6.000000E+4	1.500000E+5	1.088312E+0	4.494689E-3
7.500000E+4	1.500000E+5	1.027624E+0	3.937030E-3
9.000000E+4	1.500000E+5	9.650000E-1	7.863015E-3
1.050000E+5	1.500000E+5	9.135321E-1	4.742182E-3
1.200000E+5	1.500000E+5	8.498329E-1	4.210752E-3
1.350000E+5	1.500000E+5	7.806442E-1	6.145125E-3
1.500000E+5	1.500000E+5	7.372959E-1	4.489412E-3
1.650000E+5	1.500000E+5	6.637547E-1	6.479043E-3
1.800000E+5	1.500000E+5	5.917564E-1	4.645264E-3
1.950000E+5	1.500000E+5	5.341872E-1	5.678259E-3
2.100000E+5	1.500000E+5	4.662691E-1	5.811099E-3
2.250000E+5	1.500000E+5	4.110535E-1	4.277763E-3
2.400000E+5	1.500000E+5	3.683630E-1	6.783940E-3
2.550000E+5	1.500000E+5	3.330640E-1	4.051820E-3
2.700000E+5	1.500000E+5	2.964443E-1	6.287750E-3
2.850000E+5	1.500000E+5	2.687193E-1	4.257152E-3
3.000000E+5	1.500000E+5	2.513532E-1	5.165273E-3
-3.000000E+5	1.650000E+5	2.760332E-1	4.427959E-3
-2.850000E+5	1.650000E+5	3.139664E-1	4.090973E-3
-2.700000E+5	1.650000E+5	3.587546E-1	4.127878E-3
-2.550000E+5	1.650000E+5	4.102785E-1	4.888487E-3
-2.400000E+5	1.650000E+5	4.684290E-1	4.559505E-3
-2.250000E+5	1.650000E+5	5.235416E-1	4.808502E-3
-2.100000E+5	1.650000E+5	5.835124E-1	5.372665E-3
-1.950000E+5	1.650000E+5	6.489473E-1	4.125682E-3
-1.800000E+5	1.650000E+5	7.142568E-1	5.979927E-3
-1.650000E+5	1.650000E+5	7.950640E-1	5.214203E-3
-1.500000E+5	1.650000E+5	8.406986E-1	5.319836E-3
-1.350000E+5	1.650000E+5	9.076092E-1	4.529430E-3
-1.200000E+5	1.650000E+5	9.507973E-1	7.282599E-3
-1.050000E+5	1.650000E+5	1.004360E+0	4.180665E-3
-9.000000E+4	1.650000E+5	1.052247E+0	5.215093E-3
-7.500000E+4	1.650000E+5	1.100126E+0	4.324039E-3
-6.000000E+4	1.650000E+5	1.138056E+0	4.365221E-3
-4.500000E+4	1.650000E+5	1.180222E+0	4.212178E-3
-3.000000E+4	1.650000E+5	1.211653E+0	4.472794E-3
-1.500000E+4	1.650000E+5	1.225934E+0	7.531265E-3
0.000000E+0	1.650000E+5	1.225504E+0	4.662828E-3
1.500000E+4	1.650000E+5	1.197915E+0	4.727130E-3
3.000000E+4	1.650000E+5	1.159727E+0	4.859492E-3
4.500000E+4	1.650000E+5	1.105554E+0	4.425986E-3
6.000000E+4	1.650000E+5	1.050921E+0	4.261205E-3
7.500000E+4	1.650000E+5	9.913738E-1	4.395152E-3
9.000000E+4	1.650000E+5	9.255493E-1	4.274129E-3
1.050000E+5	1.650000E+5	8.760854E-1	5.367905E-3
1.200000E+5	1.650000E+5	8.066295E-1	4.152554E-3
1.350000E+5	1.650000E+5	7.487818E-1	4.746584E-3
1.500000E+5	1.650000E+5	6.784254E-1	4.067760E-3
1.650000E+5	1.650000E+5	6.145906E-1	5.179696E-3
1.800000E+5	1.650000E+5	5.502407E-1	7.195246E-3
1.950000E+5	1.650000E+5	4.717739E-1	4.279476E-3
2.100000E+5	1.650000E+5	4.264320E-1	5.785529E-3
2.250000E+5	1.650000E+5	3.848612E-1	4.471661E-3
2.400000E+5	1.650000E+5	3.439921E-1	5.805875E-3
2.550000E+5	1.650000E+5	3.136380E-1	4.177004E-3
2.700000E+5	1.650000E+5	2.877639E-1	5.610041E-3
2.850000E+5	1.650000E+5	2.586060E-1	4.221593E-3
3.000000E+5	1.650000E+5	2.335059E-1	3.808081E-3
-3.000000E+5	1.800000E+5	2.492005E-1	5.354973E-3
-2.850000E+5	1.800000E+5	2.848799E-1	5.708093E-3
-2.700000E+5	1.800000E+5	3.265455E-1	4.213999E-3
-2.550000E+5	1.800000E+5	3.772862E-1	3.821605E-3
-2.400000E+5	1.800000E+5	4.199135E-1	5.439385E-3
-2.250000E+5	1.800000E+5	4.743061E-1	4.498793E-3
-2.100000E+5	1.800000E+5	5.473884E-1	5.120688E-3
-1.950000E+5	1.800000E+5	5.900809E-1	4.432948E-3
-1.800000E+5	1.800000E+5	6.537006E-1	5.228585E-3
-1.650000E+5	1.800000E+5	7.202399E-1	7.117702E-3
-1.500000E+5	1.800000E+5	7.834863E-1	4.002523E-3
-1.350000E+5	1.800000E+5	8.471366E-1	6.098053E-3
-1.200000E+5	1.800000E+5	9.038716E-1	4.383203E-3
-1.050000E+5	1.800000E+5	9.486649E-1	6.073320E-3
-9.000000E+4	1.800000E+5	9.924048E-1	4.352795E-3
-7.500000E+4	1.800000E+5	1.033301E+0	4.394978E-3
-6.000000E+4	1.800000E+5	1.075739E+0	8.961775E-3
-4.500000E+4	1.800000E+5	1.116344E+0	6.383795E-3
-3.000000E+4	1.800000E+5	1.152173E+0	4.443983E-3
-1.500000E+4	1.800000E+5	1.162219E+0	4.335889E-3
0.000000E+0	1.800000E+5	1.169646E+0	4.779861E-3
1.500000E+4	1.800000E+5	1.138133E+0	5.398586E-3
3.000000E+4	1.800000E+5	1.101381E+0	4.960909E-3
4.500000E+4	1.800000E+5	1.055208E+0	5.262753E-3
6.000000E+4	1.800000E+5	1.003958E+0	4.203011E-3
7.500000E+4	1.800000E+5	9.384619E-1	5.422517E-3
9.000000E+4	1.800000E+5	8.719736E-1	6.384959E-3
1.050000E+5	1.800000E+5	8.088832E-1	5.339835E-3
1.200000E+5	1.800000E+5	7.419666E-1	4.608939E-3
1.350000E+5	1.800000E+5	6.860157E-1	4.292293E-3
1.500000E+5	1.800000E+5	6.236331E-1	4.438866E-3
1.650000E+5	1.800000E+5	5.466419E-1	5.251595E-3
1.800000E+5	1.800000E+5	4.970240E-1	4.141252E-3
1.950000E+5	1.800000E+5	4.410089E-1	4.410745E-3
2.100000E+5	1.800000E+5	3.886253E-1	4.232521E-3
2.250000E+5	1.800000E+5	3.520984E-1	3.867715E-3
2.400000E+5	1.800000E+5	3.214261E-1	4.880217E-3
2.550000E+5	1.800000E+5	2.882187E-1	4.774653E-3
2.700000E+5	1.800000E+5	2.634102E-1	4.619312E-3
2.850000E+5	1.800000E+5	2.337812E-1	3.802687E-3
3.000000E+5	1.800000E+5	2.183732E-1	4.877014E-3
-3.000000E+5	1.950000E+5	2.225523E-1	5.459820E-3
-2.850000E+5	1.950000E+5	2.622130E-1	4.245288E-3
-2.700000E+5	1.950000E+5	2.929536E-1	3.974191E-3
-2.550000E+5	1.950000E+5	3.293785E-1	4.851106E-3
-2.400000E+5	1.950000E+5	3.807392E-1	4.472582E-3
-2.250000E+5	1.950000E+5	4.370052E-1	4.522457E-3
-2.100000E+5	1.950000E+5	4.862631E-1	4.927362E-3
-1.950000E+5	1.950000E+5	5.476729E-1	5.230759E-3
-1.800000E+5	1.950000E+5	5.972633E-1	4.802233E-3
-1.650000E+5	1.950000E+5	6.564173E-1	5.203712E-3
-1.500000E+5	1.950000E+5	7.150879E-1	5.906731E-3
-1.350000E+5	1.950000E+5	7.669372E-1	3.997581E-3
-1.200000E+5	1.950000E+5	8.259616E-1	3.798070E-3
-1.050000E+5	1.950000E+5	8.845925E-1	3.891823E-3
-9.000000E+4	1.950000E+5	9.219087E-1	4.270583E-3
-7.500000E+4	1.950000E+5	9.648674E-1	5.545339E-3
-6.000000E+4	1.950000E+5	1.005360E+0	4.648580E-3
-4.500000E+4	1.950000E+5	1.054361E+0	5.700119E-3
-3.000000E+4	1.950000E+5	1.081963E+0	4.854520E-3
-1.500000E+4	1.950000E+5	1.094934E+0	4.426182E-3
0.000000E+0	1.950000E+5	1.102905E+0	4.899016E-3
1.500000E+4	1.950000E+5	1.079356E+0	4.686220E-3
3.000000E+4	1.950000E+5	1.043124E+0	4.453899E-3
4.500000E+4	1.950000E+5	9.911576E-1	4.140559E-3
6.000000E+4	1.950000E+5	9.386088E-1	5.971582E-3
7.500000E+4	1.950000E+5	8.816402E-1	4.542541E-3
9.000000E+4	1.950000E+5	8.056423E-1	3.804717E-3
1.050000E+5	1.950000E+5	7.501779E-1	5.573451E-3
1.200000E+5	1.950000E+5	6.838986E-1	4.932469E-3
1.350000E+5	1.950000E+5	6.170523E-1	4.452884E-3
1.500000E+5	1.950000E+5	5.601256E-1	3.912911E-3
1.650000E+5	1.950000E+5	5.015824E-1	5.392713E-3
1.800000E+5	1.950000E+5	4.489531E-1	4.754545E-3
1.950000E+5	1.950000E+5	3.947756E-1	4.534447E-3
2.100000E+5	1.950000E+5	3.620434E-1	4.625636E-3
2.250000E+5	1.950000E+5	3.344886E-1	4.421973E-3
2.400000E+5	1.950000E+5	2.932310E-1	3.914057E-3
2.550000E+5	1.950000E+5	2.732940E-1	4.000878E-3
2.700000E+5	1.950000E+5	2.483224E-1	6.696953E-3
2.850000E+5	1.950000E+5	2.296643E-1	4.681443E-3
3.000000E+5	1.950000E+5	2.071453E-1	4.987273E-3
-3.000000E+5	2.100000E+5	1.998834E-1	5.492346E-3
-2.850000E+5	2.100000E+5	2.332560E-1	3.824552E-3
-2.700000E+5	2.100000E+5	2.623313E-1	4.328446E-3
-2.550000E+5	2.100000E+5	2.924631E-1	3.984797E-3
-2.400000E+5	2.100000E+5	3.360989E-1	5.766883E-3
-2.250000E+5	2.100000E+5	3.803415E-1	4.220673E-3
-2.100000E+5	2.100000E+5	4.340488E-1	4.259902E-3
-1.950000E+5	2.100000E+5	4.894969E-1	4.408660E-3
-1.800000E+5	2.100000E+5	5.322068E-1	5.186670E-3
-1.650000E+5	2.100000E+5	5.898229E-1	4.393592E-3
-1.500000E+5	2.100000E+5	6.480520E-1	3.889951E-3
-1.350000E+5	2.100000E+5	7.056936E-1	4.336294E-3
-1.200000E+5	2.100000E+5	7.480822E-1	5.482783E-3
-1.050000E+5	2.100000E+5	7.957442E-1	4.566915E-3
-9.000000E+4	2.100000E+5	8.418316E-1	4.212536E-3
-7.500000E+4	2.100000E+5	8.850820E-1	3.955750E-3
-6.000000E+4	2.100000E+5	9.301557E-1	4.041287E-3
-4.500000E+4	2.100000E+5	9.806507E-1	4.306315E-3
-3.000000E+4	2.100000E+5	1.006676E+0	4.613114E-3
-1.500000E+4	2.100000E+5	1.034393E+0	4.792971E-3
0.000000E+0	2.100000E+5	1.031526E+0	4.325415E-3
1.500000E+4	2.100000E+5	1.011261E+0	4.867405E-3
3.000000E+4	2.100000E+5	9.771773E-1	4.823389E-3
4.500000E+4	2.100000E+5	9.144754E-1	4.695311E-3
6.000000E+4	2.100000E+5	8.636113E-1	4.607784E-3
7.500000E+4	2.100000E+5	7.983743E-1	4.245814E-3
9.000000E+4	2.100000E+5	7.343426E-1	4.406466E-3
1.050000E+5	2.100000E+5	6.762451E-1	4.469671E-3
1.200000E+5	2.100000E+5	6.009172E-1	6.338880E-3
1.350000E+5	2.100000E+5	5.539793E-1	4.120714E-3
1.500000E+5	2.100000E+5	4.984445E-1	4.069202E-3
1.650000E+5	2.100000E+5	4.501421E-1	4.585032E-3
1.800000E+5	2.100000E+5	4.115318E-1	4.370328E-3
1.950000E+5	2.100000E+5	3.747520E-1	4.045967E-3
2.100000E+5	2.100000E+5	3.353422E-1	5.149796E-3
2.250000E+5	2.100000E+5	3.144059E-1	4.017326E-3
2.400000E+5	2.100000E+5	2.802602E-1	5.774468E-3
2.550000E+5	2.100000E+5	2.563064E-1	4.809546E-3
2.700000E+5	2.100000E+5	2.338251E-1	3.839868E-3
2.850000E+5	2.100000E+5	2.190146E-1	5.273906E-3
3.000000E+5	2.100000E+5	1.982180E-1	4.954844E-3
-3.000000E+5	2.250000E+5	1.857419E-1	5.669996E-3
-2.850000E+5	2.250000E+5	2.101272E-1	4.663595E-3
-2.700000E+5	2.250000E+5	2.309360E-1	4.324787E-3
-2.550000E+5	2.250000E+5	2.583276E-1	4.774229E-3
-2.400000E+5	2.250000E+5	2.928873E-1	3.960925E-3
-2.250000E+5	2.250000E+5	3.313987E-1	4.560878E-3
-2.100000E+5	2.250000E+5	3.816183E-1	4.495575E-3
-1.950000E+5	2.250000E+5	4.298493E-1	4.185448E-3
-1.800000E+5	2.250000E+5	4.712396E-1	4.339806E-3
-1.650000E+5	2.250000E+5	5.286609E-1	4.568145E-3
-1.500000E+5	2.250000E+5	5.811843E-1	7.026165E-3
-1.350000E+5	2.250000E+5	6.215292E-1	4.350378E-3
-1.200000E+5	2.250000E+5	6.547000E-1	6.517165E-3
-1.050000E+5	2.250000E+5	7.073293E-1	4.275220E-3
-9.000000E+4	2.250000E+5	7.411813E-1	4.273467E-3
-7.500000E+4	2.250000E+5	7.957962E-1	4.415935E-3
-6.000000E+4	2.250000E+5	8.462647E-1	4.991846E-3
-4.500000E+4	2.250000E+5	8.848536E-1	3.907854E-3
-3.000000E+4	2.250000E+5	9.164375E-1	4.674899E-3
-1.500000E+4	2.250000E+5	9.369822E-1	5.810540E-3
0.000000E+0	2.250000E+5	9.247916E-1	4.120230E-3
1.500000E+4	2.250000E+5	9.152382E-1	4.563614E-3
3.000000E+4	2.250000E+5	8.812353E-1	5.066817E-3
4.500000E+4	2.250000E+5	8.265960E-1	3.874889E-3
6.000000E+4	2.250000E+5	7.766578E-1	6.606142E-3
7.500000E+4	2.250000E+5	7.225436E-1	8.363560E-3
9.000000E+4	2.250000E+5	6.532978E-1	6.926016E-3
1.050000E+5	2.250000E+5	5.941529E-1	4.687746E-3
1.200000E+5	2.250000E+5	5.367560E-1	4.998606E-3
1.350000E+5	2.250000E+5	4.969954E-1	4.391597E-3
1.500000E+5	2.250000E+5	4.463342E-1	4.657834E-3
1.650000E+5	2.250000E+5	4.120346E-1	4.386431E-3
1.800000E+5	2.250000E+5	3.758432E-1	5.220420E-3
1.950000E+5	2.250000E+5	3.475450E-1	5.059412E-3
2.100000E+5	2.250000E+5	3.185126E-1	4.028097E-3
2.250000E+5	2.250000E+5	2.871805E-1	6.072911E-3
2.400000E+5	2.250000E+5	2.668439E-1	4.270537E-3
2.550000E+5	2.250000E+5	2.398837E-1	5.627016E-3
2.700000E+5	2.250000E+5	2.224983E-1	4.474059E-3
2.850000E+5	2.250000E+5	1.946284E-1	4.335809E-3
3.000000E+5	2.250000E+5	1.772256E-1	5.777444E-3
-3.000000E+5	2.400000E+5	1.732862E-1	3.832866E-3
-2.850000E+5	2.400000E+5	1.890562E-1	5.025768E-3
-2.700000E+5	2.400000E+5	2.077786E-1	5.070361E-3
-2.550000E+5	2.400000E+5	2.337659E-1	3.771271E-3
-2.400000E+5	2.400000E+5	2.590465E-1	4.676009E-3
-2.250000E+5	2.400000E+5	2.923172E-1	3.937345E-3
-2.100000E+5	2.400000E+5	3.272502E-1	4.953962E-3
-1.950000E+5	2.400000E+5	3.838853E-1	4.418695E-3
-1.800000E+5	2.400000E+5	4.265513E-1	4.659260E-3
-1.650000E+5	2.400000E+5	4.647119E-1	5.271570E-3
-1.500000E+5	2.400000E+5	5.152476E-1	5.058904E-3
-1.350000E+5	2.400000E+5	5.527341E-1	4.654788E-3
-1.200000E+5	2.400000E+5	5.892223E-1	4.283150E-3
-1.050000E+5	2.400000E+5	6.301781E-1	4.795469E-3
-9.000000E+4	2.400000E+5	6.672148E-1	4.629886E-3
-7.500000E+4	2.400000E+5	7.063034E-1	4.235842E-3
-6.000000E+4	2.400000E+5	7.481914E-1	4.782328E-3
-4.500000E+4	2.400000E+5	7.858910E-1	5.732124E-3
-3.000000E+4	2.400000E+5	8.084641E-1	4.647094E-3
-1.500000E+4	2.400000E+5	8.264430E-1	3.781908E-3
0.000000E+0	2.400000E+5	8.278156E-1	4.253563E-3
1.500000E+4	2.400000E+5	8.080368E-1	4.303663E-3
3.000000E+4	2.400000E+5	7.689910E-1	5.106769E-3
4.500000E+4	2.400000E+5	7.414811E-1	4.911797E-3
6.000000E+4	2.400000E+5	6.900306E-1	4.700690E-3
7.500000E+4	2.400000E+5	6.355575E-1	4.255315E-3
9.000000E+4	2.400000E+5	5.817676E-1	5.354713E-3
1.050000E+5	2.400000E+5	5.310350E-1	4.280741E-3
1.200000E+5	2.400000E+5	4.883445E-1	5.098389E-3
1.350000E+5	2.400000E+5	4.504175E-1	4.184920E-3
1.500000E+5	2.400000E+5	4.102642E-1	4.770823E-3
1.650000E+5	2.400000E+5	3.772801E-1	3.905382E-3
1.800000E+5	2.400000E+5	3.524757E-1	3.910970E-3
1.950000E+5	2.400000E+5	3.164557E-1	3.860164E-3
2.100000E+5	2.400000E+5	2.923427E-1	3.963048E-3
2.250000E+5	2.400000E+5	2.665481E-1	4.252569E-3
2.400000E+5	2.400000E+5	2.352905E-1	4.809361E-3
2.550000E+5	2.400000E+5	2.229939E-1	6.923270E-3
2.700000E+5	2.400000E+5	2.051536E-1	4.398315E-3
2.850000E+5	2.400000E+5	1.759203E-1	4.249866E-3
3.000000E+5	2.400000E+5	1.691693E-1	4.864406E-3
-3.000000E+5	2.550000E+5	1.536960E-1	3.951331E-3
-2.850000E+5	2.550000E+5	1.654144E-1	7.263064E-3
-2.700000E+5	2.550000E+5	1.783658E-1	5.223586E-3
-2.550000E+5	2.550000E+5	2.100079E-1	4.251228E-3
-2.400000E+5	2.550000E+5	2.323688E-1	3.908658E-3
-2.250000E+5	2.550000E+5	2.473291E-1	6.718426E-3
-2.100000E+5	2.550000E+5	2.795494E-1	5.087394E-3
-1.950000E+5	2.550000E+5	3.225724E-1	4.000435E-3
-1.800000E+5	2.550000E+5	3.523177E-1	3.893804E-3
-1.650000E+5	2.550000E+5	3.956282E-1	4.416049E-3
-1.500000E+5	2.550000E+5	4.316890E-1	4.388599E-3
-1.350000E+5	2.550000E+5	4.678375E-1	4.984437E-3
-1.200000E+5	2.550000E+5	4.963703E-1	4.385074E-3
-1.050000E+5	2.550000E+5	5.297419E-1	4.328350E-3
-9.000000E+4	2.550000E+5	5.658099E-1	4.509663E-3
-7.500000E+4	2.550000E+5	5.947791E-1	4.712899E-3
-6.000000E+4	2.550000E+5	6.293133E-1	4.478684E-3
-4.500000E+4	2.550000E+5	6.635426E-1	5.039382E-3
-3.000000E+4	2.550000E+5	6.858913E-1	4.145009E-3
-1.500000E+4	2.550000E+5	7.001092E-1	4.496461E-3
0.000000E+0	2.550000E+5	7.022569E-1	5.993864E-3
1.500000E+4	2.550000E+5	6.914257E-1	4.745103E-3
3.000000E+4	2.550000E+5	6.646348E-1	4.045682E-3
4.500000E+4	2.550000E+5	6.259235E-1	4.397994E-3
6.000000E+4	2.550000E+5	5.892906E-1	4.320792E-3
7.500000E+4	2.550000E+5	5.563972E-1	4.487674E-3
9.000000E+4	2.550000E+5	5.065631E-1	4.353374E-3
1.050000E+5	2.550000E+5	4.704859E-1	4.135382E-3
1.200000E+5	2.550000E+5	4.332605E-1	4.140154E-3
1.350000E+5	2.550000E+5	3.945737E-1	4.948749E-3
1.500000E+5	2.550000E+5	3.670373E-1	5.058557E-3
1.650000E+5	2.550000E+5	3.400169E-1	4.821582E-3
1.800000E+5	2.550000E+5	3.117075E-1	4.427612E-3
1.950000E+5	2.550000E+5	2.846045E-1	7.678447E-3
2.100000E+5	2.550000E+5	2.647798E-1	4.629310E-3
2.250000E+5	2.550000E+5	2.397562E-1	5.587716E-3
2.400000E+5	2.550000E+5	2.227308E-1	4.635785E-3
2.550000E+5	2.550000E+5	2.075909E-1	4.702575E-3
2.700000E+5	2.550000E+5	1.953504E-1	4.557210E-3
2.850000E+5	2.550000E+5	1.726560E-1	3.919287E-3
3.000000E+5	2.550000E+5	1.590458E-1	6.857956E-3
-3.000000E+5	2.700000E+5	1.355009E-1	4.632887E-3
-2.850000E+5	2.700000E+5	1.497331E-1	4.234689E-3
-2.700000E+5	2.700000E+5	1.676406E-1	5.898074E-3
-2.550000E+5	2.700000E+5	1.783546E-1	5.367676E-3
-2.400000E+5	2.700000E+5	2.047875E-1	4.225451E-3
-2.250000E+5	2.700000E+5	2.276686E-1	5.350883E-3
-2.100000E+5	2.700000E+5	2.380776E-1	4.554948E-3
-1.950000E+5	2.700000E+5	2.781992E-1	4.161892E-3
-1.800000E+5	2.700000E+5	3.162048E-1	5.111818E-3
-1.650000E+5	2.700000E+5	3.418016E-1	4.039571E-3
-1.500000E+5	2.700000E+5	3.681438E-1	4.906185E-3
-1.350000E+5	2.700000E+5	4.115400E-1	4.374251E-3
-1.200000E+5	2.700000E+5	4.369409E-1	4.155062E-3
-1.050000E+5	2.700000E+5	4.642469E-1	5.129812E-3
-9.000000E+4	2.700000E+5	4.924094E-1	4.586741E-3
-7.500000E+4	2.700000E+5	5.284121E-1	4.437306E-3
-6.000000E+4	2.700000E+5	5.513666E-1	4.488774E-3
-4.500000E+4	2.700000E+5	5.760700E-1	5.569640E-3
-3.000000E+4	2.700000E+5	5.918584E-1	4.448787E-3
-1.500000E+4	2.700000E+5	6.063384E-1	4.445234E-3
0.000000E+0	2.700000E+5	6.002074E-1	6.834796E-3
1.500000E+4	2.700000E+5	5.971267E-1	5.469572E-3
3.000000E+4	2.700000E+5	5.764025E-1	4.773834E-3
4.500000E+4	2.700000E+5	5.528779E-1	4.340023E-3
6.000000E+4	2.700000E+5	5.295910E-1	4.339512E-3
7.500000E+4	2.700000E+5	4.972565E-1	4.086476E-3
9.000000E+4	2.700000E+5	4.536818E-1	4.398440E-3
1.050000E+5	2.700000E+5	4.160821E-1	5.344218E-3
1.200000E+5	2.700000E+5	3.939690E-1	3.947016E-3
1.350000E+5	2.700000E+5	3.520148E-1	3.914731E-3
1.500000E+5	2.700000E+5	3.292724E-1	5.052633E-3
1.650000E+5	2.700000E+5	3.101156E-1	4.781300E-3
1.800000E+5	2.700000E+5	2.874110E-1	5.458334E-3
1.950000E+5	2.700000E+5	2.579645E-1	5.892791E-3
2.100000E+5	2.700000E+5	2.421333E-1	7.873016E-3
2.250000E+5	2.700000E+5	2.321210E-1	4.008070E-3
2.400000E+5	2.700000E+5	2.109960E-1	4.037148E-3
2.550000E+5	2.700000E+5	1.865323E-1	4.352738E-3
2.700000E+5	2.700000E+5	1.749464E-1	4.284224E-3
2.850000E+5	2.700000E+5	1.619288E-1	4.834822E-3
3.000000E+5	2.700000E+5	1.490886E-1	4.027402E-3
-3.000000E+5	2.850000E+5	1.341792E-1	4.357573E-3
-2.850000E+5	2.850000E+5	1.401450E-1	4.225695E-3
-2.700000E+5	2.850000E+5	1.557356E-1	4.359795E-3
-2.550000E+5	2.850000E+5	1.671940E-1	4.724964E-3
-2.400000E+5	2.850000E+5	1.769330E-1	4.483476E-3
-2.250000E+5	2.850000E+5	2.004035E-1	4.584624E-3
-2.100000E+5	2.850000E+5	2.163928E-1	8.730145E-3
-1.950000E+5	2.850000E+5	2.452233E-1	5.681719E-3
-1.800000E+5	2.850000E+5	2.703560E-1	4.331257E-3
-1.650000E+5	2.850000E+5	2.933268E-1	4.016816E-3
-1.500000E+5	2.850000E+5	3.245080E-1	4.311214E-3
-1.350000E+5	2.850000E+5	3.518587E-1	3.975836E-3
-1.200000E+5	2.850000E+5	3.729052E-1	4.239627E-3
-1.050000E+5	2.850000E+5	3.963798E-1	4.384148E-3
-9.000000E+4	2.850000E+5	4.253214E-1	4.876243E-3
-7.500000E+4	2.850000E+5	4.521807E-1	4.333536E-3
-6.000000E+4	2.850000E+5	4.750832E-1	5.537971E-3
-4.500000E+4	2.850000E+5	4.989514E-1	4.659048E-3
-3.000000E+4	2.850000E+5	5.160420E-1	4.374532E-3
-1.500000E+4	2.850000E+5	5.241229E-1	6.275682E-3
0.000000E+0	2.850000E+5	5.312634E-1	4.602976E-3
1.500000E+4	2.850000E+5	5.231194E-1	4.643168E-3
3.000000E+4	2.850000E+5	5.050671E-1	4.316457E-3
4.500000E+4	2.850000E+5	4.942634E-1	4.353334E-3
6.000000E+4	2.850000E+5	4.610814E-1	5.357448E-3
7.500000E+4	2.850000E+5	4.406285E-1	4.539312E-3
9.000000E+4	2.850000E+5	4.113870E-1	4.304168E-3
1.050000E+5	2.850000E+5	3.786650E-1	4.275661E-3
1.200000E+5	2.850000E+5	3.517262E-1	3.973519E-3
1.350000E+5	2.850000E+5	3.201891E-1	4.411319E-3
1.500000E+5	2.850000E+5	2.932799E-1	4.350553E-3
1.650000E+5	2.850000E+5	2.798880E-1	4.913295E-3
1.800000E+5	2.850000E+5	2.639874E-1	4.891882E-3
1.950000E+5	2.850000E+5	2.370955E-1	4.486882E-3
2.100000E+5	2.850000E+5	2.289964E-1	5.702916E-3
2.250000E+5	2.850000E+5	2.166263E-1	4.767498E-3
2.400000E+5	2.850000E+5	1.950394E-1	4.367588E-3
2.550000E+5	2.850000E+5	1.734127E-1	3.794674E-3
2.700000E+5	2.850000E+5	1.724765E-1	4.044012E-3
2.850000E+5	2.850000E+5	1.520990E-1	4.472551E-3
3.000000E+5	2.850000E+5	1.412964E-1	4.869113E-3
-3.000000E+5	3.000000E+5	1.135927E-1	3.978597E-3
-2.850000E+5	3.000000E+5	1.201745E-1	4.360187E-3
-2.700000E+5	3.000000E+5	1.375701E-1	5.060132E-3
-2.550000E+5	3.000000E+5	1.493864E-1	4.134866E-3
-2.400000E+5	3.000000E+5	1.730720E-1	3.875027E-3
-2.250000E+5	3.000000E+5	1.732036E-1	3.802157E-3
-2.100000E+5	3.000000E+5	2.005411E-1	4.524685E-3
-1.950000E+5	3.000000E+5	2.245297E-1	5.913171E-3
-1.800000E+5	3.000000E+5	2.332071E-1	3.799596E-3
-1.650000E+5	3.000000E+5	2.541699E-1	4.844426E-3
-1.500000E+5	3.000000E+5	2.756100E-1	4.298005E-3
-1.350000E+5	3.000000E+5	2.963811E-1	4.689997E-3
-1.200000E+5	3.000000E+5	3.218871E-1	3.939096E-3
-1.050000E+5	3.000000E+5	3.519505E-1	3.912702E-3
-9.000000E+4	3.000000E+5	3.695623E-1	4.329468E-3
-7.500000E+4	3.000000E+5	3.953793E-1	3.908296E-3
-6.000000E+4	3.000000E+5	4.167848E-1	4.907290E-3
-4.500000E+4	3.000000E+5	4.324171E-1	4.318481E-3
-3.000000E+4	3.000000E+5	4.536818E-1	4.202480E-3
-1.500000E+4	3.000000E+5	4.607826E-1	4.647653E-3
0.000000E+0	3.000000E+5	4.659825E-1	5.691103E-3
1.500000E+4	3.000000E+5	4.537389E-1	4.646766E-3
3.000000E+4	3.000000E+5	4.484513E-1	4.373146E-3
4.500000E+4	3.000000E+5	4.282493E-1	5.567007E-3
6.000000E+4	3.000000E+5	4.113829E-1	4.323140E-3
7.500000E+4	3.000000E+5	3.886742E-1	4.432117E-3
9.000000E+4	3.000000E+5	3.566314E-1	6.280222E-3
1.050000E+5	3.000000E+5	3.358276E-1	4.026074E-3
1.200000E+5	3.000000E+5	3.176091E-1	3.933305E-3
1.350000E+5	3.000000E+5	2.926201E-1	4.035874E-3
1.500000E+5	3.000000E+5	2.745412E-1	4.270101E-3
1.650000E+5	3.000000E+5	2.575862E-1	4.128646E-3
1.800000E+5	3.000000E+5	2.332703E-1	3.815356E-3
1.950000E+5	3.000000E+5	2.245103E-1	4.577341E-3
2.100000E+5	3.000000E+5	2.024461E-1	4.293301E-3
2.250000E+5	3.000000E+5	1.948334E-1	4.552383E-3
2.400000E+5	3.000000E+5	1.800025E-1	6.183332E-3
2.550000E+5	3.000000E+5	1.616228E-1	4.586420E-3
2.700000E+5	3.000000E+5	1.508182E-1	4.031825E-3
2.850000E+5	3.000000E+5	1.385113E-1	4.419314E-3
3.000000E+5	3.000000E+5	1.438326E-1	5.874210E-3
