1.230531E-2	6.704710E-3
1.230473E-2	6.713786E-3
1.230430E-2	6.703535E-3
1.231881E-2	6.662468E-3
1.239468E-2	6.584207E-3
1.241619E-2	6.537330E-3
1.244964E-2	6.493629E-3
1.246203E-2	6.476704E-3
1.249080E-2	6.436541E-3
1.252327E-2	6.392840E-3
1.253770E-2	6.338398E-3
1.259195E-2	6.281991E-3
1.264109E-2	6.230028E-3
1.266052E-2	6.186456E-3
1.268243E-2	6.173107E-3
1.269385E-2	6.135577E-3
1.271813E-2	6.110428E-3
1.274701E-2	6.044315E-3
1.278404E-2	6.004501E-3
1.284137E-2	5.924342E-3
1.288916E-2	5.854498E-3
1.292907E-2	5.790050E-3
1.299453E-2	5.726326E-3
1.300185E-2	5.684368E-3
1.303816E-2	5.656366E-3
1.307470E-2	5.570862E-3
1.313817E-2	5.519234E-3
1.314818E-2	5.488753E-3
1.319289E-2	5.432000E-3
1.320784E-2	5.377997E-3
1.326704E-2	5.329365E-3
1.327570E-2	5.306630E-3
1.332009E-2	5.249270E-3
1.334286E-2	5.153606E-3
1.342236E-2	5.107504E-3
1.344832E-2	5.041288E-3
1.348827E-2	5.008186E-3
1.351542E-2	4.920810E-3
1.360071E-2	4.821699E-3
1.364939E-2	4.757226E-3
1.368732E-2	4.712582E-3
1.371778E-2	4.637884E-3
1.375570E-2	4.610876E-3
1.380232E-2	4.527670E-3
1.383464E-2	4.493936E-3
1.387879E-2	4.459169E-3
1.391068E-2	4.333928E-3
1.397067E-2	4.298502E-3
1.399276E-2	4.250348E-3
1.406235E-2	4.145101E-3
1.411748E-2	4.034564E-3
1.426052E-2	3.867443E-3
1.430463E-2	3.781797E-3
1.440660E-2	3.717620E-3
1.447007E-2	3.673635E-3
1.447305E-2	3.508476E-3
1.455429E-2	3.486671E-3
1.455370E-2	3.425218E-3
1.461750E-2	3.381221E-3
1.470363E-2	3.324003E-3
1.474300E-2	3.185038E-3
1.476929E-2	3.131319E-3
1.483078E-2	3.047106E-3
1.487580E-2	2.994691E-3
1.492579E-2	2.891590E-3
1.499316E-2	2.851956E-3
1.500268E-2	2.831106E-3
1.502912E-2	2.768970E-3
1.510030E-2	2.740632E-3
1.511885E-2	2.646478E-3
1.516942E-2	2.598246E-3
1.518014E-2	2.549343E-3
1.522053E-2	2.507204E-3
1.525269E-2	2.457048E-3
1.529976E-2	2.370421E-3
1.534670E-2	2.290998E-3
1.539630E-2	2.256566E-3
1.542103E-2	2.204254E-3
1.548218E-2	2.083865E-3
1.552887E-2	2.080948E-3
1.553655E-2	2.039932E-3
1.557390E-2	1.998077E-3
1.561796E-2	1.949471E-3
1.565500E-2	1.871597E-3
1.570675E-2	1.782749E-3
1.580462E-2	1.716714E-3
1.582559E-2	1.595487E-3
1.586863E-2	1.521628E-3
1.592736E-2	1.456213E-3
1.597799E-2	1.361272E-3
1.605579E-2	1.246061E-3
1.612434E-2	1.186855E-3
1.618178E-2	1.108568E-3
1.622427E-2	1.027764E-3
1.631452E-2	9.014380E-4
1.635483E-2	8.335690E-4
1.644311E-2	7.596460E-4
1.651038E-2	5.936080E-4
1.657385E-2	5.560660E-4
1.662223E-2	4.376150E-4
1.667175E-2	3.752590E-4
1.674430E-2	2.775810E-4
1.680697E-2	1.938460E-4
1.689014E-2	5.910300E-5
1.698217E-2	-5.675300E-5
1.702399E-2	-1.741710E-4
1.710327E-2	-2.078400E-4
1.716947E-2	-3.163890E-4
1.723845E-2	-4.586850E-4
1.730358E-2	-5.833580E-4
1.745398E-2	-6.044530E-4
1.749742E-2	-7.583030E-4
1.754278E-2	-8.936140E-4
1.765731E-2	-8.957830E-4
1.770497E-2	-1.059873E-3
1.774725E-2	-1.119415E-3
1.775594E-2	-1.233760E-3
1.788307E-2	-1.331193E-3
1.791870E-2	-1.415328E-3
1.796877E-2	-1.467989E-3
1.801679E-2	-1.559393E-3
1.806414E-2	-1.634117E-3
1.812516E-2	-1.690740E-3
1.818213E-2	-1.800593E-3
1.822926E-2	-1.890215E-3
1.839849E-2	-2.066002E-3
1.861344E-2	-2.851468E-3
1.897208E-2	-3.087452E-3
1.922103E-2	-3.089905E-3
1.928456E-2	-3.452874E-3
1.938358E-2	-3.535396E-3
1.949130E-2	-3.754235E-3
1.958309E-2	-3.831645E-3
1.967174E-2	-4.007765E-3
1.976126E-2	-4.019642E-3
1.980277E-2	-4.127468E-3
1.992792E-2	-4.321005E-3
2.003112E-2	-4.528032E-3
2.020414E-2	-4.707702E-3
2.030369E-2	-4.815773E-3
2.044939E-2	-5.138178E-3
2.056053E-2	-5.373414E-3
2.087183E-2	-5.777282E-3
2.102586E-2	-5.946392E-3
2.116487E-2	-6.065824E-3
2.122303E-2	-6.248130E-3
2.141897E-2	-6.492067E-3
2.152823E-2	-6.645014E-3
2.164717E-2	-6.775509E-3
2.177649E-2	-6.922711E-3
2.192045E-2	-7.267012E-3
2.214132E-2	-7.532675E-3
2.231995E-2	-7.758784E-3
2.247260E-2	-8.055730E-3
2.262240E-2	-8.301475E-3
2.293084E-2	-8.766628E-3
2.312370E-2	-8.963547E-3
2.332402E-2	-9.258918E-3
2.346687E-2	-9.513674E-3
2.375427E-2	-1.000496E-2
2.408630E-2	-1.039030E-2
2.429043E-2	-1.071826E-2
2.459401E-2	-1.131761E-2
2.505183E-2	-1.181047E-2
2.525632E-2	-1.203798E-2
2.542440E-2	-1.243013E-2
2.568072E-2	-1.269084E-2
2.595334E-2	-1.318338E-2
2.628218E-2	-1.378417E-2
2.677778E-2	-1.440255E-2
2.717520E-2	-1.502423E-2
2.749079E-2	-1.531862E-2
2.775270E-2	-1.586196E-2
2.798085E-2	-1.609385E-2
2.836454E-2	-1.663544E-2
2.861597E-2	-1.699931E-2
2.901715E-2	-1.779703E-2
2.965573E-2	-1.868424E-2
3.003457E-2	-1.933508E-2
3.073173E-2	-1.983034E-2
3.073215E-2	-1.982872E-2
3.073334E-2	-1.971983E-2
3.062744E-2	-1.956882E-2
3.049434E-2	-1.947423E-2
3.045470E-2	-1.935829E-2
3.029951E-2	-1.912923E-2
3.004155E-2	-1.874034E-2
2.994937E-2	-1.869503E-2
2.994745E-2	-1.862069E-2
2.984884E-2	-1.843955E-2
2.974929E-2	-1.837538E-2
2.972005E-2	-1.824428E-2
2.958264E-2	-1.812713E-2
2.947801E-2	-1.790531E-2
2.930136E-2	-1.768969E-2
2.914131E-2	-1.733857E-2
2.894408E-2	-1.715977E-2
2.876682E-2	-1.677380E-2
2.854090E-2	-1.648224E-2
2.841375E-2	-1.630493E-2
2.817833E-2	-1.587676E-2
2.782762E-2	-1.544864E-2
2.746748E-2	-1.529847E-2
2.737347E-2	-1.471601E-2
2.708036E-2	-1.425122E-2
2.667731E-2	-1.376682E-2
2.650870E-2	-1.352602E-2
2.599801E-2	-1.321619E-2
2.580370E-2	-1.257760E-2
2.559251E-2	-1.232949E-2
2.535224E-2	-1.183870E-2
2.501150E-2	-1.133976E-2
2.475276E-2	-1.111026E-2
2.462871E-2	-1.091671E-2
2.453717E-2	-1.075227E-2
2.437483E-2	-1.058971E-2
2.424948E-2	-1.042676E-2
2.413169E-2	-1.024821E-2
2.407786E-2	-1.016445E-2
2.399845E-2	-1.001208E-2
2.387046E-2	-9.829585E-3
2.372875E-2	-9.630549E-3
2.359962E-2	-9.456301E-3
2.345977E-2	-9.244833E-3
2.331692E-2	-9.009352E-3
2.309397E-2	-8.658919E-3
2.290040E-2	-8.396714E-3
2.274878E-2	-8.219250E-3
2.261847E-2	-7.993929E-3
2.236582E-2	-7.607296E-3
2.220468E-2	-7.505939E-3
2.209939E-2	-7.164866E-3
2.189168E-2	-6.948970E-3
2.168026E-2	-6.616805E-3
2.147994E-2	-6.327811E-3
2.123890E-2	-5.980733E-3
2.104927E-2	-5.713622E-3
2.089407E-2	-5.406219E-3
2.064674E-2	-5.100674E-3
2.033241E-2	-4.592828E-3
2.007930E-2	-4.303124E-3
1.988016E-2	-4.138907E-3
1.949565E-2	-3.870892E-3
1.925342E-2	-3.230200E-3
1.917061E-2	-2.841036E-3
1.885917E-2	-2.536370E-3
1.872784E-2	-2.353756E-3
1.846343E-2	-1.877563E-3
1.824964E-2	-1.537265E-3
1.784621E-2	-9.255930E-4
1.739075E-2	-3.621810E-4
1.713192E-2	3.206900E-5
1.684273E-2	4.952850E-4
1.655153E-2	8.036820E-4
1.622274E-2	1.478444E-3
1.587457E-2	1.884791E-3
1.550058E-2	2.405795E-3
1.514817E-2	2.965359E-3
1.460586E-2	3.793893E-3
1.400026E-2	4.791954E-3
1.333568E-2	5.747046E-3
1.299627E-2	6.226026E-3
1.238660E-2	6.814511E-3
1.225809E-2	6.814343E-3
1.225822E-2	6.815169E-3
1.225825E-2	6.814085E-3
1.225808E-2	6.813284E-3
1.225818E-2	6.813917E-3
