6.714737E-2	4.246165E-3
6.751770E-2	4.248153E-3
6.786140E-2	4.249302E-3
6.777942E-2	4.248321E-3
6.794261E-2	4.248127E-3
6.769970E-2	4.248656E-3
6.772659E-2	4.249573E-3
6.777358E-2	4.248992E-3
6.783811E-2	4.247920E-3
6.810868E-2	4.246617E-3
6.814003E-2	4.248398E-3
6.818111E-2	4.248592E-3
6.803390E-2	4.248915E-3
6.818518E-2	4.250619E-3
6.835747E-2	4.249186E-3
6.828480E-2	4.250089E-3
6.839909E-2	4.250322E-3
6.830552E-2	4.249005E-3
6.865953E-2	4.249573E-3
6.875153E-2	4.249341E-3
6.860743E-2	4.250296E-3
6.860356E-2	4.249934E-3
6.860729E-2	4.250838E-3
6.866192E-2	4.251342E-3
6.879643E-2	4.251380E-3
6.868324E-2	4.250335E-3
6.874034E-2	4.250954E-3
6.893080E-2	4.250399E-3
6.901453E-2	4.251703E-3
6.891251E-2	4.250115E-3
6.893425E-2	4.251574E-3
6.933335E-2	4.256519E-3
6.917051E-2	4.251406E-3
6.916835E-2	4.251342E-3
6.918006E-2	4.251316E-3
6.912312E-2	4.252633E-3
6.938500E-2	4.251316E-3
6.931537E-2	4.252129E-3
6.940137E-2	4.251574E-3
6.933085E-2	4.251225E-3
6.951061E-2	4.250954E-3
6.934051E-2	4.252336E-3
6.959020E-2	4.252181E-3
6.951451E-2	4.253446E-3
6.960658E-2	4.251419E-3
6.968014E-2	4.252491E-3
6.950613E-2	4.250761E-3
6.973771E-2	4.252284E-3
6.985249E-2	4.251471E-3
6.977336E-2	4.252917E-3
6.979550E-2	4.253330E-3
6.997753E-2	4.252723E-3
7.006998E-2	4.253304E-3
7.003676E-2	4.253239E-3
7.007056E-2	4.253833E-3
6.993890E-2	4.253807E-3
7.006464E-2	4.253975E-3
7.010968E-2	4.255705E-3
7.023030E-2	4.254660E-3
7.025486E-2	4.254879E-3
7.034786E-2	4.254763E-3
7.030200E-2	4.253691E-3
7.025587E-2	4.253549E-3
7.045294E-2	4.255008E-3
7.029562E-2	4.254233E-3
7.041489E-2	4.255060E-3
7.061658E-2	4.254298E-3
7.041409E-2	4.254427E-3
7.022124E-2	4.255163E-3
7.060305E-2	4.255047E-3
7.057135E-2	4.255008E-3
7.055119E-2	4.254866E-3
7.065267E-2	4.255602E-3
7.061618E-2	4.254221E-3
7.071062E-2	4.255667E-3
7.088488E-2	4.255395E-3
7.072844E-2	4.256415E-3
7.083312E-2	4.255408E-3
7.090533E-2	4.256028E-3
7.102426E-2	4.253846E-3
7.092986E-2	4.256247E-3
7.101326E-2	4.255667E-3
7.111858E-2	4.256196E-3
7.113790E-2	4.255163E-3
7.115236E-2	4.255189E-3
7.121522E-2	4.255899E-3
7.115844E-2	4.255163E-3
7.140844E-2	4.256222E-3
7.137966E-2	4.255654E-3
7.132991E-2	4.256183E-3
7.156051E-2	4.256596E-3
7.144776E-2	4.256067E-3
7.156212E-2	4.255667E-3
7.150668E-2	4.256790E-3
7.172476E-2	4.257500E-3
7.165100E-2	4.255963E-3
7.160526E-2	4.257151E-3
7.160697E-2	4.257771E-3
7.179494E-2	4.256983E-3
7.186241E-2	4.256235E-3
7.187217E-2	4.256790E-3
7.174982E-2	4.256389E-3
7.189649E-2	4.256583E-3
7.193953E-2	4.256583E-3
7.188541E-2	4.256699E-3
7.210210E-2	4.257177E-3
7.211913E-2	4.256906E-3
7.211162E-2	4.257538E-3
7.216704E-2	4.256764E-3
7.222646E-2	4.256377E-3
7.214537E-2	4.257784E-3
7.221506E-2	4.257823E-3
7.223528E-2	4.256544E-3
7.223232E-2	4.257035E-3
7.240124E-2	4.256544E-3
7.254996E-2	4.256480E-3
7.251615E-2	4.258571E-3
7.254913E-2	4.258094E-3
7.274091E-2	4.256751E-3
7.257109E-2	4.257681E-3
7.251522E-2	4.257810E-3
7.250903E-2	4.257745E-3
7.253639E-2	4.258274E-3
7.252580E-2	4.256803E-3
7.270702E-2	4.257913E-3
7.272120E-2	4.257577E-3
7.286398E-2	4.257732E-3
7.294932E-2	4.257048E-3
7.308429E-2	4.259010E-3
7.307906E-2	4.257939E-3
7.298305E-2	4.259062E-3
7.303119E-2	4.258571E-3
7.291235E-2	4.258003E-3
7.299597E-2	4.258520E-3
7.297723E-2	4.257242E-3
7.299742E-2	4.257500E-3
7.307002E-2	4.257564E-3
7.336771E-2	4.257474E-3
7.346495E-2	4.257848E-3
7.324286E-2	4.258029E-3
7.304252E-2	4.257435E-3
7.350540E-2	4.258830E-3
7.345095E-2	4.258984E-3
7.340736E-2	4.259243E-3
7.352151E-2	4.258016E-3
7.366444E-2	4.258597E-3
7.368922E-2	4.258623E-3
7.359491E-2	4.259617E-3
7.347050E-2	4.259527E-3
7.374397E-2	4.257952E-3
7.361202E-2	4.257590E-3
7.375134E-2	4.258223E-3
7.373885E-2	4.258855E-3
7.390586E-2	4.259075E-3
7.373179E-2	4.258791E-3
7.389965E-2	4.258610E-3
7.394634E-2	4.256932E-3
7.406403E-2	4.258068E-3
7.417465E-2	4.257887E-3
7.424660E-2	4.258132E-3
7.413755E-2	4.257952E-3
7.409151E-2	4.257319E-3
7.423254E-2	4.258455E-3
7.424540E-2	4.259694E-3
7.433083E-2	4.258494E-3
7.425891E-2	4.257745E-3
7.438974E-2	4.259204E-3
7.437926E-2	4.257745E-3
7.448252E-2	4.258830E-3
7.459966E-2	4.258442E-3
7.454524E-2	4.259759E-3
7.452575E-2	4.259230E-3
7.443643E-2	4.259527E-3
7.488359E-2	4.258223E-3
7.455311E-2	4.257371E-3
7.465398E-2	4.259049E-3
7.491454E-2	4.259385E-3
7.474755E-2	4.260392E-3
7.473205E-2	4.258713E-3
7.489064E-2	4.259217E-3
7.498988E-2	4.258662E-3
7.496546E-2	4.259656E-3
7.506425E-2	4.258855E-3
7.494857E-2	4.259423E-3
7.493676E-2	4.258365E-3
7.498466E-2	4.258468E-3
7.512079E-2	4.259604E-3
7.516584E-2	4.259449E-3
7.512794E-2	4.259991E-3
7.511157E-2	4.260224E-3
7.515923E-2	4.259462E-3
7.526652E-2	4.259927E-3
7.522938E-2	4.260030E-3
7.530892E-2	4.260095E-3
7.529824E-2	4.260185E-3
7.532528E-2	4.260353E-3
7.555135E-2	4.259966E-3
7.551469E-2	4.259385E-3
7.571167E-2	4.259785E-3
7.590888E-2	4.259307E-3
7.588127E-2	4.258378E-3
7.586959E-2	4.258597E-3
7.564465E-2	4.260095E-3
7.566360E-2	4.258830E-3
7.561155E-2	4.259294E-3
7.581068E-2	4.258610E-3
7.582996E-2	4.259333E-3
7.609872E-2	4.259333E-3
7.611330E-2	4.258881E-3
7.615570E-2	4.258997E-3
7.617041E-2	4.259268E-3
7.613629E-2	4.259733E-3
7.612218E-2	4.258972E-3
7.606807E-2	4.260353E-3
7.617470E-2	4.260043E-3
7.636922E-2	4.259346E-3
7.620285E-2	4.258881E-3
7.609088E-2	4.259707E-3
7.622058E-2	4.260250E-3
7.640971E-2	4.259682E-3
7.648579E-2	4.259707E-3
7.640672E-2	4.259527E-3
7.634219E-2	4.259462E-3
7.654354E-2	4.260224E-3
7.670989E-2	4.259694E-3
7.672540E-2	4.260275E-3
7.662283E-2	4.258726E-3
7.678964E-2	4.260211E-3
7.670719E-2	4.259682E-3
7.672686E-2	4.259449E-3
7.688503E-2	4.259772E-3
7.697226E-2	4.260598E-3
7.703019E-2	4.259423E-3
7.685089E-2	4.260443E-3
7.703209E-2	4.259436E-3
7.695764E-2	4.260456E-3
7.712693E-2	4.259811E-3
7.715901E-2	4.259346E-3
7.736415E-2	4.259953E-3
7.731177E-2	4.260095E-3
7.712498E-2	4.261037E-3
7.707377E-2	4.260314E-3
7.737945E-2	4.260534E-3
7.732341E-2	4.260869E-3
7.733105E-2	4.259617E-3
7.742234E-2	4.260198E-3
7.737584E-2	4.260740E-3
7.749390E-2	4.260133E-3
7.763715E-2	4.260663E-3
7.755512E-2	4.260314E-3
7.764711E-2	4.261579E-3
7.772239E-2	4.261153E-3
7.756200E-2	4.260869E-3
7.769735E-2	4.260650E-3
7.786912E-2	4.259811E-3
7.788133E-2	4.261541E-3
7.788834E-2	4.260405E-3
7.796113E-2	4.261554E-3
7.799098E-2	4.261321E-3
7.812190E-2	4.259785E-3
7.806431E-2	4.261541E-3
7.794352E-2	4.260456E-3
7.810068E-2	4.260947E-3
7.807776E-2	4.262277E-3
7.799519E-2	4.261076E-3
7.800722E-2	4.260559E-3
7.819451E-2	4.261373E-3
7.844393E-2	4.261140E-3
7.857562E-2	4.260663E-3
7.834643E-2	4.260714E-3
7.829491E-2	4.261424E-3
7.827782E-2	4.261437E-3
7.854012E-2	4.261308E-3
7.862309E-2	4.260288E-3
7.861535E-2	4.261334E-3
7.868140E-2	4.260198E-3
7.859488E-2	4.260947E-3
7.875828E-2	4.260559E-3
7.888511E-2	4.261024E-3
7.875084E-2	4.260676E-3
7.883235E-2	4.260598E-3
7.892835E-2	4.260534E-3
7.878108E-2	4.261166E-3
7.893539E-2	4.261295E-3
7.900925E-2	4.261011E-3
7.904749E-2	4.261115E-3
7.898409E-2	4.261424E-3
7.918647E-2	4.260921E-3
7.906086E-2	4.259927E-3
7.939991E-2	4.261476E-3
7.920434E-2	4.261076E-3
7.919850E-2	4.260753E-3
7.927593E-2	4.260482E-3
7.933109E-2	4.261231E-3
7.937811E-2	4.262457E-3
7.941491E-2	4.262044E-3
7.962556E-2	4.261463E-3
7.960336E-2	4.261502E-3
7.970811E-2	4.260701E-3
7.958400E-2	4.261696E-3
7.963044E-2	4.261786E-3
7.962333E-2	4.260818E-3
7.969335E-2	4.261270E-3
7.968980E-2	4.261515E-3
7.979809E-2	4.261838E-3
7.974681E-2	4.261450E-3
7.980577E-2	4.261773E-3
7.989935E-2	4.261218E-3
7.988482E-2	4.261153E-3
7.992496E-2	4.262651E-3
7.991518E-2	4.261412E-3
8.013286E-2	4.261282E-3
8.015752E-2	4.262367E-3
8.007836E-2	4.261747E-3
8.010884E-2	4.259979E-3
8.033577E-2	4.260895E-3
8.024477E-2	4.261528E-3
8.019265E-2	4.262122E-3
8.040326E-2	4.261734E-3
8.024324E-2	4.261734E-3
8.030252E-2	4.262199E-3
8.040392E-2	4.261321E-3
8.049846E-2	4.262393E-3
8.061563E-2	4.262005E-3
8.066105E-2	4.261734E-3
8.058993E-2	4.263542E-3
8.058493E-2	4.262173E-3
8.058306E-2	4.262819E-3
8.066302E-2	4.261321E-3
8.051178E-2	4.262044E-3
8.058274E-2	4.261321E-3
8.079798E-2	4.261812E-3
8.085262E-2	4.263180E-3
8.089909E-2	4.262031E-3
8.090650E-2	4.261683E-3
8.086607E-2	4.261631E-3
8.097137E-2	4.261244E-3
8.088814E-2	4.261902E-3
8.101357E-2	4.262277E-3
8.125469E-2	4.262341E-3
8.122823E-2	4.261747E-3
8.120067E-2	4.261282E-3
8.112782E-2	4.261476E-3
8.135158E-2	4.262522E-3
8.157075E-2	4.261321E-3
8.138297E-2	4.262251E-3
8.153358E-2	4.262431E-3
8.142089E-2	4.262160E-3
8.126735E-2	4.261231E-3
8.148501E-2	4.262277E-3
8.171641E-2	4.262277E-3
8.154152E-2	4.262509E-3
8.158165E-2	4.262767E-3
8.152195E-2	4.261734E-3
8.151477E-2	4.261102E-3
8.182711E-2	4.262780E-3
8.171024E-2	4.260740E-3
8.198995E-2	4.260263E-3
8.195920E-2	4.262122E-3
8.188627E-2	4.262548E-3
8.179413E-2	4.262238E-3
8.168453E-2	4.262457E-3
8.184358E-2	4.261980E-3
8.203444E-2	4.263154E-3
8.217529E-2	4.262483E-3
8.211607E-2	4.262561E-3
8.236122E-2	4.262354E-3
8.241926E-2	4.262548E-3
8.233229E-2	4.262896E-3
8.239117E-2	4.262638E-3
8.234853E-2	4.261321E-3
8.249335E-2	4.262419E-3
8.246728E-2	4.261773E-3
8.250592E-2	4.263025E-3
8.255542E-2	4.262974E-3
8.254205E-2	4.263387E-3
8.252379E-2	4.262018E-3
8.260509E-2	4.261876E-3
8.273014E-2	4.262496E-3
8.267840E-2	4.262367E-3
8.277499E-2	4.260443E-3
8.291377E-2	4.261399E-3
8.277149E-2	4.262251E-3
8.280628E-2	4.261282E-3
8.273221E-2	4.262315E-3
8.289777E-2	4.261463E-3
8.283296E-2	4.261605E-3
8.305376E-2	4.261786E-3
8.322104E-2	4.261412E-3
8.311458E-2	4.260301E-3
8.330080E-2	4.261115E-3
8.331333E-2	4.262431E-3
8.327438E-2	4.262664E-3
8.321144E-2	4.260792E-3
8.322820E-2	4.262302E-3
8.349375E-2	4.262935E-3
8.343408E-2	4.263129E-3
8.353253E-2	4.262005E-3
8.369671E-2	4.262302E-3
8.371287E-2	4.263322E-3
8.366372E-2	4.262431E-3
8.356719E-2	4.261515E-3
8.361842E-2	4.262070E-3
8.368834E-2	4.263606E-3
8.384699E-2	4.261631E-3
8.380217E-2	4.261334E-3
8.383702E-2	4.263413E-3
8.389088E-2	4.262974E-3
8.381013E-2	4.262715E-3
8.368922E-2	4.262109E-3
8.384828E-2	4.262625E-3
8.410569E-2	4.262548E-3
8.405937E-2	4.263193E-3
8.418653E-2	4.262367E-3
8.423056E-2	4.262406E-3
8.419133E-2	4.262870E-3
8.412392E-2	4.261941E-3
8.411237E-2	4.262883E-3
8.436107E-2	4.262561E-3
8.452950E-2	4.263361E-3
8.447660E-2	4.262909E-3
8.447504E-2	4.263568E-3
8.454591E-2	4.263619E-3
8.445886E-2	4.262703E-3
8.440552E-2	4.263568E-3
8.466444E-2	4.262509E-3
8.473003E-2	4.263735E-3
8.466096E-2	4.263580E-3
8.462884E-2	4.263722E-3
8.463604E-2	4.263929E-3
8.471472E-2	4.264097E-3
8.484943E-2	4.263619E-3
8.474687E-2	4.264510E-3
8.497570E-2	4.264032E-3
8.494179E-2	4.263787E-3
8.484916E-2	4.264058E-3
8.488227E-2	4.262109E-3
8.493434E-2	4.263258E-3
8.489771E-2	4.263116E-3
8.508789E-2	4.262987E-3
8.490779E-2	4.263813E-3
8.515851E-2	4.263826E-3
8.517309E-2	4.263710E-3
8.528451E-2	4.263568E-3
8.525355E-2	4.263335E-3
8.528362E-2	4.263206E-3
8.529984E-2	4.263800E-3
8.544265E-2	4.262961E-3
8.541003E-2	4.263232E-3
8.556507E-2	4.262961E-3
8.568154E-2	4.264303E-3
8.563842E-2	4.264187E-3
8.577463E-2	4.263258E-3
8.574084E-2	4.262741E-3
8.559035E-2	4.262741E-3
8.561963E-2	4.263903E-3
8.573536E-2	4.262896E-3
8.583142E-2	4.262599E-3
8.593927E-2	4.263542E-3
8.583165E-2	4.262832E-3
8.590991E-2	4.263477E-3
8.593036E-2	4.263942E-3
8.611629E-2	4.262690E-3
8.590046E-2	4.262135E-3
8.625020E-2	4.262754E-3
8.609669E-2	4.262948E-3
8.622223E-2	4.262444E-3
8.618480E-2	4.262819E-3
8.619731E-2	4.262625E-3
8.613002E-2	4.262754E-3
8.628384E-2	4.262406E-3
8.640206E-2	4.262728E-3
8.640101E-2	4.263309E-3
8.644042E-2	4.263890E-3
8.660267E-2	4.262122E-3
8.647838E-2	4.263464E-3
8.654039E-2	4.263103E-3
8.665064E-2	4.262987E-3
8.657722E-2	4.264471E-3
8.669729E-2	4.263296E-3
8.699766E-2	4.263025E-3
8.694015E-2	4.263477E-3
8.694065E-2	4.263774E-3
8.700200E-2	4.264420E-3
8.693406E-2	4.263284E-3
8.683441E-2	4.263051E-3
8.702918E-2	4.263658E-3
8.721367E-2	4.263154E-3
8.721437E-2	4.264019E-3
8.705431E-2	4.262857E-3
8.707102E-2	4.263477E-3
8.716337E-2	4.263529E-3
8.721521E-2	4.264794E-3
8.718227E-2	4.264433E-3
8.723199E-2	4.263245E-3
8.735441E-2	4.263916E-3
8.730830E-2	4.263012E-3
8.746239E-2	4.263671E-3
8.733416E-2	4.263684E-3
8.739966E-2	4.263426E-3
8.761162E-2	4.263387E-3
8.755284E-2	4.263413E-3
8.755318E-2	4.263852E-3
8.756940E-2	4.263606E-3
8.751389E-2	4.262573E-3
8.765239E-2	4.263877E-3
8.767296E-2	4.263593E-3
8.777348E-2	4.263426E-3
8.767522E-2	4.263309E-3
8.782240E-2	4.264652E-3
8.769622E-2	4.264174E-3
8.774682E-2	4.263593E-3
8.801959E-2	4.264575E-3
8.823935E-2	4.264303E-3
8.813303E-2	4.264278E-3
8.792023E-2	4.263167E-3
8.805089E-2	4.263154E-3
8.814721E-2	4.263348E-3
8.825750E-2	4.263839E-3
8.820130E-2	4.263632E-3
8.826889E-2	4.262509E-3
8.835414E-2	4.263129E-3
8.839713E-2	4.264200E-3
8.852351E-2	4.264071E-3
8.846081E-2	4.264187E-3
8.860581E-2	4.264226E-3
8.881923E-2	4.264032E-3
8.857703E-2	4.264665E-3
8.869816E-2	4.265078E-3
8.864659E-2	4.264174E-3
8.883491E-2	4.263761E-3
8.852342E-2	4.263735E-3
8.871822E-2	4.264071E-3
8.881214E-2	4.265543E-3
8.877621E-2	4.265001E-3
8.882416E-2	4.265001E-3
8.902359E-2	4.264110E-3
8.900330E-2	4.263051E-3
8.910330E-2	4.264136E-3
8.895295E-2	4.264278E-3
8.915627E-2	4.263555E-3
8.914089E-2	4.264058E-3
8.922996E-2	4.264381E-3
8.918719E-2	4.263981E-3
8.943792E-2	4.263813E-3
8.946674E-2	4.264549E-3
8.933354E-2	4.263593E-3
8.923272E-2	4.264523E-3
8.930389E-2	4.264717E-3
8.936843E-2	4.264148E-3
8.937901E-2	4.263361E-3
8.941186E-2	4.264071E-3
8.946787E-2	4.263387E-3
8.970864E-2	4.263658E-3
8.966401E-2	4.263903E-3
8.961076E-2	4.263981E-3
8.993521E-2	4.263839E-3
8.982770E-2	4.263735E-3
8.973567E-2	4.264058E-3
8.992504E-2	4.263090E-3
8.979163E-2	4.264458E-3
8.989121E-2	4.264859E-3
8.992643E-2	4.264252E-3
8.988031E-2	4.264019E-3
8.988896E-2	4.263710E-3
8.988502E-2	4.263645E-3
8.989767E-2	4.263245E-3
9.006881E-2	4.263348E-3
9.011504E-2	4.264639E-3
9.006762E-2	4.263438E-3
9.020834E-2	4.265207E-3
9.036258E-2	4.265065E-3
9.022086E-2	4.264484E-3
9.031019E-2	4.265039E-3
9.022416E-2	4.264562E-3
9.052217E-2	4.264290E-3
9.057694E-2	4.264381E-3
9.036223E-2	4.265220E-3
9.051621E-2	4.265065E-3
9.066490E-2	4.265349E-3
9.065611E-2	4.265569E-3
9.071431E-2	4.264988E-3
9.080246E-2	4.264536E-3
9.084394E-2	4.265297E-3
9.077169E-2	4.263529E-3
9.094178E-2	4.264794E-3
9.085955E-2	4.265775E-3
9.102471E-2	4.265323E-3
9.099231E-2	4.265272E-3
9.092286E-2	4.265633E-3
9.091683E-2	4.265530E-3
9.102319E-2	4.264678E-3
9.110655E-2	4.264729E-3
9.119408E-2	4.265724E-3
9.114448E-2	4.266253E-3
9.121775E-2	4.265194E-3
9.104415E-2	4.265491E-3
9.113320E-2	4.265272E-3
9.130270E-2	4.265478E-3
9.128321E-2	4.264497E-3
9.131494E-2	4.265285E-3
9.144261E-2	4.264884E-3
9.140670E-2	4.265065E-3
9.163200E-2	4.265091E-3
9.144002E-2	4.265452E-3
9.144514E-2	4.265685E-3
9.160428E-2	4.264006E-3
9.176873E-2	4.264355E-3
9.160075E-2	4.264303E-3
9.155873E-2	4.265569E-3
9.178565E-2	4.264639E-3
9.172756E-2	4.265594E-3
9.176701E-2	4.264871E-3
9.173119E-2	4.265633E-3
9.184805E-2	4.264833E-3
9.174318E-2	4.264420E-3
9.183601E-2	4.264975E-3
9.208442E-2	4.265297E-3
9.208444E-2	4.265207E-3
9.189235E-2	4.265388E-3
9.203270E-2	4.265272E-3
9.214916E-2	4.264342E-3
9.214764E-2	4.265078E-3
9.223704E-2	4.264471E-3
9.236664E-2	4.264794E-3
9.232926E-2	4.265491E-3
9.230455E-2	4.266446E-3
9.252181E-2	4.265246E-3
9.255202E-2	4.265026E-3
9.258596E-2	4.266369E-3
9.266096E-2	4.266046E-3
9.261888E-2	4.265530E-3
9.254609E-2	4.264626E-3
9.268090E-2	4.265375E-3
9.255858E-2	4.263839E-3
9.270161E-2	4.264936E-3
9.260848E-2	4.264226E-3
9.288632E-2	4.264433E-3
9.290867E-2	4.264613E-3
9.292812E-2	4.264768E-3
9.299984E-2	4.265181E-3
9.310021E-2	4.263890E-3
9.306820E-2	4.265698E-3
9.290447E-2	4.265026E-3
9.306932E-2	4.265091E-3
9.321588E-2	4.265840E-3
9.314927E-2	4.264794E-3
9.315120E-2	4.265878E-3
9.328506E-2	4.265091E-3
9.302711E-2	4.264394E-3
9.309435E-2	4.265478E-3
9.322074E-2	4.264316E-3
9.332706E-2	4.264923E-3
9.325816E-2	4.264600E-3
9.329565E-2	4.266989E-3
9.352615E-2	4.265427E-3
9.350635E-2	4.265091E-3
9.356007E-2	4.265323E-3
9.367969E-2	4.264639E-3
9.362271E-2	4.264691E-3
9.376241E-2	4.265491E-3
9.352844E-2	4.265194E-3
9.363981E-2	4.266511E-3
9.366931E-2	4.265530E-3
9.384304E-2	4.265724E-3
9.386894E-2	4.265233E-3
9.380512E-2	4.264394E-3
9.394101E-2	4.265065E-3
9.414759E-2	4.265594E-3
9.409889E-2	4.265685E-3
9.420368E-2	4.264962E-3
9.428479E-2	4.265091E-3
9.421287E-2	4.265698E-3
9.399557E-2	4.265917E-3
9.434247E-2	4.266046E-3
9.442182E-2	4.266150E-3
9.443898E-2	4.266459E-3
9.439651E-2	4.266408E-3
9.433928E-2	4.265582E-3
9.420202E-2	4.265336E-3
9.439453E-2	4.266292E-3
9.428660E-2	4.265530E-3
9.447161E-2	4.265233E-3
9.458765E-2	4.264859E-3
9.455418E-2	4.265375E-3
9.468226E-2	4.264923E-3
9.471860E-2	4.265336E-3
9.477537E-2	4.265969E-3
9.463518E-2	4.265091E-3
9.449447E-2	4.263929E-3
9.465602E-2	4.263852E-3
9.487028E-2	4.264420E-3
9.473377E-2	4.261140E-3
9.496302E-2	4.262548E-3
9.497040E-2	4.261218E-3
9.506135E-2	4.263025E-3
9.508874E-2	4.264110E-3
9.516510E-2	4.263090E-3
9.527403E-2	4.263464E-3
9.522724E-2	4.262393E-3
9.525174E-2	4.262470E-3
9.549208E-2	4.262548E-3
9.538851E-2	4.263916E-3
9.555515E-2	4.264278E-3
9.556035E-2	4.263800E-3
9.576548E-2	4.263167E-3
9.576656E-2	4.263413E-3
9.588876E-2	4.262806E-3
9.599334E-2	4.263219E-3
9.604654E-2	4.262535E-3
9.619581E-2	4.262883E-3
9.640187E-2	4.263206E-3
9.653397E-2	4.262444E-3
9.647472E-2	4.263038E-3
9.676628E-2	4.262935E-3
9.684144E-2	4.262651E-3
9.705724E-2	4.262212E-3
9.712462E-2	4.262767E-3
9.718684E-2	4.262832E-3
9.728693E-2	4.262845E-3
9.740558E-2	4.264032E-3
9.760419E-2	4.262289E-3
9.749862E-2	4.262264E-3
9.756186E-2	4.263645E-3
9.772336E-2	4.263942E-3
9.791677E-2	4.264006E-3
9.798865E-2	4.265375E-3
9.830027E-2	4.264071E-3
9.819016E-2	4.266162E-3
9.836872E-2	4.265801E-3
9.836990E-2	4.265556E-3
9.858548E-2	4.265362E-3
9.879098E-2	4.265349E-3
9.896132E-2	4.264975E-3
9.892250E-2	4.265336E-3
9.898008E-2	4.266162E-3
9.924491E-2	4.265155E-3
9.927636E-2	4.264846E-3
9.939673E-2	4.265530E-3
9.942532E-2	4.266279E-3
9.954896E-2	4.266072E-3
9.956263E-2	4.266356E-3
9.967074E-2	4.265194E-3
9.991672E-2	4.265297E-3
9.993833E-2	4.265323E-3
9.992663E-2	4.264665E-3
1.000232E-1	4.265065E-3
1.002071E-1	4.265285E-3
1.004653E-1	4.265155E-3
1.003828E-1	4.266059E-3
1.005586E-1	4.265543E-3
1.006826E-1	4.266279E-3
1.008974E-1	4.265646E-3
1.009018E-1	4.265762E-3
1.009281E-1	4.265930E-3
1.012225E-1	4.265930E-3
1.012614E-1	4.265788E-3
1.011478E-1	4.265620E-3
1.014950E-1	4.265530E-3
1.016500E-1	4.265749E-3
1.016501E-1	4.266731E-3
1.017439E-1	4.266292E-3
1.017802E-1	4.266382E-3
1.019732E-1	4.266150E-3
1.023150E-1	4.265362E-3
1.024160E-1	4.265065E-3
1.026950E-1	4.264278E-3
1.026112E-1	4.264458E-3
1.026021E-1	4.265259E-3
1.027626E-1	4.265943E-3
1.028444E-1	4.265272E-3
1.030675E-1	4.265943E-3
1.031643E-1	4.265866E-3
1.033035E-1	4.265556E-3
1.032887E-1	4.265853E-3
1.033585E-1	4.265736E-3
1.035134E-1	4.265801E-3
1.035806E-1	4.265749E-3
1.037141E-1	4.266408E-3
1.037110E-1	4.265143E-3
1.038902E-1	4.266253E-3
1.040746E-1	4.266008E-3
1.040552E-1	4.266175E-3
1.043363E-1	4.266718E-3
1.043906E-1	4.266834E-3
1.046286E-1	4.265711E-3
1.049944E-1	4.265982E-3
1.048952E-1	4.266472E-3
1.048743E-1	4.266563E-3
1.049396E-1	4.265207E-3
1.052012E-1	4.265930E-3
1.052772E-1	4.266098E-3
1.053284E-1	4.265220E-3
1.056780E-1	4.266860E-3
1.057928E-1	4.266150E-3
1.058261E-1	4.265788E-3
1.058437E-1	4.266705E-3
1.059084E-1	4.266046E-3
1.059922E-1	4.265814E-3
1.061544E-1	4.266356E-3
1.062617E-1	4.266847E-3
1.064102E-1	4.267002E-3
1.064633E-1	4.266253E-3
1.066898E-1	4.265801E-3
1.069204E-1	4.265762E-3
1.068737E-1	4.266756E-3
1.069963E-1	4.266434E-3
1.071383E-1	4.267699E-3
1.072226E-1	4.266821E-3
1.072069E-1	4.266537E-3
1.075093E-1	4.267273E-3
1.074699E-1	4.266640E-3
1.078790E-1	4.267492E-3
1.079991E-1	4.266033E-3
1.078564E-1	4.265995E-3
1.079680E-1	4.267337E-3
1.083173E-1	4.266692E-3
1.083804E-1	4.266589E-3
1.083856E-1	4.266718E-3
1.085635E-1	4.266795E-3
1.086722E-1	4.266033E-3
1.087076E-1	4.265220E-3
1.088265E-1	4.266085E-3
1.090533E-1	4.265956E-3
1.091012E-1	4.266227E-3
1.094775E-1	4.265310E-3
1.094533E-1	4.265904E-3
1.095786E-1	4.266653E-3
1.095894E-1	4.265995E-3
1.096091E-1	4.265995E-3
1.099401E-1	4.265620E-3
1.098730E-1	4.265259E-3
1.100019E-1	4.265091E-3
1.103285E-1	4.265336E-3
1.105875E-1	4.265891E-3
1.104690E-1	4.266589E-3
1.106534E-1	4.265749E-3
1.106718E-1	4.265375E-3
1.106336E-1	4.266188E-3
1.108899E-1	4.266008E-3
1.110813E-1	4.266511E-3
1.112325E-1	4.266821E-3
1.113645E-1	4.265646E-3
1.112808E-1	4.266304E-3
1.114873E-1	4.266008E-3
1.116063E-1	4.265168E-3
1.118256E-1	4.265427E-3
1.117940E-1	4.265904E-3
1.121140E-1	4.265439E-3
1.121073E-1	4.265633E-3
1.121726E-1	4.265982E-3
1.125195E-1	4.266369E-3
1.127106E-1	4.266227E-3
1.127666E-1	4.266304E-3
1.128562E-1	4.266679E-3
1.130952E-1	4.266860E-3
1.132758E-1	4.266498E-3
1.132884E-1	4.266898E-3
1.132289E-1	4.265646E-3
1.133938E-1	4.266485E-3
1.136657E-1	4.266601E-3
1.135391E-1	4.266124E-3
1.137174E-1	4.267015E-3
1.138551E-1	4.266756E-3
1.138021E-1	4.265452E-3
1.138636E-1	4.266885E-3
1.142339E-1	4.266821E-3
1.143514E-1	4.266498E-3
1.143338E-1	4.265659E-3
1.145577E-1	4.266162E-3
1.146271E-1	4.266304E-3
1.147625E-1	4.266937E-3
1.148752E-1	4.266175E-3
1.150695E-1	4.266743E-3
1.153152E-1	4.267027E-3
1.153107E-1	4.265827E-3
1.153978E-1	4.266292E-3
1.155443E-1	4.266769E-3
1.155617E-1	4.266175E-3
1.161137E-1	4.267002E-3
1.160641E-1	4.266589E-3
1.161334E-1	4.267105E-3
1.164358E-1	4.267557E-3
1.164224E-1	4.267157E-3
1.164546E-1	4.267066E-3
1.166202E-1	4.267699E-3
1.167439E-1	4.266795E-3
1.165674E-1	4.266976E-3
1.169843E-1	4.266382E-3
1.169691E-1	4.266782E-3
1.169582E-1	4.266098E-3
1.173399E-1	4.266304E-3
1.174296E-1	4.266485E-3
1.175896E-1	4.265982E-3
1.177222E-1	4.265698E-3
1.178084E-1	4.265788E-3
1.179404E-1	4.265633E-3
1.181185E-1	4.266485E-3
1.182520E-1	4.266434E-3
1.184625E-1	4.266563E-3
1.184205E-1	4.267144E-3
1.184801E-1	4.265930E-3
1.185790E-1	4.266627E-3
1.186820E-1	4.266446E-3
1.189859E-1	4.266033E-3
1.190817E-1	4.266524E-3
1.193159E-1	4.266408E-3
1.193820E-1	4.265827E-3
1.194015E-1	4.266782E-3
1.194322E-1	4.266188E-3
1.196946E-1	4.265181E-3
1.198528E-1	4.266008E-3
1.200099E-1	4.266266E-3
1.201785E-1	4.266937E-3
1.203547E-1	4.265943E-3
1.204088E-1	4.265866E-3
1.204436E-1	4.266150E-3
1.207928E-1	4.266898E-3
1.209043E-1	4.265491E-3
1.207930E-1	4.265336E-3
1.208453E-1	4.266137E-3
1.212088E-1	4.266137E-3
1.213324E-1	4.266627E-3
1.213447E-1	4.266653E-3
1.216137E-1	4.266808E-3
1.216810E-1	4.265775E-3
1.216588E-1	4.267027E-3
1.220135E-1	4.266860E-3
1.222039E-1	4.266821E-3
1.221646E-1	4.266989E-3
1.222285E-1	4.267479E-3
1.225666E-1	4.266976E-3
1.226000E-1	4.267169E-3
1.227405E-1	4.266188E-3
1.227037E-1	4.266873E-3
1.229053E-1	4.266330E-3
1.229045E-1	4.267738E-3
1.231303E-1	4.265556E-3
1.232474E-1	4.267144E-3
1.233568E-1	4.266666E-3
1.236387E-1	4.266266E-3
1.238465E-1	4.267118E-3
1.242371E-1	4.266898E-3
1.242200E-1	4.266279E-3
1.242043E-1	4.267299E-3
1.244015E-1	4.268241E-3
1.245022E-1	4.266911E-3
1.246368E-1	4.267105E-3
1.246777E-1	4.267441E-3
1.247198E-1	4.267182E-3
1.247810E-1	4.267867E-3
1.249331E-1	4.267157E-3
1.250401E-1	4.266627E-3
1.253814E-1	4.267015E-3
1.254812E-1	4.267144E-3
1.255811E-1	4.267247E-3
1.257195E-1	4.266576E-3
1.259586E-1	4.266033E-3
1.260766E-1	4.268151E-3
1.260917E-1	4.268022E-3
1.263307E-1	4.267518E-3
1.264208E-1	4.267286E-3
1.265133E-1	4.266885E-3
1.266765E-1	4.266873E-3
1.269100E-1	4.268073E-3
1.270024E-1	4.266898E-3
1.271106E-1	4.265995E-3
1.272205E-1	4.267144E-3
1.273801E-1	4.267002E-3
1.272733E-1	4.267453E-3
1.272459E-1	4.267570E-3
1.275295E-1	4.268073E-3
1.277900E-1	4.267531E-3
1.278638E-1	4.267169E-3
1.279861E-1	4.267699E-3
1.283058E-1	4.267453E-3
1.285139E-1	4.266911E-3
1.286569E-1	4.268228E-3
1.288258E-1	4.266963E-3
1.287001E-1	4.268486E-3
1.287187E-1	4.267350E-3
1.288234E-1	4.267015E-3
1.293015E-1	4.268047E-3
1.295717E-1	4.267002E-3
1.295028E-1	4.266769E-3
1.294302E-1	4.268073E-3
1.295938E-1	4.267234E-3
1.299060E-1	4.267466E-3
1.299902E-1	4.267712E-3
1.301596E-1	4.266214E-3
1.304026E-1	4.265969E-3
1.305402E-1	4.266937E-3
1.306895E-1	4.267931E-3
1.305131E-1	4.267738E-3
1.306457E-1	4.268318E-3
1.307968E-1	4.265685E-3
1.312142E-1	4.267634E-3
1.311693E-1	4.266627E-3
1.311775E-1	4.265969E-3
1.313651E-1	4.266614E-3
1.315068E-1	4.266459E-3
1.314092E-1	4.266692E-3
1.316819E-1	4.267815E-3
1.318679E-1	4.266472E-3
1.319346E-1	4.265956E-3
1.320881E-1	4.266253E-3
1.325141E-1	4.265878E-3
1.327137E-1	4.267350E-3
1.328311E-1	4.267002E-3
1.330216E-1	4.265401E-3
1.329593E-1	4.265801E-3
1.330666E-1	4.266511E-3
1.332541E-1	4.266782E-3
1.333236E-1	4.266537E-3
1.336433E-1	4.266124E-3
1.337961E-1	4.267002E-3
1.337810E-1	4.266614E-3
1.338719E-1	4.266162E-3
1.338181E-1	4.266821E-3
1.341682E-1	4.266937E-3
1.343780E-1	4.266227E-3
1.347170E-1	4.266963E-3
1.347744E-1	4.266937E-3
1.348520E-1	4.266963E-3
1.350104E-1	4.267015E-3
1.350362E-1	4.267131E-3
1.350087E-1	4.267544E-3
1.351824E-1	4.266679E-3
1.355087E-1	4.266304E-3
1.355858E-1	4.266459E-3
1.355278E-1	4.267725E-3
1.356492E-1	4.267544E-3
1.359937E-1	4.267957E-3
1.360356E-1	4.268525E-3
1.362478E-1	4.267040E-3
1.364916E-1	4.267376E-3
1.366010E-1	4.267324E-3
1.368198E-1	4.266459E-3
1.367070E-1	4.266976E-3
1.367585E-1	4.267066E-3
1.370024E-1	4.266885E-3
1.371731E-1	4.267841E-3
1.372197E-1	4.267376E-3
1.373485E-1	4.267299E-3
1.375063E-1	4.266356E-3
1.377047E-1	4.266498E-3
1.378538E-1	4.267828E-3
1.380774E-1	4.266395E-3
1.381810E-1	4.266485E-3
1.381634E-1	4.266950E-3
1.382637E-1	4.267725E-3
1.383937E-1	4.267402E-3
1.386364E-1	4.267234E-3
1.389532E-1	4.267738E-3
1.388658E-1	4.267634E-3
1.391861E-1	4.268280E-3
1.391178E-1	4.268409E-3
1.391353E-1	4.268073E-3
1.394907E-1	4.267608E-3
1.394996E-1	4.267389E-3
1.397451E-1	4.267738E-3
1.399611E-1	4.267621E-3
1.401656E-1	4.268009E-3
1.402178E-1	4.267040E-3
1.403393E-1	4.267492E-3
1.403458E-1	4.267905E-3
1.404978E-1	4.267905E-3
1.408518E-1	4.268047E-3
1.407233E-1	4.268009E-3
1.409593E-1	4.268176E-3
1.408747E-1	4.267789E-3
1.410534E-1	4.267854E-3
1.412461E-1	4.267092E-3
1.413933E-1	4.268525E-3
1.415413E-1	4.267337E-3
1.416794E-1	4.266485E-3
1.420384E-1	4.268564E-3
1.422117E-1	4.267027E-3
1.421065E-1	4.267570E-3
1.422598E-1	4.267815E-3
1.423786E-1	4.268460E-3
1.427129E-1	4.267492E-3
1.428946E-1	4.266485E-3
1.429062E-1	4.267376E-3
1.429814E-1	4.266769E-3
1.430420E-1	4.267544E-3
1.432878E-1	4.266885E-3
1.434788E-1	4.267337E-3
1.435890E-1	4.267880E-3
1.436752E-1	4.267144E-3
1.437639E-1	4.266653E-3
1.439997E-1	4.267208E-3
1.442469E-1	4.267040E-3
1.444603E-1	4.267531E-3
1.443835E-1	4.267854E-3
1.445469E-1	4.267428E-3
1.446786E-1	4.266782E-3
1.448338E-1	4.267105E-3
1.450795E-1	4.267015E-3
1.451012E-1	4.267466E-3
1.451022E-1	4.267518E-3
1.452777E-1	4.266485E-3
1.454438E-1	4.267854E-3
1.457056E-1	4.267750E-3
1.456607E-1	4.268099E-3
1.457791E-1	4.268138E-3
1.459809E-1	4.268073E-3
1.463161E-1	4.268125E-3
1.464551E-1	4.267402E-3
1.467537E-1	4.267079E-3
1.466382E-1	4.267350E-3
1.468768E-1	4.268112E-3
1.468195E-1	4.266924E-3
1.471315E-1	4.266834E-3
1.473268E-1	4.267040E-3
1.474600E-1	4.267570E-3
1.474295E-1	4.267738E-3
1.474965E-1	4.267505E-3
1.478117E-1	4.268254E-3
1.481850E-1	4.268667E-3
1.481613E-1	4.267583E-3
1.481758E-1	4.267789E-3
1.483309E-1	4.269338E-3
1.485414E-1	4.268164E-3
1.486069E-1	4.267776E-3
1.485668E-1	4.268022E-3
1.489451E-1	4.268086E-3
1.490532E-1	4.268435E-3
1.491568E-1	4.267867E-3
1.493752E-1	4.268925E-3
1.496467E-1	4.267608E-3
1.496461E-1	4.267169E-3
1.496886E-1	4.267053E-3
1.499132E-1	4.267621E-3
1.499516E-1	4.267544E-3
1.503832E-1	4.267570E-3
1.503200E-1	4.268138E-3
1.503255E-1	4.268112E-3
1.504309E-1	4.268370E-3
1.508224E-1	4.268189E-3
1.509469E-1	4.267479E-3
1.509113E-1	4.267789E-3
1.511157E-1	4.267389E-3
1.513136E-1	4.267970E-3
1.514305E-1	4.268525E-3
1.514462E-1	4.268654E-3
1.517400E-1	4.268022E-3
1.518914E-1	4.268732E-3
1.518183E-1	4.268396E-3
1.519778E-1	4.267570E-3
1.520701E-1	4.269183E-3
1.523018E-1	4.267621E-3
1.524004E-1	4.268473E-3
1.525649E-1	4.268654E-3
1.529253E-1	4.268770E-3
1.529946E-1	4.268370E-3
1.529880E-1	4.268654E-3
1.530812E-1	4.268628E-3
1.534938E-1	4.268744E-3
1.536890E-1	4.268422E-3
1.537851E-1	4.267957E-3
1.537814E-1	4.268744E-3
1.540170E-1	4.268099E-3
1.541667E-1	4.268344E-3
1.541405E-1	4.268202E-3
1.544467E-1	4.269158E-3
1.545038E-1	4.267686E-3
1.544375E-1	4.267867E-3
1.548066E-1	4.267492E-3
1.549565E-1	4.267260E-3
1.552142E-1	4.267182E-3
1.553467E-1	4.268435E-3
1.554245E-1	4.267996E-3
1.555265E-1	4.268086E-3
1.556215E-1	4.268383E-3
1.557097E-1	4.268189E-3
1.558565E-1	4.267763E-3
1.561645E-1	4.268047E-3
1.561018E-1	4.269171E-3
1.562643E-1	4.267376E-3
1.564678E-1	4.267828E-3
1.566088E-1	4.267324E-3
1.567225E-1	4.267634E-3
1.569268E-1	4.268357E-3
1.570362E-1	4.268422E-3
1.571622E-1	4.267944E-3
1.572034E-1	4.267363E-3
1.573124E-1	4.266485E-3
1.575117E-1	4.266937E-3
1.577112E-1	4.267738E-3
1.579681E-1	4.267983E-3
1.578711E-1	4.267131E-3
1.577649E-1	4.267453E-3
1.582244E-1	4.267750E-3
1.586995E-1	4.267234E-3
1.586274E-1	4.267996E-3
1.586478E-1	4.267931E-3
1.587930E-1	4.266589E-3
1.587490E-1	4.268473E-3
1.590113E-1	4.267402E-3
1.591835E-1	4.267712E-3
1.595677E-1	4.267260E-3
1.596795E-1	4.267673E-3
1.597197E-1	4.267311E-3
1.597542E-1	4.268009E-3
1.599128E-1	4.268202E-3
1.600934E-1	4.267053E-3
1.601084E-1	4.266253E-3
1.605155E-1	4.267570E-3
1.606092E-1	4.266937E-3
1.606349E-1	4.267441E-3
1.608436E-1	4.267286E-3
1.609444E-1	4.267880E-3
1.610910E-1	4.268370E-3
1.611850E-1	4.267363E-3
1.612591E-1	4.267247E-3
1.614325E-1	4.267505E-3
1.616433E-1	4.268060E-3
1.618199E-1	4.267583E-3
1.617811E-1	4.268473E-3
1.620333E-1	4.267763E-3
1.622193E-1	4.267415E-3
1.623013E-1	4.267880E-3
1.624039E-1	4.268512E-3
1.626984E-1	4.267996E-3
1.629359E-1	4.267686E-3
1.629239E-1	4.267776E-3
1.628540E-1	4.267983E-3
1.630711E-1	4.268151E-3
1.633194E-1	4.268306E-3
1.635322E-1	4.268383E-3
1.635014E-1	4.269080E-3
1.637720E-1	4.267802E-3
1.638781E-1	4.268499E-3
1.641440E-1	4.267957E-3
1.642446E-1	4.267699E-3
1.643270E-1	4.267957E-3
1.645122E-1	4.267221E-3
1.645249E-1	4.268744E-3
1.648998E-1	4.268757E-3
1.649125E-1	4.267725E-3
1.647807E-1	4.268525E-3
1.648569E-1	4.268125E-3
1.651737E-1	4.267673E-3
1.653853E-1	4.268551E-3
1.656229E-1	4.268228E-3
1.656566E-1	4.267015E-3
1.657131E-1	4.267918E-3
1.659589E-1	4.267905E-3
1.660642E-1	4.267195E-3
1.662999E-1	4.267299E-3
1.664019E-1	4.268280E-3
1.665658E-1	4.268164E-3
1.666359E-1	4.268796E-3
1.666569E-1	4.268435E-3
1.669249E-1	4.267880E-3
1.670362E-1	4.267583E-3
1.673745E-1	4.268680E-3
1.674416E-1	4.267957E-3
1.675113E-1	4.268693E-3
1.677991E-1	4.267144E-3
1.677617E-1	4.269029E-3
1.679428E-1	4.268176E-3
1.680470E-1	4.267983E-3
1.682726E-1	4.268590E-3
1.681609E-1	4.267931E-3
1.685243E-1	4.268151E-3
1.687222E-1	4.268228E-3
1.688583E-1	4.267802E-3
1.689466E-1	4.268112E-3
1.691759E-1	4.267763E-3
1.692324E-1	4.267479E-3
1.694561E-1	4.266963E-3
1.694827E-1	4.266382E-3
1.697502E-1	4.267557E-3
1.697975E-1	4.267531E-3
1.699429E-1	4.267583E-3
1.702007E-1	4.267867E-3
1.704183E-1	4.267634E-3
1.704185E-1	4.268047E-3
1.706831E-1	4.268099E-3
1.708525E-1	4.267492E-3
1.710377E-1	4.269003E-3
1.713470E-1	4.268848E-3
1.715145E-1	4.268486E-3
1.719124E-1	4.269661E-3
1.720772E-1	4.267673E-3
1.722750E-1	4.268861E-3
1.725313E-1	4.269119E-3
1.728327E-1	4.268951E-3
1.730968E-1	4.268525E-3
1.733278E-1	4.269132E-3
1.736431E-1	4.268938E-3
1.738747E-1	4.269054E-3
1.743744E-1	4.269584E-3
1.744211E-1	4.269790E-3
1.749079E-1	4.268887E-3
1.749847E-1	4.268912E-3
1.753221E-1	4.269855E-3
1.755266E-1	4.269183E-3
1.758407E-1	4.270565E-3
1.760024E-1	4.269842E-3
1.763077E-1	4.269080E-3
1.766392E-1	4.269726E-3
1.767470E-1	4.268925E-3
1.771319E-1	4.269622E-3
1.773047E-1	4.270100E-3
1.775931E-1	4.269597E-3
1.778121E-1	4.268680E-3
1.781193E-1	4.269622E-3
1.783191E-1	4.269506E-3
1.788204E-1	4.269713E-3
1.790253E-1	4.268706E-3
1.795135E-1	4.268654E-3
1.794848E-1	4.269455E-3
1.798321E-1	4.268912E-3
1.799668E-1	4.268525E-3
1.803607E-1	4.269403E-3
1.806494E-1	4.269739E-3
1.809250E-1	4.269235E-3
1.810987E-1	4.269403E-3
1.813134E-1	4.268990E-3
1.815176E-1	4.269300E-3
1.819647E-1	4.268899E-3
1.822967E-1	4.269016E-3
1.824026E-1	4.269274E-3
1.828339E-1	4.269390E-3
1.829648E-1	4.268822E-3
1.833836E-1	4.267725E-3
1.836413E-1	4.266937E-3
1.837737E-1	4.269597E-3
1.840980E-1	4.268241E-3
1.843630E-1	4.268887E-3
1.849937E-1	4.269003E-3
1.851196E-1	4.268706E-3
1.852593E-1	4.268615E-3
1.854947E-1	4.268615E-3
1.857709E-1	4.269455E-3
1.860708E-1	4.268770E-3
1.863346E-1	4.269003E-3
1.865667E-1	4.269016E-3
1.870794E-1	4.268202E-3
1.872592E-1	4.268396E-3
1.876601E-1	4.268280E-3
1.878422E-1	4.268086E-3
1.880755E-1	4.269648E-3
1.881598E-1	4.268783E-3
1.885424E-1	4.269145E-3
1.888924E-1	4.268564E-3
1.893538E-1	4.269132E-3
1.896069E-1	4.268138E-3
1.899162E-1	4.268628E-3
1.902226E-1	4.268370E-3
1.902605E-1	4.269029E-3
1.905364E-1	4.269932E-3
1.908968E-1	4.270048E-3
1.910973E-1	4.268396E-3
1.914056E-1	4.268370E-3
1.916669E-1	4.269597E-3
1.920175E-1	4.269390E-3
1.924306E-1	4.268357E-3
1.927761E-1	4.268732E-3
1.929581E-1	4.269132E-3
1.932128E-1	4.269519E-3
1.934626E-1	4.269777E-3
1.939198E-1	4.269519E-3
1.942716E-1	4.268732E-3
1.945573E-1	4.269790E-3
1.947338E-1	4.268641E-3
1.951075E-1	4.269390E-3
1.952997E-1	4.269455E-3
1.956681E-1	4.268525E-3
1.958436E-1	4.268861E-3
1.959986E-1	4.268757E-3
1.964185E-1	4.269003E-3
1.968619E-1	4.269080E-3
1.970500E-1	4.268744E-3
1.972291E-1	4.268628E-3
1.976550E-1	4.268641E-3
1.978623E-1	4.268925E-3
1.982437E-1	4.268964E-3
1.985967E-1	4.269093E-3
1.987754E-1	4.269300E-3
1.990229E-1	4.268925E-3
1.993324E-1	4.269132E-3
1.996737E-1	4.269945E-3
2.000358E-1	4.269467E-3
2.003810E-1	4.269493E-3
2.005545E-1	4.269403E-3
2.008155E-1	4.269093E-3
2.013938E-1	4.269790E-3
2.016213E-1	4.269287E-3
2.017090E-1	4.269467E-3
2.020227E-1	4.269532E-3
2.023565E-1	4.269467E-3
2.025312E-1	4.270268E-3
2.029547E-1	4.268615E-3
2.033792E-1	4.269222E-3
2.034517E-1	4.268977E-3
2.037948E-1	4.269390E-3
2.042551E-1	4.269132E-3
2.044812E-1	4.269584E-3
2.047988E-1	4.269132E-3
2.051979E-1	4.270074E-3
2.054898E-1	4.269532E-3
2.056599E-1	4.269687E-3
2.062682E-1	4.269041E-3
2.063254E-1	4.269842E-3
2.065693E-1	4.269868E-3
2.066824E-1	4.269597E-3
2.070311E-1	4.269803E-3
2.075391E-1	4.270668E-3
2.076598E-1	4.269558E-3
2.080537E-1	4.269661E-3
2.082760E-1	4.269609E-3
2.085124E-1	4.269932E-3
2.089064E-1	4.270849E-3
2.093317E-1	4.270926E-3
2.094068E-1	4.269403E-3
2.097117E-1	4.269945E-3
2.100648E-1	4.268422E-3
2.105089E-1	4.269158E-3
2.106222E-1	4.270358E-3
2.108576E-1	4.269868E-3
2.112084E-1	4.269790E-3
2.114338E-1	4.269377E-3
2.119254E-1	4.270500E-3
2.121945E-1	4.270010E-3
2.125651E-1	4.269700E-3
2.128312E-1	4.270707E-3
2.131204E-1	4.270526E-3
2.136618E-1	4.270216E-3
2.139228E-1	4.269932E-3
2.141084E-1	4.270810E-3
2.143673E-1	4.270332E-3
2.148217E-1	4.269403E-3
2.148585E-1	4.271017E-3
2.154631E-1	4.270048E-3
2.157283E-1	4.269842E-3
2.157771E-1	4.270926E-3
2.160443E-1	4.270384E-3
2.165500E-1	4.269545E-3
2.168790E-1	4.270746E-3
2.171352E-1	4.270849E-3
2.173532E-1	4.270591E-3
2.177149E-1	4.270178E-3
2.180793E-1	4.269648E-3
2.183754E-1	4.270294E-3
2.186490E-1	4.270539E-3
2.189681E-1	4.269648E-3
2.191953E-1	4.271262E-3
2.193912E-1	4.271043E-3
2.196912E-1	4.269958E-3
2.199877E-1	4.269571E-3
2.204852E-1	4.271172E-3
2.209259E-1	4.270862E-3
2.212030E-1	4.270888E-3
2.213821E-1	4.271662E-3
2.215133E-1	4.270294E-3
2.219020E-1	4.270642E-3
2.222998E-1	4.270281E-3
2.227482E-1	4.270436E-3
2.229155E-1	4.271120E-3
2.231486E-1	4.270178E-3
2.237663E-1	4.269842E-3
2.238196E-1	4.270113E-3
2.241324E-1	4.270474E-3
2.244573E-1	4.269584E-3
2.246574E-1	4.271352E-3
2.248476E-1	4.271314E-3
2.253561E-1	4.270332E-3
2.257364E-1	4.270655E-3
2.261313E-1	4.271146E-3
2.263306E-1	4.270113E-3
2.266416E-1	4.270616E-3
2.269944E-1	4.270629E-3
2.270224E-1	4.270539E-3
2.273079E-1	4.271043E-3
2.278679E-1	4.270952E-3
2.281962E-1	4.270565E-3
2.284367E-1	4.270048E-3
2.289483E-1	4.269894E-3
2.289356E-1	4.271185E-3
2.295529E-1	4.269984E-3
2.296513E-1	4.270048E-3
2.297738E-1	4.269235E-3
2.302692E-1	4.269790E-3
2.306912E-1	4.271159E-3
2.309101E-1	4.270126E-3
2.313171E-1	4.269506E-3
2.317605E-1	4.271030E-3
2.319206E-1	4.269403E-3
2.324165E-1	4.269532E-3
2.325550E-1	4.270642E-3
2.327113E-1	4.270036E-3
2.329776E-1	4.269816E-3
2.332088E-1	4.271120E-3
2.336151E-1	4.269571E-3
2.339205E-1	4.269997E-3
2.344299E-1	4.270100E-3
2.346015E-1	4.270320E-3
2.348567E-1	4.269080E-3
2.352756E-1	4.270578E-3
2.355247E-1	4.270758E-3
2.359084E-1	4.270836E-3
2.360180E-1	4.269945E-3
2.364864E-1	4.269248E-3
2.367356E-1	4.270513E-3
2.371588E-1	4.270875E-3
2.374236E-1	4.270384E-3
2.377029E-1	4.269080E-3
2.380794E-1	4.269919E-3
2.383012E-1	4.269739E-3
2.386094E-1	4.270539E-3
2.390313E-1	4.271043E-3
2.393283E-1	4.269958E-3
2.397395E-1	4.269455E-3
2.398774E-1	4.269467E-3
2.401973E-1	4.269287E-3
2.405291E-1	4.270165E-3
2.406850E-1	4.269661E-3
2.410587E-1	4.269739E-3
2.415806E-1	4.270036E-3
2.418031E-1	4.270061E-3
2.421223E-1	4.269493E-3
2.421977E-1	4.269687E-3
2.425627E-1	4.269455E-3
2.428995E-1	4.269222E-3
2.432708E-1	4.268228E-3
2.436044E-1	4.268874E-3
2.440509E-1	4.268848E-3
2.442564E-1	4.269003E-3
2.444660E-1	4.268951E-3
2.445947E-1	4.267892E-3
2.450853E-1	4.269493E-3
2.455631E-1	4.269506E-3
2.456616E-1	4.269403E-3
2.462291E-1	4.269158E-3
2.464990E-1	4.270100E-3
2.468207E-1	4.268899E-3
2.470013E-1	4.269532E-3
2.473501E-1	4.268693E-3
2.478338E-1	4.268861E-3
2.480659E-1	4.269545E-3
2.482663E-1	4.268912E-3
2.485097E-1	4.268590E-3
2.486382E-1	4.269261E-3
2.491886E-1	4.268667E-3
2.495748E-1	4.270023E-3
2.499466E-1	4.269751E-3
2.503037E-1	4.269403E-3
2.503569E-1	4.269261E-3
2.506747E-1	4.268331E-3
2.510799E-1	4.270281E-3
2.513423E-1	4.269545E-3
2.516178E-1	4.269958E-3
2.518540E-1	4.270552E-3
2.522732E-1	4.270487E-3
2.527510E-1	4.268848E-3
2.532085E-1	4.270087E-3
2.534017E-1	4.270165E-3
2.539988E-1	4.270203E-3
2.541292E-1	4.270384E-3
2.542345E-1	4.269945E-3
2.547140E-1	4.270216E-3
2.549403E-1	4.270500E-3
2.552248E-1	4.270216E-3
2.554728E-1	4.269906E-3
2.559120E-1	4.269726E-3
2.560605E-1	4.270294E-3
2.563292E-1	4.270952E-3
2.568138E-1	4.270100E-3
2.569468E-1	4.270255E-3
2.572123E-1	4.269919E-3
2.576539E-1	4.270449E-3
2.579478E-1	4.271481E-3
2.583761E-1	4.271043E-3
2.586244E-1	4.270939E-3
2.591497E-1	4.271714E-3
2.592463E-1	4.270604E-3
2.594579E-1	4.270242E-3
2.599100E-1	4.270436E-3
2.599990E-1	4.270462E-3
2.604162E-1	4.269868E-3
2.607745E-1	4.270681E-3
2.611440E-1	4.269777E-3
2.613090E-1	4.270152E-3
2.614494E-1	4.270823E-3
2.618126E-1	4.269700E-3
2.620496E-1	4.270784E-3
2.623838E-1	4.270655E-3
2.628110E-1	4.271030E-3
2.630923E-1	4.269726E-3
2.634233E-1	4.271520E-3
2.637807E-1	4.270797E-3
2.640345E-1	4.270255E-3
2.642586E-1	4.270991E-3
2.645619E-1	4.270294E-3
2.650020E-1	4.270320E-3
2.654410E-1	4.271314E-3
2.656088E-1	4.270616E-3
2.658971E-1	4.270036E-3
2.662729E-1	4.270294E-3
2.664926E-1	4.270862E-3
2.668512E-1	4.270255E-3
2.675112E-1	4.270462E-3
2.677679E-1	4.269803E-3
2.681262E-1	4.270384E-3
2.683182E-1	4.270500E-3
2.685974E-1	4.270410E-3
2.688432E-1	4.270681E-3
2.692029E-1	4.270010E-3
2.695118E-1	4.270900E-3
2.696779E-1	4.270913E-3
2.701487E-1	4.270178E-3
2.703860E-1	4.271017E-3
2.706234E-1	4.270307E-3
2.707526E-1	4.270862E-3
2.711581E-1	4.269868E-3
2.713794E-1	4.270797E-3
2.715576E-1	4.270694E-3
2.720355E-1	4.270900E-3
2.722818E-1	4.270371E-3
2.727630E-1	4.269894E-3
2.731129E-1	4.269739E-3
2.732450E-1	4.269803E-3
2.734798E-1	4.270061E-3
2.738277E-1	4.271146E-3
2.744854E-1	4.271753E-3
2.747615E-1	4.271856E-3
2.749283E-1	4.270500E-3
2.751033E-1	4.269739E-3
2.756009E-1	4.270332E-3
2.756699E-1	4.270733E-3
2.761865E-1	4.270500E-3
2.763458E-1	4.270294E-3
2.764600E-1	4.269971E-3
2.769873E-1	4.270474E-3
2.771678E-1	4.270216E-3
2.774529E-1	4.270268E-3
2.779491E-1	4.269661E-3
2.783338E-1	4.270694E-3
2.787083E-1	4.270720E-3
2.788118E-1	4.271210E-3
2.791312E-1	4.269829E-3
2.795281E-1	4.270746E-3
2.797867E-1	4.270539E-3
2.802572E-1	4.270216E-3
2.806923E-1	4.269971E-3
2.808580E-1	4.271120E-3
2.809615E-1	4.270694E-3
2.814141E-1	4.270771E-3
2.817204E-1	4.269997E-3
2.819072E-1	4.270436E-3
2.821984E-1	4.269829E-3
2.825780E-1	4.270165E-3
2.828074E-1	4.270139E-3
2.831761E-1	4.269958E-3
2.833700E-1	4.270810E-3
2.837988E-1	4.269222E-3
2.838927E-1	4.269635E-3
2.841455E-1	4.270513E-3
2.845733E-1	4.270849E-3
2.849084E-1	4.269958E-3
2.853143E-1	4.269584E-3
2.854211E-1	4.269829E-3
2.857795E-1	4.269635E-3
2.859657E-1	4.270487E-3
2.863735E-1	4.270836E-3
2.868373E-1	4.270036E-3
2.871101E-1	4.269119E-3
2.873163E-1	4.268835E-3
2.876775E-1	4.270216E-3
2.878738E-1	4.269584E-3
2.883278E-1	4.269171E-3
2.885287E-1	4.270604E-3
2.889829E-1	4.269390E-3
2.891391E-1	4.269183E-3
2.892756E-1	4.270746E-3
2.897393E-1	4.270074E-3
2.898980E-1	4.268964E-3
2.904015E-1	4.269816E-3
2.906587E-1	4.270449E-3
2.906446E-1	4.270152E-3
2.911983E-1	4.270500E-3
2.915976E-1	4.270332E-3
2.916385E-1	4.270358E-3
2.921372E-1	4.270733E-3
2.924288E-1	4.270900E-3
2.926847E-1	4.269519E-3
2.927792E-1	4.269829E-3
2.932275E-1	4.270152E-3
2.934889E-1	4.270539E-3
2.936383E-1	4.270423E-3
2.940453E-1	4.271081E-3
2.947055E-1	4.270926E-3
2.947428E-1	4.271327E-3
2.948696E-1	4.270978E-3
2.951986E-1	4.270978E-3
2.956212E-1	4.270178E-3
2.960738E-1	4.270139E-3
2.963255E-1	4.270242E-3
2.965423E-1	4.270345E-3
2.968701E-1	4.270862E-3
2.970243E-1	4.271327E-3
2.973501E-1	4.270474E-3
2.976629E-1	4.271572E-3
2.980008E-1	4.271856E-3
2.984279E-1	4.270746E-3
2.985485E-1	4.270991E-3
2.987063E-1	4.270926E-3
2.992736E-1	4.270436E-3
2.995544E-1	4.271275E-3
2.997805E-1	4.269855E-3
3.000626E-1	4.269945E-3
3.000355E-1	4.271055E-3
3.003408E-1	4.271481E-3
3.007256E-1	4.271301E-3
3.013399E-1	4.271623E-3
3.016363E-1	4.271481E-3
3.018445E-1	4.270746E-3
3.020640E-1	4.270294E-3
3.023799E-1	4.270152E-3
3.026765E-1	4.271688E-3
3.028328E-1	4.271920E-3
3.031757E-1	4.271404E-3
3.033742E-1	4.271210E-3
3.035003E-1	4.270410E-3
3.039931E-1	4.271146E-3
3.043978E-1	4.270797E-3
3.044565E-1	4.271998E-3
3.048071E-1	4.271430E-3
3.050882E-1	4.271352E-3
3.055469E-1	4.271288E-3
3.059552E-1	4.270875E-3
3.059864E-1	4.270048E-3
3.062773E-1	4.270746E-3
3.066638E-1	4.270449E-3
3.070932E-1	4.270487E-3
3.073756E-1	4.270681E-3
3.074946E-1	4.271404E-3
3.077587E-1	4.271223E-3
3.080091E-1	4.271404E-3
3.084508E-1	4.270758E-3
3.089561E-1	4.271043E-3
3.092245E-1	4.270474E-3
3.094727E-1	4.270707E-3
3.096217E-1	4.268654E-3
3.098754E-1	4.268848E-3
3.102147E-1	4.268835E-3
3.107280E-1	4.268654E-3
3.109420E-1	4.270384E-3
3.112019E-1	4.269674E-3
3.114399E-1	4.270332E-3
3.118240E-1	4.269377E-3
3.119856E-1	4.268267E-3
3.121077E-1	4.270152E-3
3.126258E-1	4.268254E-3
3.133656E-1	4.270010E-3
3.135855E-1	4.268615E-3
3.140273E-1	4.269158E-3
3.147179E-1	4.270629E-3
3.150009E-1	4.270087E-3
3.153740E-1	4.270358E-3
3.158238E-1	4.270281E-3
3.165948E-1	4.269868E-3
3.171473E-1	4.269519E-3
3.174929E-1	4.269842E-3
3.180207E-1	4.269261E-3
3.185440E-1	4.270642E-3
3.192000E-1	4.270513E-3
3.195743E-1	4.269984E-3
3.200565E-1	4.270552E-3
3.206329E-1	4.269842E-3
3.211877E-1	4.269545E-3
3.217294E-1	4.269777E-3
3.221458E-1	4.270629E-3
3.227067E-1	4.270642E-3
3.231267E-1	4.270190E-3
3.238262E-1	4.269919E-3
3.243231E-1	4.270139E-3
3.248746E-1	4.270023E-3
3.251610E-1	4.271520E-3
3.257856E-1	4.271197E-3
3.262805E-1	4.270397E-3
3.269419E-1	4.271043E-3
3.277411E-1	4.270565E-3
3.280156E-1	4.270926E-3
3.285656E-1	4.270836E-3
3.290742E-1	4.269751E-3
3.296934E-1	4.271623E-3
3.303813E-1	4.270629E-3
3.306518E-1	4.271856E-3
3.313705E-1	4.271185E-3
3.317237E-1	4.271804E-3
3.325686E-1	4.271417E-3
3.328655E-1	4.270978E-3
3.333545E-1	4.270242E-3
3.343812E-1	4.270720E-3
3.347030E-1	4.270268E-3
3.352642E-1	4.270036E-3
3.355941E-1	4.270449E-3
3.363539E-1	4.270758E-3
3.367904E-1	4.270875E-3
3.374245E-1	4.270294E-3
3.378473E-1	4.270939E-3
3.387661E-1	4.270771E-3
3.393174E-1	4.271017E-3
3.397355E-1	4.270810E-3
3.402468E-1	4.271469E-3
3.409654E-1	4.271585E-3
3.415465E-1	4.270578E-3
3.420568E-1	4.270952E-3
3.424419E-1	4.271520E-3
3.433368E-1	4.270462E-3
3.437107E-1	4.270733E-3
3.446907E-1	4.270565E-3
3.448600E-1	4.270913E-3
3.455318E-1	4.270229E-3
3.460227E-1	4.270410E-3
3.466742E-1	4.271030E-3
3.474668E-1	4.271895E-3
3.478009E-1	4.269906E-3
3.484021E-1	4.270616E-3
3.489232E-1	4.270410E-3
3.496599E-1	4.271197E-3
3.505406E-1	4.271443E-3
3.511322E-1	4.270836E-3
3.514273E-1	4.271456E-3
3.517925E-1	4.271507E-3
3.527071E-1	4.271159E-3
3.533548E-1	4.271043E-3
3.538201E-1	4.270591E-3
3.544681E-1	4.270655E-3
3.548718E-1	4.270862E-3
3.557182E-1	4.270926E-3
3.562324E-1	4.271856E-3
3.568790E-1	4.270513E-3
3.574093E-1	4.271843E-3
3.580805E-1	4.270733E-3
3.585536E-1	4.271352E-3
3.591555E-1	4.272024E-3
3.596746E-1	4.271223E-3
3.604484E-1	4.271146E-3
3.611398E-1	4.271856E-3
3.616697E-1	4.272850E-3
3.622407E-1	4.271469E-3
3.629480E-1	4.271727E-3
3.635472E-1	4.271481E-3
3.642335E-1	4.272334E-3
3.647262E-1	4.272295E-3
3.653076E-1	4.271469E-3
3.656647E-1	4.271430E-3
3.663449E-1	4.272889E-3
3.670559E-1	4.272037E-3
3.676344E-1	4.272127E-3
3.682320E-1	4.271972E-3
3.686601E-1	4.271417E-3
3.693859E-1	4.271301E-3
3.701750E-1	4.271946E-3
3.707331E-1	4.272088E-3
3.713446E-1	4.271907E-3
3.718598E-1	4.271985E-3
3.726949E-1	4.273353E-3
3.730666E-1	4.271920E-3
3.736401E-1	4.273108E-3
3.742429E-1	4.272734E-3
3.749009E-1	4.272772E-3
3.754060E-1	4.272321E-3
3.759805E-1	4.272217E-3
3.765690E-1	4.272669E-3
3.774301E-1	4.272256E-3
3.779162E-1	4.270449E-3
3.783440E-1	4.270900E-3
3.789178E-1	4.272424E-3
3.796390E-1	4.272062E-3
3.806119E-1	4.273302E-3
3.809062E-1	4.272372E-3
3.816678E-1	4.272411E-3
3.819112E-1	4.272527E-3
3.825710E-1	4.272282E-3
3.831647E-1	4.272372E-3
3.835261E-1	4.272992E-3
3.842947E-1	4.271391E-3
3.849954E-1	4.271869E-3
3.856553E-1	4.272592E-3
3.863478E-1	4.273044E-3
3.866727E-1	4.272579E-3
3.874676E-1	4.272592E-3
3.880337E-1	4.271172E-3
3.886689E-1	4.272179E-3
3.892949E-1	4.271378E-3
3.898165E-1	4.271791E-3
3.904633E-1	4.272605E-3
3.908628E-1	4.271817E-3
3.920279E-1	4.271727E-3
3.921194E-1	4.271133E-3
3.927877E-1	4.271365E-3
3.933039E-1	4.273211E-3
3.937547E-1	4.271236E-3
3.946176E-1	4.272463E-3
3.953211E-1	4.271869E-3
3.959491E-1	4.272269E-3
3.961332E-1	4.272334E-3
3.965475E-1	4.272772E-3
3.973336E-1	4.272256E-3
3.980002E-1	4.272153E-3
3.986155E-1	4.272217E-3
3.995475E-1	4.272101E-3
3.997144E-1	4.272811E-3
4.002412E-1	4.271753E-3
4.010514E-1	4.273082E-3
4.022718E-1	4.272346E-3
4.023672E-1	4.272450E-3
4.027679E-1	4.273056E-3
4.038656E-1	4.271985E-3
4.043165E-1	4.273147E-3
4.045141E-1	4.272979E-3
4.051318E-1	4.272308E-3
4.056375E-1	4.272243E-3
4.062669E-1	4.272837E-3
4.068010E-1	4.272798E-3
4.075112E-1	4.271895E-3
4.082104E-1	4.272656E-3
4.088212E-1	4.272295E-3
4.090413E-1	4.273289E-3
4.096587E-1	4.272049E-3
4.103040E-1	4.271778E-3
4.109056E-1	4.272476E-3
4.114475E-1	4.272979E-3
4.121650E-1	4.272166E-3
4.124550E-1	4.271559E-3
4.129640E-1	4.272708E-3
4.138990E-1	4.272114E-3
4.146489E-1	4.272398E-3
4.153070E-1	4.271494E-3
4.154876E-1	4.271378E-3
4.161344E-1	4.270681E-3
4.169777E-1	4.271314E-3
4.174274E-1	4.272579E-3
4.176813E-1	4.271469E-3
4.187475E-1	4.272643E-3
4.190882E-1	4.271946E-3
4.196809E-1	4.272230E-3
4.204652E-1	4.272334E-3
4.206434E-1	4.271907E-3
4.210915E-1	4.272192E-3
4.219746E-1	4.272359E-3
4.224108E-1	4.272062E-3
4.227586E-1	4.271843E-3
4.235169E-1	4.271740E-3
4.241704E-1	4.271765E-3
4.243404E-1	4.272062E-3
4.250623E-1	4.271688E-3
4.256938E-1	4.272437E-3
4.260310E-1	4.272230E-3
4.268813E-1	4.272153E-3
4.276423E-1	4.272153E-3
4.280515E-1	4.271843E-3
4.286854E-1	4.271623E-3
4.289498E-1	4.272256E-3
4.296444E-1	4.272166E-3
4.300300E-1	4.272850E-3
4.308706E-1	4.273108E-3
4.314786E-1	4.271778E-3
4.319681E-1	4.271675E-3
4.323548E-1	4.272579E-3
4.330023E-1	4.271275E-3
4.333278E-1	4.272140E-3
4.341244E-1	4.272153E-3
4.350723E-1	4.271933E-3
4.354703E-1	4.272321E-3
4.357952E-1	4.271649E-3
4.363676E-1	4.272230E-3
4.365611E-1	4.271791E-3
4.371722E-1	4.271933E-3
4.377276E-1	4.272308E-3
4.384875E-1	4.273457E-3
4.390828E-1	4.273612E-3
4.398367E-1	4.273018E-3
4.404432E-1	4.273379E-3
4.407028E-1	4.272463E-3
4.411725E-1	4.272024E-3
4.418319E-1	4.271817E-3
4.421012E-1	4.272334E-3
4.427570E-1	4.271197E-3
4.435957E-1	4.271236E-3
4.440926E-1	4.271804E-3
4.444838E-1	4.271365E-3
4.447781E-1	4.272437E-3
4.449894E-1	4.272850E-3
4.458775E-1	4.271946E-3
4.464872E-1	4.272734E-3
4.472698E-1	4.272566E-3
4.474756E-1	4.272798E-3
4.476801E-1	4.272230E-3
4.485042E-1	4.272656E-3
4.492124E-1	4.273883E-3
4.498252E-1	4.272295E-3
4.500352E-1	4.271843E-3
4.509783E-1	4.271920E-3
4.510262E-1	4.271920E-3
4.514534E-1	4.272695E-3
4.521748E-1	4.273289E-3
4.528084E-1	4.272024E-3
4.532890E-1	4.272346E-3
4.537612E-1	4.272321E-3
4.544547E-1	4.272889E-3
4.549868E-1	4.272927E-3
4.551302E-1	4.272488E-3
4.560391E-1	4.273160E-3
4.567694E-1	4.273108E-3
4.571756E-1	4.273302E-3
4.571568E-1	4.272605E-3
4.578513E-1	4.272643E-3
4.584631E-1	4.273031E-3
4.590288E-1	4.271701E-3
4.594606E-1	4.272011E-3
4.598868E-1	4.272217E-3
4.603093E-1	4.272062E-3
4.609028E-1	4.272488E-3
4.616579E-1	4.272669E-3
4.622789E-1	4.273625E-3
4.624661E-1	4.272024E-3
4.629299E-1	4.272514E-3
4.635766E-1	4.272695E-3
4.639249E-1	4.271856E-3
4.644153E-1	4.272269E-3
4.651391E-1	4.271843E-3
4.658629E-1	4.273366E-3
4.659263E-1	4.271649E-3
4.663544E-1	4.271727E-3
4.667844E-1	4.272992E-3
4.673144E-1	4.271714E-3
4.679146E-1	4.272437E-3
4.684071E-1	4.271197E-3
4.687689E-1	4.273031E-3
4.693936E-1	4.271520E-3
4.697165E-1	4.272785E-3
4.701448E-1	4.271520E-3
4.707668E-1	4.272476E-3
4.712074E-1	4.270642E-3
4.715870E-1	4.272359E-3
4.724962E-1	4.272514E-3
4.728693E-1	4.271481E-3
4.732715E-1	4.271933E-3
4.735537E-1	4.272127E-3
4.741269E-1	4.272902E-3
4.748021E-1	4.271907E-3
4.751922E-1	4.271830E-3
4.759442E-1	4.272940E-3
4.760588E-1	4.271417E-3
4.766303E-1	4.272708E-3
4.772384E-1	4.272243E-3
4.776024E-1	4.272785E-3
4.780452E-1	4.271068E-3
4.786030E-1	4.272269E-3
4.789216E-1	4.272037E-3
4.790379E-1	4.273508E-3
4.796162E-1	4.272127E-3
4.800920E-1	4.271662E-3
4.807113E-1	4.272269E-3
4.813635E-1	4.273224E-3
4.817984E-1	4.271236E-3
4.819030E-1	4.272114E-3
4.825273E-1	4.271933E-3
4.830056E-1	4.271740E-3
4.833237E-1	4.272359E-3
4.839404E-1	4.271933E-3
4.842914E-1	4.271559E-3
4.846298E-1	4.272037E-3
4.850712E-1	4.272437E-3
4.853047E-1	4.272592E-3
4.860081E-1	4.272153E-3
4.865166E-1	4.272669E-3
4.869495E-1	4.272721E-3
4.874582E-1	4.273173E-3
4.881042E-1	4.272605E-3
4.883144E-1	4.272695E-3
4.888715E-1	4.272953E-3
4.892271E-1	4.272876E-3
4.892923E-1	4.273302E-3
4.900868E-1	4.271959E-3
4.904976E-1	4.271740E-3
4.910868E-1	4.271507E-3
4.915538E-1	4.272514E-3
4.918732E-1	4.271869E-3
4.921219E-1	4.272437E-3
4.926813E-1	4.271533E-3
4.931907E-1	4.271249E-3
4.936632E-1	4.272656E-3
4.940435E-1	4.271520E-3
4.941856E-1	4.272785E-3
4.945786E-1	4.272798E-3
4.950020E-1	4.272527E-3
4.953356E-1	4.273005E-3
4.960384E-1	4.272011E-3
4.965647E-1	4.272527E-3
4.968790E-1	4.273392E-3
4.974765E-1	4.272411E-3
4.975008E-1	4.272385E-3
4.980944E-1	4.272308E-3
4.984023E-1	4.272940E-3
4.988821E-1	4.272062E-3
4.993722E-1	4.272295E-3
4.999813E-1	4.271946E-3
5.002943E-1	4.271791E-3
5.006216E-1	4.272114E-3
5.012192E-1	4.274128E-3
5.016540E-1	4.272308E-3
5.020513E-1	4.272992E-3
5.020886E-1	4.272282E-3
5.025933E-1	4.272540E-3
5.029647E-1	4.273069E-3
5.032193E-1	4.273134E-3
5.036838E-1	4.272308E-3
5.042793E-1	4.272811E-3
5.048074E-1	4.272501E-3
5.051203E-1	4.272902E-3
5.062643E-1	4.272682E-3
5.062375E-1	4.272824E-3
5.063218E-1	4.272772E-3
5.065339E-1	4.272476E-3
5.067943E-1	4.273612E-3
5.072276E-1	4.272669E-3
5.078902E-1	4.273005E-3
5.082859E-1	4.273186E-3
5.085672E-1	4.272785E-3
5.091593E-1	4.272798E-3
5.093241E-1	4.272966E-3
5.098942E-1	4.273934E-3
5.101809E-1	4.272437E-3
5.105475E-1	4.272760E-3
5.110610E-1	4.272540E-3
5.113417E-1	4.272088E-3
5.117500E-1	4.272785E-3
5.124092E-1	4.273379E-3
5.125046E-1	4.272437E-3
5.129545E-1	4.272953E-3
5.130907E-1	4.272914E-3
5.137960E-1	4.273573E-3
5.137120E-1	4.273650E-3
5.142706E-1	4.272295E-3
5.148105E-1	4.272540E-3
5.151876E-1	4.272811E-3
5.155651E-1	4.272902E-3
5.159135E-1	4.272734E-3
5.160498E-1	4.274063E-3
5.163996E-1	4.272179E-3
5.167812E-1	4.272295E-3
5.174489E-1	4.273418E-3
5.174360E-1	4.272295E-3
5.179467E-1	4.273198E-3
5.182325E-1	4.273289E-3
5.187493E-1	4.274205E-3
5.187732E-1	4.272914E-3
5.191943E-1	4.271507E-3
5.198211E-1	4.272630E-3
5.200985E-1	4.273534E-3
5.205211E-1	4.272476E-3
5.209002E-1	4.273483E-3
5.216289E-1	4.273457E-3
5.217463E-1	4.272669E-3
5.218514E-1	4.272140E-3
5.220514E-1	4.272308E-3
5.222067E-1	4.273224E-3
5.226227E-1	4.273470E-3
5.230652E-1	4.272592E-3
5.231974E-1	4.272618E-3
5.237200E-1	4.272721E-3
5.241516E-1	4.271172E-3
5.246499E-1	4.272282E-3
5.246748E-1	4.273044E-3
5.252483E-1	4.272037E-3
5.253493E-1	4.271649E-3
5.254892E-1	4.273947E-3
5.262054E-1	4.272876E-3
5.264894E-1	4.272424E-3
5.265619E-1	4.272049E-3
5.270938E-1	4.272966E-3
5.274907E-1	4.272295E-3
5.277898E-1	4.273341E-3
5.283156E-1	4.272114E-3
5.284331E-1	4.274205E-3
5.287361E-1	4.272579E-3
5.290709E-1	4.273082E-3
5.295252E-1	4.272824E-3
5.298461E-1	4.272863E-3
5.300597E-1	4.273082E-3
5.305623E-1	4.272966E-3
5.309071E-1	4.271727E-3
5.310828E-1	4.272385E-3
5.314229E-1	4.272282E-3
5.318117E-1	4.272966E-3
5.319450E-1	4.272643E-3
5.321323E-1	4.272643E-3
5.325085E-1	4.272321E-3
5.326773E-1	4.273315E-3
5.333735E-1	4.272747E-3
5.336628E-1	4.272463E-3
5.337578E-1	4.273637E-3
5.339119E-1	4.273366E-3
5.344393E-1	4.272398E-3
5.350579E-1	4.272669E-3
5.351449E-1	4.272114E-3
5.353929E-1	4.273366E-3
5.357158E-1	4.273186E-3
5.360299E-1	4.272476E-3
5.362450E-1	4.272476E-3
5.365549E-1	4.272359E-3
5.367272E-1	4.272592E-3
5.371821E-1	4.273250E-3
5.373609E-1	4.273031E-3
5.375699E-1	4.273560E-3
5.379263E-1	4.274231E-3
5.383924E-1	4.273108E-3
5.386565E-1	4.273392E-3
5.389997E-1	4.273224E-3
5.392037E-1	4.274205E-3
5.393818E-1	4.272618E-3
5.398837E-1	4.274283E-3
5.401640E-1	4.272424E-3
5.403919E-1	4.274089E-3
5.407668E-1	4.273431E-3
5.408365E-1	4.273160E-3
5.413633E-1	4.272540E-3
5.417039E-1	4.273069E-3
5.417217E-1	4.273521E-3
5.419881E-1	4.273857E-3
5.424874E-1	4.272953E-3
5.427558E-1	4.274154E-3
5.427128E-1	4.273431E-3
5.432040E-1	4.273186E-3
5.434949E-1	4.273921E-3
5.439584E-1	4.274180E-3
5.441167E-1	4.273999E-3
5.442941E-1	4.273276E-3
5.443988E-1	4.272876E-3
5.445936E-1	4.273560E-3
5.450104E-1	4.273767E-3
5.449285E-1	4.273289E-3
5.455107E-1	4.273082E-3
5.460752E-1	4.273341E-3
5.462619E-1	4.273457E-3
5.461253E-1	4.272592E-3
5.468383E-1	4.273431E-3
5.470533E-1	4.273250E-3
5.472794E-1	4.272708E-3
5.474458E-1	4.272850E-3
5.480506E-1	4.272334E-3
5.481385E-1	4.273663E-3
5.484976E-1	4.272192E-3
5.484548E-1	4.272514E-3
5.485425E-1	4.272940E-3
5.489204E-1	4.272695E-3
5.492709E-1	4.272372E-3
5.493456E-1	4.272501E-3
5.494943E-1	4.273431E-3
5.499182E-1	4.273534E-3
5.502368E-1	4.273082E-3
5.502977E-1	4.272075E-3
5.504839E-1	4.273147E-3
5.508723E-1	4.272101E-3
5.510836E-1	4.272346E-3
5.510713E-1	4.272592E-3
5.516822E-1	4.272359E-3
5.518369E-1	4.272037E-3
5.519022E-1	4.271301E-3
5.524926E-1	4.272940E-3
5.527653E-1	4.273121E-3
5.528781E-1	4.273792E-3
5.530552E-1	4.271507E-3
5.532636E-1	4.273483E-3
5.535051E-1	4.272824E-3
5.539195E-1	4.272592E-3
5.544058E-1	4.271740E-3
5.546607E-1	4.273069E-3
5.550361E-1	4.272772E-3
5.551547E-1	4.272179E-3
5.551578E-1	4.272114E-3
5.554043E-1	4.272217E-3
5.555185E-1	4.271895E-3
5.559622E-1	4.272902E-3
5.559696E-1	4.271946E-3
5.559193E-1	4.273392E-3
5.561359E-1	4.272889E-3
5.567886E-1	4.272940E-3
5.572752E-1	4.272618E-3
5.571448E-1	4.273315E-3
5.571665E-1	4.273663E-3
5.574909E-1	4.273431E-3
5.578096E-1	4.271920E-3
5.581209E-1	4.273392E-3
5.584440E-1	4.272450E-3
5.587995E-1	4.272811E-3
5.592362E-1	4.272372E-3
5.590920E-1	4.271882E-3
5.592218E-1	4.272811E-3
5.596201E-1	4.273031E-3
5.600536E-1	4.273315E-3
5.602762E-1	4.272217E-3
5.606814E-1	4.273341E-3
5.609211E-1	4.273147E-3
5.612138E-1	4.273069E-3
5.612241E-1	4.272282E-3
5.615943E-1	4.272643E-3
5.624428E-1	4.272785E-3
5.624349E-1	4.272385E-3
5.626876E-1	4.271895E-3
5.631633E-1	4.272321E-3
5.637792E-1	4.272618E-3
5.638977E-1	4.272359E-3
5.641704E-1	4.272127E-3
5.647955E-1	4.271727E-3
5.648438E-1	4.272385E-3
5.650594E-1	4.272011E-3
5.654531E-1	4.272359E-3
5.654505E-1	4.273276E-3
5.660481E-1	4.272217E-3
5.662158E-1	4.273289E-3
5.671183E-1	4.272166E-3
5.672465E-1	4.272372E-3
5.674106E-1	4.272088E-3
5.680349E-1	4.272940E-3
5.687010E-1	4.272024E-3
5.690585E-1	4.272953E-3
5.693405E-1	4.272114E-3
5.697501E-1	4.273831E-3
5.698799E-1	4.272850E-3
5.701397E-1	4.274012E-3
5.706115E-1	4.273302E-3
5.707821E-1	4.272785E-3
5.713267E-1	4.273315E-3
5.720260E-1	4.272656E-3
5.721203E-1	4.273767E-3
5.724168E-1	4.273289E-3
5.730617E-1	4.273870E-3
5.734181E-1	4.273444E-3
5.737073E-1	4.274335E-3
5.741876E-1	4.274606E-3
5.743018E-1	4.274038E-3
5.746782E-1	4.274360E-3
5.752191E-1	4.272979E-3
5.756427E-1	4.273276E-3
5.762296E-1	4.274335E-3
5.768643E-1	4.273844E-3
5.768695E-1	4.273805E-3
5.771378E-1	4.274257E-3
5.774836E-1	4.273921E-3
5.780361E-1	4.273044E-3
5.781367E-1	4.274141E-3
5.787076E-1	4.273831E-3
5.791665E-1	4.274115E-3
5.794312E-1	4.274477E-3
5.796343E-1	4.273767E-3
5.800465E-1	4.273134E-3
5.806755E-1	4.273353E-3
5.811935E-1	4.273909E-3
5.813663E-1	4.274244E-3
5.815611E-1	4.273676E-3
5.816976E-1	4.273289E-3
5.822627E-1	4.273082E-3
5.830037E-1	4.273483E-3
5.829986E-1	4.273366E-3
5.835818E-1	4.273069E-3
5.838447E-1	4.273676E-3
5.845197E-1	4.273792E-3
5.846672E-1	4.274154E-3
5.845831E-1	4.274825E-3
5.853825E-1	4.274438E-3
5.858526E-1	4.273728E-3
5.860525E-1	4.274373E-3
5.862954E-1	4.273896E-3
5.871708E-1	4.274089E-3
5.875917E-1	4.275045E-3
5.880939E-1	4.274632E-3
5.882974E-1	4.273883E-3
5.887093E-1	4.273521E-3
5.889788E-1	4.274722E-3
5.889987E-1	4.274980E-3
5.895375E-1	4.275148E-3
5.894636E-1	4.274851E-3
5.900079E-1	4.274490E-3
5.907875E-1	4.274993E-3
5.910392E-1	4.274941E-3
5.914405E-1	4.275639E-3
5.916985E-1	4.274735E-3
5.922875E-1	4.274528E-3
5.923580E-1	4.274890E-3
5.926672E-1	4.275225E-3
5.928565E-1	4.274102E-3
5.934171E-1	4.274967E-3
5.936652E-1	4.273909E-3
5.936927E-1	4.275316E-3
5.942286E-1	4.275045E-3
5.944461E-1	4.274348E-3
5.948207E-1	4.275122E-3
5.953431E-1	4.275432E-3
5.951453E-1	4.274735E-3
5.955701E-1	4.275367E-3
5.957208E-1	4.276452E-3
5.963656E-1	4.275380E-3
5.963998E-1	4.274464E-3
5.972595E-1	4.274709E-3
5.973546E-1	4.275251E-3
5.974908E-1	4.274993E-3
5.977021E-1	4.275303E-3
5.984824E-1	4.275161E-3
5.985736E-1	4.274761E-3
5.989895E-1	4.274193E-3
5.993778E-1	4.275225E-3
5.999089E-1	4.274812E-3
5.997985E-1	4.275832E-3
6.000885E-1	4.274825E-3
6.005557E-1	4.275445E-3
6.005532E-1	4.275135E-3
6.012913E-1	4.276000E-3
6.014782E-1	4.274812E-3
6.014373E-1	4.274709E-3
6.016892E-1	4.275225E-3
6.018698E-1	4.275187E-3
6.025892E-1	4.275303E-3
6.026706E-1	4.275587E-3
6.031585E-1	4.275677E-3
6.033244E-1	4.274928E-3
6.037320E-1	4.274089E-3
6.039669E-1	4.274128E-3
6.039454E-1	4.275148E-3
6.042614E-1	4.275574E-3
6.050001E-1	4.275122E-3
6.050444E-1	4.274012E-3
6.051508E-1	4.274231E-3
6.056576E-1	4.275187E-3
6.060125E-1	4.275354E-3
6.064183E-1	4.275316E-3
6.066697E-1	4.275871E-3
6.067592E-1	4.275212E-3
6.072622E-1	4.274774E-3
6.071889E-1	4.275716E-3
6.073821E-1	4.275393E-3
6.078329E-1	4.276129E-3
6.081022E-1	4.275380E-3
6.082865E-1	4.275380E-3
6.086095E-1	4.275109E-3
6.085989E-1	4.276478E-3
6.089817E-1	4.274851E-3
6.091516E-1	4.275690E-3
6.092096E-1	4.275884E-3
6.096107E-1	4.275664E-3
6.100513E-1	4.275961E-3
6.099870E-1	4.274954E-3
6.101904E-1	4.276116E-3
6.108353E-1	4.275303E-3
6.107616E-1	4.276219E-3
6.112550E-1	4.274890E-3
6.112162E-1	4.275845E-3
6.116183E-1	4.275755E-3
6.119834E-1	4.275600E-3
6.121651E-1	4.275419E-3
6.125552E-1	4.275445E-3
6.128268E-1	4.275251E-3
6.130277E-1	4.275419E-3
6.132857E-1	4.274864E-3
6.133431E-1	4.275471E-3
6.133290E-1	4.275419E-3
6.136731E-1	4.275200E-3
6.139198E-1	4.276052E-3
6.140765E-1	4.276555E-3
6.145441E-1	4.275755E-3
6.147628E-1	4.275509E-3
6.150022E-1	4.276581E-3
6.148308E-1	4.276336E-3
6.153600E-1	4.275703E-3
6.153532E-1	4.276129E-3
6.153738E-1	4.276491E-3
6.156111E-1	4.275910E-3
6.161869E-1	4.276710E-3
6.161950E-1	4.277717E-3
6.163656E-1	4.276478E-3
