7.182071E-2	9.273497E-3
7.177743E-2	9.270786E-3
7.176381E-2	9.269753E-3
7.174734E-2	9.271070E-3
7.165029E-2	9.271186E-3
7.148036E-2	9.270257E-3
7.154110E-2	9.272219E-3
7.167375E-2	9.272891E-3
7.182336E-2	9.286524E-3
7.242854E-2	9.285659E-3
7.254338E-2	9.290048E-3
7.253733E-2	9.279746E-3
7.278834E-2	9.285349E-3
7.306704E-2	9.297652E-3
7.358289E-2	9.294386E-3
7.373544E-2	9.301990E-3
7.380266E-2	9.305256E-3
7.384864E-2	9.309555E-3
7.419985E-2	9.316411E-3
7.426363E-2	9.318657E-3
7.468777E-2	9.319806E-3
7.482270E-2	9.344490E-3
7.519728E-2	9.356794E-3
7.536891E-2	9.386229E-3
7.605536E-2	9.380936E-3
7.610919E-2	9.404200E-3
7.652071E-2	9.436695E-3
7.668971E-2	9.438450E-3
7.696151E-2	9.440464E-3
7.725538E-2	9.440929E-3
7.757876E-2	9.441975E-3
7.782532E-2	9.443266E-3
7.796968E-2	9.445448E-3
7.807207E-2	9.446287E-3
7.812652E-2	9.446493E-3
7.850256E-2	9.448882E-3
7.847717E-2	9.451360E-3
7.898977E-2	9.453013E-3
7.929612E-2	9.454627E-3
7.955834E-2	9.457803E-3
7.952342E-2	9.460049E-3
7.998153E-2	9.462566E-3
8.042800E-2	9.465394E-3
8.049317E-2	9.469899E-3
8.077006E-2	9.472456E-3
8.107588E-2	9.474650E-3
8.143915E-2	9.478239E-3
8.166932E-2	9.481699E-3
8.176233E-2	9.485818E-3
8.206018E-2	9.486489E-3
8.216423E-2	9.488942E-3
8.262180E-2	9.489536E-3
8.299051E-2	9.492854E-3
8.326180E-2	9.494325E-3
8.352576E-2	9.495087E-3
8.368851E-2	9.498482E-3
8.406145E-2	9.497902E-3
8.441265E-2	9.495087E-3
8.479668E-2	9.495190E-3
8.490824E-2	9.503866E-3
8.523302E-2	9.504421E-3
8.539172E-2	9.510631E-3
8.596831E-2	9.510992E-3
8.615450E-2	9.512671E-3
8.644367E-2	9.513639E-3
8.661740E-2	9.515408E-3
8.686794E-2	9.517538E-3
8.745337E-2	9.520249E-3
8.762027E-2	9.520998E-3
8.798106E-2	9.524019E-3
8.849107E-2	9.525490E-3
8.859065E-2	9.528085E-3
8.882405E-2	9.528860E-3
8.927758E-2	9.531584E-3
8.967202E-2	9.534037E-3
9.009732E-2	9.536542E-3
9.015713E-2	9.538530E-3
9.042469E-2	9.540440E-3
9.074445E-2	9.541938E-3
9.128590E-2	9.543022E-3
9.146403E-2	9.545475E-3
9.175641E-2	9.546741E-3
9.219443E-2	9.548703E-3
9.248156E-2	9.551182E-3
9.281144E-2	9.553028E-3
9.307718E-2	9.555984E-3
9.329021E-2	9.558553E-3
9.352053E-2	9.560851E-3
9.392011E-2	9.562517E-3
9.433741E-2	9.565990E-3
9.474819E-2	9.568920E-3
9.501112E-2	9.573426E-3
9.541626E-2	9.576550E-3
9.576067E-2	9.579468E-3
9.599705E-2	9.583831E-3
9.658518E-2	9.587369E-3
9.693076E-2	9.596548E-3
9.725889E-2	9.673118E-3
9.793811E-2	9.807900E-3
9.808184E-2	1.102909E-2
9.823342E-2	1.265945E-2
9.860979E-2	1.557229E-2
9.900322E-2	2.040181E-2
9.939101E-2	2.452581E-2
9.975664E-2	2.727274E-2
1.001735E-1	2.875007E-2
1.003805E-1	3.009370E-2
1.006994E-1	3.093422E-2
1.013047E-1	3.100392E-2
1.015198E-1	3.101265E-2
1.019362E-1	3.100962E-2
1.022067E-1	3.101586E-2
1.023980E-1	3.101354E-2
1.029350E-1	3.101175E-2
1.032655E-1	3.102057E-2
1.039094E-1	3.101998E-2
1.040230E-1	3.102048E-2
1.043583E-1	3.101325E-2
1.047788E-1	3.101855E-2
1.049652E-1	3.101860E-2
1.055799E-1	3.102279E-2
1.060288E-1	3.102084E-2
1.065899E-1	3.101900E-2
1.070218E-1	3.102215E-2
1.073484E-1	3.102092E-2
1.078575E-1	3.102455E-2
1.080640E-1	3.102397E-2
1.087584E-1	3.102447E-2
1.090567E-1	3.102034E-2
1.093188E-1	3.102496E-2
1.096816E-1	3.101856E-2
1.102155E-1	3.102738E-2
1.108614E-1	3.102350E-2
1.109954E-1	3.102813E-2
1.114936E-1	3.102672E-2
1.118894E-1	3.102281E-2
1.123608E-1	3.102792E-2
1.127392E-1	3.102694E-2
1.132553E-1	3.103002E-2
1.136790E-1	3.103115E-2
1.140449E-1	3.102384E-2
1.145683E-1	3.102920E-2
1.149998E-1	3.102392E-2
1.155175E-1	3.102565E-2
1.156078E-1	3.102166E-2
1.163042E-1	3.102825E-2
1.166208E-1	3.103135E-2
1.169725E-1	3.103268E-2
1.174095E-1	3.103303E-2
1.181024E-1	3.102738E-2
1.183893E-1	3.103200E-2
1.188396E-1	3.103421E-2
1.195984E-1	3.103196E-2
1.201342E-1	3.102039E-2
1.203830E-1	3.101776E-2
1.205219E-1	3.102647E-2
1.213443E-1	3.104546E-2
1.218172E-1	3.104247E-2
1.222310E-1	3.104971E-2
1.228914E-1	3.103386E-2
1.233938E-1	3.102931E-2
1.236125E-1	3.103609E-2
1.241729E-1	3.103705E-2
1.246998E-1	3.104164E-2
1.251956E-1	3.103884E-2
1.256370E-1	3.103894E-2
1.261935E-1	3.105010E-2
1.267689E-1	3.103601E-2
1.271683E-1	3.104235E-2
1.278325E-1	3.104590E-2
1.283980E-1	3.104234E-2
1.288111E-1	3.104348E-2
1.293726E-1	3.103600E-2
1.297018E-1	3.104307E-2
1.303299E-1	3.104719E-2
1.306686E-1	3.104845E-2
1.311161E-1	3.104229E-2
1.318570E-1	3.104058E-2
1.323832E-1	3.105052E-2
1.326554E-1	3.104972E-2
1.333249E-1	3.104258E-2
1.338590E-1	3.104204E-2
1.344747E-1	3.104654E-2
1.350910E-1	3.104835E-2
1.354902E-1	3.105231E-2
1.362779E-1	3.104601E-2
1.367525E-1	3.104289E-2
1.369026E-1	3.105083E-2
1.375567E-1	3.104364E-2
1.382759E-1	3.104761E-2
1.390835E-1	3.105078E-2
1.394059E-1	3.104727E-2
1.400458E-1	3.105466E-2
1.404323E-1	3.104941E-2
1.407522E-1	3.104657E-2
1.413989E-1	3.105170E-2
1.418889E-1	3.105062E-2
1.426267E-1	3.105784E-2
1.430282E-1	3.105065E-2
1.437637E-1	3.104896E-2
1.445516E-1	3.105404E-2
1.449309E-1	3.105127E-2
1.454901E-1	3.105299E-2
1.461334E-1	3.105773E-2
1.466732E-1	3.105707E-2
1.471750E-1	3.105210E-2
1.479094E-1	3.105926E-2
1.484850E-1	3.106089E-2
1.489891E-1	3.105351E-2
1.495452E-1	3.106112E-2
1.499059E-1	3.106194E-2
1.506046E-1	3.104985E-2
1.512245E-1	3.105810E-2
1.519839E-1	3.106004E-2
1.528610E-1	3.106053E-2
1.532249E-1	3.106510E-2
1.536038E-1	3.106186E-2
1.542353E-1	3.106599E-2
1.549443E-1	3.105787E-2
1.553724E-1	3.106309E-2
1.561117E-1	3.106301E-2
1.568722E-1	3.105942E-2
1.573228E-1	3.106382E-2
1.580232E-1	3.106418E-2
1.584479E-1	3.106372E-2
1.592859E-1	3.106838E-2
1.599123E-1	3.106489E-2
1.604211E-1	3.106753E-2
1.610571E-1	3.106465E-2
1.617360E-1	3.106678E-2
1.623318E-1	3.106311E-2
1.629113E-1	3.106864E-2
1.635970E-1	3.106387E-2
1.643515E-1	3.106611E-2
1.647412E-1	3.107001E-2
1.654845E-1	3.107158E-2
1.661507E-1	3.106933E-2
1.667051E-1	3.107113E-2
1.673827E-1	3.106954E-2
1.681314E-1	3.107050E-2
1.687527E-1	3.106598E-2
1.693872E-1	3.106882E-2
1.699107E-1	3.107348E-2
1.707771E-1	3.107221E-2
1.715089E-1	3.107318E-2
1.720713E-1	3.107385E-2
1.727879E-1	3.107119E-2
1.733629E-1	3.107440E-2
1.741265E-1	3.107325E-2
1.750795E-1	3.106948E-2
