2.873431E-1	8.641171E-3
2.892848E-1	8.642824E-3
2.893695E-1	8.643134E-3
2.894600E-1	8.643095E-3
2.895375E-1	8.643418E-3
2.895901E-1	8.643702E-3
2.896736E-1	8.643960E-3
2.897117E-1	8.644270E-3
2.897900E-1	8.643650E-3
2.898445E-1	8.643676E-3
2.899565E-1	8.643418E-3
2.899769E-1	8.644386E-3
2.900154E-1	8.645148E-3
2.900712E-1	8.644980E-3
2.901507E-1	8.644980E-3
2.901974E-1	8.644722E-3
2.902783E-1	8.645135E-3
2.903322E-1	8.645677E-3
2.904004E-1	8.645238E-3
2.904469E-1	8.645290E-3
2.905036E-1	8.645483E-3
2.905109E-1	8.645122E-3
2.905920E-1	8.645032E-3
2.906400E-1	8.645083E-3
2.906447E-1	8.645044E-3
2.906665E-1	8.644670E-3
2.907294E-1	8.645703E-3
2.908099E-1	8.645148E-3
2.908575E-1	8.645612E-3
2.908991E-1	8.646258E-3
2.909461E-1	8.645896E-3
2.909610E-1	8.646193E-3
2.909978E-1	8.647187E-3
2.910389E-1	8.646568E-3
2.910935E-1	8.646697E-3
2.911139E-1	8.647123E-3
2.911503E-1	8.646878E-3
2.911903E-1	8.647484E-3
2.912260E-1	8.646103E-3
2.912698E-1	8.646658E-3
2.913054E-1	8.647317E-3
2.913196E-1	8.647355E-3
2.913636E-1	8.647678E-3
2.914028E-1	8.647510E-3
2.914323E-1	8.647962E-3
2.914887E-1	8.648440E-3
2.915171E-1	8.647601E-3
2.915388E-1	8.647794E-3
2.915569E-1	8.647381E-3
2.915601E-1	8.646903E-3
2.915847E-1	8.648917E-3
2.916461E-1	8.648427E-3
2.916381E-1	8.648130E-3
2.916794E-1	8.647588E-3
2.917080E-1	8.648595E-3
2.917681E-1	8.647045E-3
2.917933E-1	8.647110E-3
2.918062E-1	8.647110E-3
2.918638E-1	8.647949E-3
2.918822E-1	8.647949E-3
2.919017E-1	8.647962E-3
2.919345E-1	8.647988E-3
2.919608E-1	8.648466E-3
2.919917E-1	8.648001E-3
2.920305E-1	8.648685E-3
2.920714E-1	8.648285E-3
2.920751E-1	8.648091E-3
2.920935E-1	8.648504E-3
2.921431E-1	8.648685E-3
2.921689E-1	8.648504E-3
2.921927E-1	8.648633E-3
2.922363E-1	8.648491E-3
2.922350E-1	8.648827E-3
2.922540E-1	8.649240E-3
2.922814E-1	8.649408E-3
2.923151E-1	8.648840E-3
2.924001E-1	8.648763E-3
2.923816E-1	8.649498E-3
2.924296E-1	8.648414E-3
2.924612E-1	8.649266E-3
2.924927E-1	8.649757E-3
2.925196E-1	8.648659E-3
2.925301E-1	8.649486E-3
2.925908E-1	8.649072E-3
2.926087E-1	8.649615E-3
2.926240E-1	8.648685E-3
2.926736E-1	8.648453E-3
2.926830E-1	8.648479E-3
2.927155E-1	8.648685E-3
2.927496E-1	8.649085E-3
2.927760E-1	8.648879E-3
2.928019E-1	8.648556E-3
2.928710E-1	8.649189E-3
2.928854E-1	8.648169E-3
2.929383E-1	8.647949E-3
2.929457E-1	8.648827E-3
2.929656E-1	8.647910E-3
2.929914E-1	8.649473E-3
2.930505E-1	8.649356E-3
2.930297E-1	8.648633E-3
2.930536E-1	8.649679E-3
2.930882E-1	8.650350E-3
2.931027E-1	8.649163E-3
2.931484E-1	8.649305E-3
2.931678E-1	8.649937E-3
2.932004E-1	8.649395E-3
2.932127E-1	8.649163E-3
2.932398E-1	8.649860E-3
2.932735E-1	8.649640E-3
2.932912E-1	8.649847E-3
2.933101E-1	8.649589E-3
2.933266E-1	8.649640E-3
2.934003E-1	8.649266E-3
2.934384E-1	8.648943E-3
2.934569E-1	8.650118E-3
2.934676E-1	8.650208E-3
2.934865E-1	8.651099E-3
2.935105E-1	8.650325E-3
2.935376E-1	8.650312E-3
2.935527E-1	8.649989E-3
2.936073E-1	8.650893E-3
2.936241E-1	8.650441E-3
2.936403E-1	8.650196E-3
2.936831E-1	8.651099E-3
2.937184E-1	8.650738E-3
2.937784E-1	8.650415E-3
2.937941E-1	8.650234E-3
2.938221E-1	8.650428E-3
2.938429E-1	8.650454E-3
2.938837E-1	8.651048E-3
2.939620E-1	8.651280E-3
2.939821E-1	8.651073E-3
2.939934E-1	8.651538E-3
2.940696E-1	8.650208E-3
2.941372E-1	8.650647E-3
2.942067E-1	8.650802E-3
2.942489E-1	8.650363E-3
2.942770E-1	8.649602E-3
2.943186E-1	8.651073E-3
2.943957E-1	8.650170E-3
2.944943E-1	8.650854E-3
2.945625E-1	8.650957E-3
2.946132E-1	8.651719E-3
2.946797E-1	8.650751E-3
2.946936E-1	8.651203E-3
2.947734E-1	8.650854E-3
2.948478E-1	8.651448E-3
2.948853E-1	8.651461E-3
2.949563E-1	8.650699E-3
2.950303E-1	8.651086E-3
2.950931E-1	8.651564E-3
2.951579E-1	8.650751E-3
2.952166E-1	8.650957E-3
2.952811E-1	8.650131E-3
2.953503E-1	8.650299E-3
2.954374E-1	8.652080E-3
2.954996E-1	8.651616E-3
2.955457E-1	8.650867E-3
2.956017E-1	8.650880E-3
2.956741E-1	8.651254E-3
2.956961E-1	8.651396E-3
2.957772E-1	8.652364E-3
2.958473E-1	8.651887E-3
2.959080E-1	8.651680E-3
2.959770E-1	8.651048E-3
2.960355E-1	8.651771E-3
2.961243E-1	8.652313E-3
2.961701E-1	8.651848E-3
2.962286E-1	8.651499E-3
2.962940E-1	8.651926E-3
2.964182E-1	8.651900E-3
2.964571E-1	8.652210E-3
2.964973E-1	8.652132E-3
2.965638E-1	8.653217E-3
2.966284E-1	8.652661E-3
2.966854E-1	8.651667E-3
2.967379E-1	8.652197E-3
2.968274E-1	8.652971E-3
2.968668E-1	8.652261E-3
2.969418E-1	8.652313E-3
2.969950E-1	8.651822E-3
2.970604E-1	8.651874E-3
2.971639E-1	8.652816E-3
2.971980E-1	8.652352E-3
2.972632E-1	8.652558E-3
2.972996E-1	8.652933E-3
2.973814E-1	8.652042E-3
2.974677E-1	8.652545E-3
2.975273E-1	8.653294E-3
2.975803E-1	8.652584E-3
2.976463E-1	8.653436E-3
2.976795E-1	8.653152E-3
2.977392E-1	8.654224E-3
2.978182E-1	8.652842E-3
2.978730E-1	8.652494E-3
2.979602E-1	8.653229E-3
2.980082E-1	8.652287E-3
2.980808E-1	8.652752E-3
2.981585E-1	8.652855E-3
2.982325E-1	8.652842E-3
2.982825E-1	8.653475E-3
2.983553E-1	8.653242E-3
2.984518E-1	8.652997E-3
2.985119E-1	8.652403E-3
2.985578E-1	8.653307E-3
2.986841E-1	8.653229E-3
2.986955E-1	8.653268E-3
2.987591E-1	8.652842E-3
2.988542E-1	8.653565E-3
2.989051E-1	8.652494E-3
2.989885E-1	8.653049E-3
2.990358E-1	8.653617E-3
2.991159E-1	8.652558E-3
2.991672E-1	8.653836E-3
2.992248E-1	8.654198E-3
2.992993E-1	8.653836E-3
2.993568E-1	8.652920E-3
2.994954E-1	8.653333E-3
2.995505E-1	8.654869E-3
2.995629E-1	8.653410E-3
2.996341E-1	8.653991E-3
2.996808E-1	8.654159E-3
2.997323E-1	8.654159E-3
2.998106E-1	8.653049E-3
2.998966E-1	8.654340E-3
2.999706E-1	8.654366E-3
3.000635E-1	8.654611E-3
3.001108E-1	8.655127E-3
3.001678E-1	8.654030E-3
3.002336E-1	8.655089E-3
3.002848E-1	8.655076E-3
3.003450E-1	8.654830E-3
3.004555E-1	8.654585E-3
3.005169E-1	8.654043E-3
3.005652E-1	8.654043E-3
3.006608E-1	8.653797E-3
3.006917E-1	8.654546E-3
3.007579E-1	8.654624E-3
3.008507E-1	8.654533E-3
3.009776E-1	8.654120E-3
3.010024E-1	8.654830E-3
3.010683E-1	8.655231E-3
3.012101E-1	8.654159E-3
3.012334E-1	8.654288E-3
3.012736E-1	8.654869E-3
3.013330E-1	8.654959E-3
3.014149E-1	8.655411E-3
3.015079E-1	8.654172E-3
3.015618E-1	8.655295E-3
3.016053E-1	8.654740E-3
3.016723E-1	8.654740E-3
3.017029E-1	8.655837E-3
3.018289E-1	8.655385E-3
3.018874E-1	8.655166E-3
3.019767E-1	8.654327E-3
3.020018E-1	8.655063E-3
3.020840E-1	8.654533E-3
3.021376E-1	8.655902E-3
3.022136E-1	8.655424E-3
3.022818E-1	8.655476E-3
3.023737E-1	8.655657E-3
3.024549E-1	8.655243E-3
3.025105E-1	8.655205E-3
3.025685E-1	8.655553E-3
3.026764E-1	8.654766E-3
3.027085E-1	8.654740E-3
3.027985E-1	8.655063E-3
3.028766E-1	8.654895E-3
3.029355E-1	8.655540E-3
3.030013E-1	8.655076E-3
3.030618E-1	8.654985E-3
3.031538E-1	8.655269E-3
3.032256E-1	8.656341E-3
3.033040E-1	8.655928E-3
3.033680E-1	8.655837E-3
3.034417E-1	8.655876E-3
3.034829E-1	8.655928E-3
3.035716E-1	8.655695E-3
3.036885E-1	8.655450E-3
3.037137E-1	8.656367E-3
3.038045E-1	8.656870E-3
3.038753E-1	8.655308E-3
3.039543E-1	8.656044E-3
3.040186E-1	8.656547E-3
3.041003E-1	8.656483E-3
3.041682E-1	8.655669E-3
3.042346E-1	8.655773E-3
3.042911E-1	8.655192E-3
3.043652E-1	8.655941E-3
3.044439E-1	8.656547E-3
3.045299E-1	8.657154E-3
3.046011E-1	8.656534E-3
3.046677E-1	8.655682E-3
3.047141E-1	8.656147E-3
3.047909E-1	8.657102E-3
3.048854E-1	8.656418E-3
3.049746E-1	8.656289E-3
3.050251E-1	8.657051E-3
3.050903E-1	8.657464E-3
3.051712E-1	8.657516E-3
3.052554E-1	8.657412E-3
3.053009E-1	8.657180E-3
3.053897E-1	8.656522E-3
3.054945E-1	8.656728E-3
3.055376E-1	8.656418E-3
3.056257E-1	8.656715E-3
3.057014E-1	8.657580E-3
3.057352E-1	8.657554E-3
3.058258E-1	8.657761E-3
3.059103E-1	8.657942E-3
3.059712E-1	8.658006E-3
3.060584E-1	8.657683E-3
3.061502E-1	8.656896E-3
3.062563E-1	8.657335E-3
3.062752E-1	8.657490E-3
3.063538E-1	8.657593E-3
3.064535E-1	8.657374E-3
3.065312E-1	8.657102E-3
3.065691E-1	8.657464E-3
3.066631E-1	8.656676E-3
3.067365E-1	8.656973E-3
3.068237E-1	8.657800E-3
3.068958E-1	8.657245E-3
3.069716E-1	8.657580E-3
3.070418E-1	8.657916E-3
3.071267E-1	8.658613E-3
3.072035E-1	8.658432E-3
3.072685E-1	8.657464E-3
3.073255E-1	8.657955E-3
3.074307E-1	8.657800E-3
3.075272E-1	8.657916E-3
3.075785E-1	8.658239E-3
3.076624E-1	8.658316E-3
3.077073E-1	8.658239E-3
3.077963E-1	8.658923E-3
3.078918E-1	8.658755E-3
3.079667E-1	8.658058E-3
3.080194E-1	8.658587E-3
3.081074E-1	8.659233E-3
3.081874E-1	8.658845E-3
3.082587E-1	8.658135E-3
3.083759E-1	8.658406E-3
3.084325E-1	8.658832E-3
3.084898E-1	8.657980E-3
3.085907E-1	8.660072E-3
3.086904E-1	8.659220E-3
3.087375E-1	8.658574E-3
3.088482E-1	8.659078E-3
3.089194E-1	8.659530E-3
3.089997E-1	8.659091E-3
3.090542E-1	8.660111E-3
3.091399E-1	8.659452E-3
3.092105E-1	8.659749E-3
3.093403E-1	8.660175E-3
3.093990E-1	8.660214E-3
3.094860E-1	8.659736E-3
3.095506E-1	8.659904E-3
3.096291E-1	8.659297E-3
3.096816E-1	8.658755E-3
3.097198E-1	8.659491E-3
3.098744E-1	8.659465E-3
3.099312E-1	8.660136E-3
3.100322E-1	8.659284E-3
3.101024E-1	8.659865E-3
3.101682E-1	8.659917E-3
3.102594E-1	8.659465E-3
3.102985E-1	8.660265E-3
3.104048E-1	8.660407E-3
3.104987E-1	8.659994E-3
3.105715E-1	8.660304E-3
3.106108E-1	8.660717E-3
3.107197E-1	8.661569E-3
3.108099E-1	8.661298E-3
3.108420E-1	8.661066E-3
3.109278E-1	8.660743E-3
3.110359E-1	8.661118E-3
3.111362E-1	8.661750E-3
3.112012E-1	8.661311E-3
3.112816E-1	8.660898E-3
3.113697E-1	8.661040E-3
3.114574E-1	8.661763E-3
3.115264E-1	8.661182E-3
3.115807E-1	8.661802E-3
3.116514E-1	8.661376E-3
3.117165E-1	8.662434E-3
3.117969E-1	8.662654E-3
3.119309E-1	8.662112E-3
3.120008E-1	8.662512E-3
3.120656E-1	8.662538E-3
3.121472E-1	8.662254E-3
3.122054E-1	8.662357E-3
3.122784E-1	8.662731E-3
3.124159E-1	8.662254E-3
3.124616E-1	8.662421E-3
3.125489E-1	8.662990E-3
3.126406E-1	8.662125E-3
3.127618E-1	8.662125E-3
3.128173E-1	8.663248E-3
3.129128E-1	8.663299E-3
3.130352E-1	8.663261E-3
3.130582E-1	8.662383E-3
3.131428E-1	8.662977E-3
3.132336E-1	8.663493E-3
3.132969E-1	8.664100E-3
3.133938E-1	8.664745E-3
3.134926E-1	8.664009E-3
3.135900E-1	8.663545E-3
3.136706E-1	8.663519E-3
3.137461E-1	8.663312E-3
3.138291E-1	8.662835E-3
3.138934E-1	8.662899E-3
3.139882E-1	8.663583E-3
3.140724E-1	8.663493E-3
3.141541E-1	8.663635E-3
3.142823E-1	8.664655E-3
3.143239E-1	8.663880E-3
3.144307E-1	8.663570E-3
3.145474E-1	8.663222E-3
3.145842E-1	8.664616E-3
3.146818E-1	8.664190E-3
3.147351E-1	8.663648E-3
3.148779E-1	8.665016E-3
3.149162E-1	8.663609E-3
3.149973E-1	8.665752E-3
3.150969E-1	8.664861E-3
3.152180E-1	8.664978E-3
3.152498E-1	8.664358E-3
3.153338E-1	8.665003E-3
3.154650E-1	8.665133E-3
3.155201E-1	8.665081E-3
3.156347E-1	8.665442E-3
3.156863E-1	8.666023E-3
3.157958E-1	8.665494E-3
3.158970E-1	8.665417E-3
3.159886E-1	8.666333E-3
3.161062E-1	8.665404E-3
3.161427E-1	8.665752E-3
3.162198E-1	8.665972E-3
3.163629E-1	8.665313E-3
3.164475E-1	8.666424E-3
3.164950E-1	8.666165E-3
3.165738E-1	8.666940E-3
3.166719E-1	8.666863E-3
3.167524E-1	8.666295E-3
3.168443E-1	8.665933E-3
3.169440E-1	8.666243E-3
3.170122E-1	8.666269E-3
3.171269E-1	8.666437E-3
3.172005E-1	8.666462E-3
3.172802E-1	8.667211E-3
3.173569E-1	8.666411E-3
3.174844E-1	8.666372E-3
3.175740E-1	8.667392E-3
3.176519E-1	8.667185E-3
3.177007E-1	8.666514E-3
3.178130E-1	8.667676E-3
3.178825E-1	8.666914E-3
3.179896E-1	8.666811E-3
3.180695E-1	8.667017E-3
3.181605E-1	8.667405E-3
3.182586E-1	8.665959E-3
3.183448E-1	8.667172E-3
3.184525E-1	8.667560E-3
3.185193E-1	8.667495E-3
3.187225E-1	8.667147E-3
3.187429E-1	8.667108E-3
3.188445E-1	8.667431E-3
3.189677E-1	8.667818E-3
3.190120E-1	8.668012E-3
3.190931E-1	8.667895E-3
3.191689E-1	8.667805E-3
3.193213E-1	8.668024E-3
3.193742E-1	8.667740E-3
3.194901E-1	8.668141E-3
3.195776E-1	8.668283E-3
3.196539E-1	8.667482E-3
3.197069E-1	8.668425E-3
3.198606E-1	8.667986E-3
3.198907E-1	8.668257E-3
3.199993E-1	8.667689E-3
3.201020E-1	8.667740E-3
3.201842E-1	8.668722E-3
3.203217E-1	8.667960E-3
3.203666E-1	8.668218E-3
3.205332E-1	8.668696E-3
3.206117E-1	8.668657E-3
3.207000E-1	8.668218E-3
3.207571E-1	8.668386E-3
3.209277E-1	8.668696E-3
3.209778E-1	8.668644E-3
3.210434E-1	8.669328E-3
3.212021E-1	8.668825E-3
3.212463E-1	8.669019E-3
3.213267E-1	8.668502E-3
3.214442E-1	8.669264E-3
3.215232E-1	8.669664E-3
3.216211E-1	8.669341E-3
3.217129E-1	8.669109E-3
3.217851E-1	8.669199E-3
3.218849E-1	8.668593E-3
3.219545E-1	8.668657E-3
3.220560E-1	8.669587E-3
3.221817E-1	8.668334E-3
3.222453E-1	8.668244E-3
3.223485E-1	8.669664E-3
3.224600E-1	8.668902E-3
3.225442E-1	8.669445E-3
3.226770E-1	8.669806E-3
3.227439E-1	8.669535E-3
3.229150E-1	8.669896E-3
3.229643E-1	8.669419E-3
3.230348E-1	8.669535E-3
3.231283E-1	8.670168E-3
3.232231E-1	8.670800E-3
3.233332E-1	8.669496E-3
3.234501E-1	8.670426E-3
3.235346E-1	8.669173E-3
3.236362E-1	8.670051E-3
3.237047E-1	8.669806E-3
3.238319E-1	8.670374E-3
3.239143E-1	8.670310E-3
3.240159E-1	8.670452E-3
3.241172E-1	8.669742E-3
3.242092E-1	8.670968E-3
3.243277E-1	8.670774E-3
3.244392E-1	8.671717E-3
3.245229E-1	8.671020E-3
3.246069E-1	8.671704E-3
3.247224E-1	8.671613E-3
3.248009E-1	8.671420E-3
3.249177E-1	8.671420E-3
3.249995E-1	8.671575E-3
3.251322E-1	8.671058E-3
3.252215E-1	8.670981E-3
3.252897E-1	8.670658E-3
3.254067E-1	8.671020E-3
3.255209E-1	8.672117E-3
3.255968E-1	8.671936E-3
3.256815E-1	8.670994E-3
3.258175E-1	8.670710E-3
3.259059E-1	8.672182E-3
3.259815E-1	8.671407E-3
3.261001E-1	8.672672E-3
3.261872E-1	8.672078E-3
3.262915E-1	8.671756E-3
3.263994E-1	8.671949E-3
3.265129E-1	8.671420E-3
3.266657E-1	8.672233E-3
3.267396E-1	8.672866E-3
3.268274E-1	8.672698E-3
3.269085E-1	8.671239E-3
3.270043E-1	8.671756E-3
3.271101E-1	8.671820E-3
3.272170E-1	8.672853E-3
3.273056E-1	8.671910E-3
3.274193E-1	8.672853E-3
3.275193E-1	8.672298E-3
3.276160E-1	8.672982E-3
3.277080E-1	8.672750E-3
3.278740E-1	8.673072E-3
3.279144E-1	8.671756E-3
3.280594E-1	8.672078E-3
3.281248E-1	8.673008E-3
3.282217E-1	8.673279E-3
3.283272E-1	8.673795E-3
3.284356E-1	8.673189E-3
3.285352E-1	8.673537E-3
3.286949E-1	8.673447E-3
3.287617E-1	8.673615E-3
3.289011E-1	8.674363E-3
3.290151E-1	8.673550E-3
3.291068E-1	8.674131E-3
3.292256E-1	8.673731E-3
3.293045E-1	8.674480E-3
3.294409E-1	8.674092E-3
3.295067E-1	8.675151E-3
3.296130E-1	8.674131E-3
3.297022E-1	8.674363E-3
3.297891E-1	8.674789E-3
3.299250E-1	8.673124E-3
3.300306E-1	8.674738E-3
3.301196E-1	8.674247E-3
3.302223E-1	8.673511E-3
3.303370E-1	8.673989E-3
3.304849E-1	8.673834E-3
3.305774E-1	8.674531E-3
3.306729E-1	8.673731E-3
3.307641E-1	8.674802E-3
3.309043E-1	8.674738E-3
3.309823E-1	8.674957E-3
3.310689E-1	8.674570E-3
3.311905E-1	8.675228E-3
3.312920E-1	8.674931E-3
3.314022E-1	8.674751E-3
3.315985E-1	8.674402E-3
3.316254E-1	8.675125E-3
3.317054E-1	8.675461E-3
3.318310E-1	8.675280E-3
3.319332E-1	8.674906E-3
3.320355E-1	8.676222E-3
3.321600E-1	8.675667E-3
3.322870E-1	8.675616E-3
3.324135E-1	8.675951E-3
3.324944E-1	8.674944E-3
3.326224E-1	8.675448E-3
3.327016E-1	8.675590E-3
3.328240E-1	8.676803E-3
3.329439E-1	8.675048E-3
3.330583E-1	8.676661E-3
3.331907E-1	8.675861E-3
3.332937E-1	8.675474E-3
3.333772E-1	8.675887E-3
3.335039E-1	8.676855E-3
3.336164E-1	8.676429E-3
3.337124E-1	8.676067E-3
3.339069E-1	8.676222E-3
3.339615E-1	8.676700E-3
3.340366E-1	8.677049E-3
3.341827E-1	8.676326E-3
3.342733E-1	8.677552E-3
3.344013E-1	8.676920E-3
3.345104E-1	8.677216E-3
3.346098E-1	8.677036E-3
3.347705E-1	8.677371E-3
3.348374E-1	8.677359E-3
3.349317E-1	8.677965E-3
3.350542E-1	8.677772E-3
3.351647E-1	8.677733E-3
3.352914E-1	8.677255E-3
3.353956E-1	8.677565E-3
3.355312E-1	8.676778E-3
3.356568E-1	8.677397E-3
3.357308E-1	8.676868E-3
3.358558E-1	8.677501E-3
3.359694E-1	8.678043E-3
3.360969E-1	8.677449E-3
3.361916E-1	8.677565E-3
3.362954E-1	8.679179E-3
3.364262E-1	8.678211E-3
3.365386E-1	8.678546E-3
3.366567E-1	8.678792E-3
3.367715E-1	8.678740E-3
3.369124E-1	8.678830E-3
3.370210E-1	8.679579E-3
3.371284E-1	8.679463E-3
3.372538E-1	8.679398E-3
3.373433E-1	8.679321E-3
3.375061E-1	8.678223E-3
3.375771E-1	8.678598E-3
3.376899E-1	8.678017E-3
3.377882E-1	8.678675E-3
3.379717E-1	8.679127E-3
3.380229E-1	8.678701E-3
3.381632E-1	8.678714E-3
3.383219E-1	8.678934E-3
3.383825E-1	8.678972E-3
3.385612E-1	8.678843E-3
3.387081E-1	8.679218E-3
3.388169E-1	8.679037E-3
3.388798E-1	8.679024E-3
3.389974E-1	8.679076E-3
3.391227E-1	8.679515E-3
3.392567E-1	8.679463E-3
3.393465E-1	8.679953E-3
3.394899E-1	8.679721E-3
3.396085E-1	8.680560E-3
3.396825E-1	8.680250E-3
3.398255E-1	8.680676E-3
3.399337E-1	8.680741E-3
3.400614E-1	8.680573E-3
3.401822E-1	8.680173E-3
3.402949E-1	8.679941E-3
3.404060E-1	8.679334E-3
3.405334E-1	8.680599E-3
3.406752E-1	8.680534E-3
3.407583E-1	8.681567E-3
3.409234E-1	8.681193E-3
3.410395E-1	8.681283E-3
3.411636E-1	8.680793E-3
3.412457E-1	8.681244E-3
3.413804E-1	8.681244E-3
3.415328E-1	8.681128E-3
3.416264E-1	8.681374E-3
3.417121E-1	8.681128E-3
3.418658E-1	8.681335E-3
3.419743E-1	8.680431E-3
3.421021E-1	8.680031E-3
3.422894E-1	8.680225E-3
3.423330E-1	8.681193E-3
3.424981E-1	8.681335E-3
3.426273E-1	8.681296E-3
3.427383E-1	8.681929E-3
3.428709E-1	8.681516E-3
3.429808E-1	8.681580E-3
3.431168E-1	8.681593E-3
3.432500E-1	8.682432E-3
3.433672E-1	8.682174E-3
3.434840E-1	8.682471E-3
3.436115E-1	8.682962E-3
3.437246E-1	8.682949E-3
3.438418E-1	8.683039E-3
3.439673E-1	8.682871E-3
3.441138E-1	8.682665E-3
3.442446E-1	8.682458E-3
3.443480E-1	8.682303E-3
3.444840E-1	8.682897E-3
3.446097E-1	8.683065E-3
3.447074E-1	8.681580E-3
3.448591E-1	8.682213E-3
3.449891E-1	8.682677E-3
3.451123E-1	8.682497E-3
3.452307E-1	8.682458E-3
3.453692E-1	8.683736E-3
3.455204E-1	8.682471E-3
3.456506E-1	8.682987E-3
3.457485E-1	8.683826E-3
3.458876E-1	8.683672E-3
3.460927E-1	8.683542E-3
3.461579E-1	8.682987E-3
3.462719E-1	8.684098E-3
3.464719E-1	8.683258E-3
3.465540E-1	8.684485E-3
3.466794E-1	8.683504E-3
3.467718E-1	8.683233E-3
3.469217E-1	8.683710E-3
3.470365E-1	8.683723E-3
3.471711E-1	8.684420E-3
3.473563E-1	8.684123E-3
3.474632E-1	8.684640E-3
3.475903E-1	8.684033E-3
3.476910E-1	8.684537E-3
3.478186E-1	8.684098E-3
3.479356E-1	8.684859E-3
3.481192E-1	8.684549E-3
3.481855E-1	8.684653E-3
3.483898E-1	8.684369E-3
3.484858E-1	8.684833E-3
3.486550E-1	8.685053E-3
3.487417E-1	8.685053E-3
3.489798E-1	8.684395E-3
3.490316E-1	8.685376E-3
3.491744E-1	8.684679E-3
3.493390E-1	8.684666E-3
3.495139E-1	8.685285E-3
3.495623E-1	8.685389E-3
3.496866E-1	8.685402E-3
3.498800E-1	8.685440E-3
3.499548E-1	8.685698E-3
3.500881E-1	8.685285E-3
3.501962E-1	8.685402E-3
3.503204E-1	8.686112E-3
3.504731E-1	8.686086E-3
3.505976E-1	8.685556E-3
3.507725E-1	8.685737E-3
3.509039E-1	8.686383E-3
3.510339E-1	8.687299E-3
3.512472E-1	8.686215E-3
3.513846E-1	8.686499E-3
3.514351E-1	8.685853E-3
3.515968E-1	8.685763E-3
3.516667E-1	8.686073E-3
3.517847E-1	8.686215E-3
3.520259E-1	8.686602E-3
3.521100E-1	8.685995E-3
3.522332E-1	8.687093E-3
3.523582E-1	8.686602E-3
3.525362E-1	8.686163E-3
3.526935E-1	8.686421E-3
3.528223E-1	8.687273E-3
3.529292E-1	8.686860E-3
3.530781E-1	8.687428E-3
3.532813E-1	8.686938E-3
3.533354E-1	8.687248E-3
3.535255E-1	8.687622E-3
3.536515E-1	8.687144E-3
3.537630E-1	8.687377E-3
3.539247E-1	8.687325E-3
3.540713E-1	8.687532E-3
3.541828E-1	8.687183E-3
3.543915E-1	8.687725E-3
3.544828E-1	8.687687E-3
3.546060E-1	8.687583E-3
3.547443E-1	8.688164E-3
3.548896E-1	8.687325E-3
3.550199E-1	8.686951E-3
3.551827E-1	8.687015E-3
3.553250E-1	8.688448E-3
3.555494E-1	8.688061E-3
3.556154E-1	8.687596E-3
3.557542E-1	8.687596E-3
3.558814E-1	8.687764E-3
3.560206E-1	8.688397E-3
3.561714E-1	8.688164E-3
3.563369E-1	8.687867E-3
3.565082E-1	8.688461E-3
3.566248E-1	8.687312E-3
3.567232E-1	8.688513E-3
3.568906E-1	8.687803E-3
3.570353E-1	8.688565E-3
3.571935E-1	8.688707E-3
3.573355E-1	8.688229E-3
3.574800E-1	8.688965E-3
3.576226E-1	8.688629E-3
3.577481E-1	8.688332E-3
3.579074E-1	8.688384E-3
3.581153E-1	8.688552E-3
3.582161E-1	8.688991E-3
3.583389E-1	8.687635E-3
3.585094E-1	8.688668E-3
3.586807E-1	8.688681E-3
3.587978E-1	8.689417E-3
3.589450E-1	8.688836E-3
3.590937E-1	8.688810E-3
3.592605E-1	8.688784E-3
3.593621E-1	8.689507E-3
3.596174E-1	8.690230E-3
3.596795E-1	8.689688E-3
3.598186E-1	8.689378E-3
3.599757E-1	8.688823E-3
3.601143E-1	8.689313E-3
3.603064E-1	8.689249E-3
3.604434E-1	8.689107E-3
3.606706E-1	8.689042E-3
3.607311E-1	8.689507E-3
3.608850E-1	8.689275E-3
3.610234E-1	8.689933E-3
3.611727E-1	8.690088E-3
3.613238E-1	8.689856E-3
3.614740E-1	8.689313E-3
3.616339E-1	8.689843E-3
3.617281E-1	8.690217E-3
3.619309E-1	8.689417E-3
3.620767E-1	8.689933E-3
3.622266E-1	8.689042E-3
3.623622E-1	8.690436E-3
3.625315E-1	8.690372E-3
3.627179E-1	8.690462E-3
3.628547E-1	8.690850E-3
3.629798E-1	8.690901E-3
3.631588E-1	8.690514E-3
3.633201E-1	8.691314E-3
3.634905E-1	8.690566E-3
3.636319E-1	8.691637E-3
3.637513E-1	8.691456E-3
3.639194E-1	8.691289E-3
3.640680E-1	8.691702E-3
3.642285E-1	8.690914E-3
3.643795E-1	8.692024E-3
3.645749E-1	8.692438E-3
3.647092E-1	8.691870E-3
3.648646E-1	8.691870E-3
3.649955E-1	8.692141E-3
3.651667E-1	8.691469E-3
3.653022E-1	8.691159E-3
3.654946E-1	8.691418E-3
3.656438E-1	8.692489E-3
3.657804E-1	8.692334E-3
3.659549E-1	8.691598E-3
3.661014E-1	8.691844E-3
3.662573E-1	8.691973E-3
3.664199E-1	8.690591E-3
3.665972E-1	8.692076E-3
3.667260E-1	8.691056E-3
3.669085E-1	8.692192E-3
3.670469E-1	8.692580E-3
3.672240E-1	8.692528E-3
3.673575E-1	8.691147E-3
3.675581E-1	8.692412E-3
3.676906E-1	8.692296E-3
3.678572E-1	8.692489E-3
3.680344E-1	8.693057E-3
3.681808E-1	8.692618E-3
3.683241E-1	8.693225E-3
3.685601E-1	8.692283E-3
3.686450E-1	8.693380E-3
3.688434E-1	8.692877E-3
3.690068E-1	8.692515E-3
3.691732E-1	8.693328E-3
3.693416E-1	8.693044E-3
3.695194E-1	8.692773E-3
3.696688E-1	8.692799E-3
3.699061E-1	8.693948E-3
3.699835E-1	8.694180E-3
3.701388E-1	8.693251E-3
3.703113E-1	8.693845E-3
3.704901E-1	8.694013E-3
3.706412E-1	8.693509E-3
3.707878E-1	8.693264E-3
3.709632E-1	8.693406E-3
3.711252E-1	8.693251E-3
3.712868E-1	8.693419E-3
3.714791E-1	8.693767E-3
3.716836E-1	8.693367E-3
3.717909E-1	8.693380E-3
3.719553E-1	8.693457E-3
3.721342E-1	8.693690E-3
3.722844E-1	8.694658E-3
3.724330E-1	8.693961E-3
3.726296E-1	8.693974E-3
3.727638E-1	8.694568E-3
3.729535E-1	8.694013E-3
3.731168E-1	8.694452E-3
3.732923E-1	8.695704E-3
3.734831E-1	8.694942E-3
3.736180E-1	8.694684E-3
3.737807E-1	8.695446E-3
3.740450E-1	8.694077E-3
3.741474E-1	8.695949E-3
3.744021E-1	8.694723E-3
3.745116E-1	8.694516E-3
3.746621E-1	8.694761E-3
3.747857E-1	8.695007E-3
3.749698E-1	8.694878E-3
3.751355E-1	8.695665E-3
3.753240E-1	8.695252E-3
3.755225E-1	8.694968E-3
3.756980E-1	8.696711E-3
3.759479E-1	8.695872E-3
3.760227E-1	8.696311E-3
3.761916E-1	8.696311E-3
3.763608E-1	8.696788E-3
3.766348E-1	8.697253E-3
3.767186E-1	8.696181E-3
3.768875E-1	8.696427E-3
3.770660E-1	8.696401E-3
3.772501E-1	8.697447E-3
3.774681E-1	8.696517E-3
3.776160E-1	8.695988E-3
3.777493E-1	8.697266E-3
3.779369E-1	8.697705E-3
3.781344E-1	8.697627E-3
3.782918E-1	8.697524E-3
3.784842E-1	8.697576E-3
3.786765E-1	8.698247E-3
3.788495E-1	8.698015E-3
3.790221E-1	8.698041E-3
3.791815E-1	8.697834E-3
3.794820E-1	8.698118E-3
3.795703E-1	8.698015E-3
3.797132E-1	8.698480E-3
3.799203E-1	8.698764E-3
3.800844E-1	8.697627E-3
3.802997E-1	8.698751E-3
3.804904E-1	8.699435E-3
3.806746E-1	8.699680E-3
3.808381E-1	8.699099E-3
3.810400E-1	8.699138E-3
3.812251E-1	8.698957E-3
3.813833E-1	8.698802E-3
3.815821E-1	8.699009E-3
3.817535E-1	8.698893E-3
3.820068E-1	8.699551E-3
3.820912E-1	8.699474E-3
3.822906E-1	8.699538E-3
3.825948E-1	8.699654E-3
3.826713E-1	8.699848E-3
3.829403E-1	8.699138E-3
3.830297E-1	8.699603E-3
3.832099E-1	8.699448E-3
3.833910E-1	8.700171E-3
3.836129E-1	8.699900E-3
3.838525E-1	8.700894E-3
3.839592E-1	8.701281E-3
3.841675E-1	8.700532E-3
3.843439E-1	8.700016E-3
3.846030E-1	8.700300E-3
3.847159E-1	8.700506E-3
3.849006E-1	8.700945E-3
3.850904E-1	8.701294E-3
3.852733E-1	8.701462E-3
3.854885E-1	8.701191E-3
3.856572E-1	8.701785E-3
3.858218E-1	8.701178E-3
3.860327E-1	8.702094E-3
3.862157E-1	8.701513E-3
3.863972E-1	8.701630E-3
3.866183E-1	8.702417E-3
3.868061E-1	8.702843E-3
3.869830E-1	8.703050E-3
3.871710E-1	8.702727E-3
3.873490E-1	8.702249E-3
3.875596E-1	8.703140E-3
3.877386E-1	8.702585E-3
3.879000E-1	8.702895E-3
3.881195E-1	8.703695E-3
3.884085E-1	8.703424E-3
3.885288E-1	8.702946E-3
3.887502E-1	8.703450E-3
3.889249E-1	8.702843E-3
3.891344E-1	8.702959E-3
3.892990E-1	8.703334E-3
3.894800E-1	8.703966E-3
3.897105E-1	8.703850E-3
3.898895E-1	8.703837E-3
3.900948E-1	8.703669E-3
3.902850E-1	8.704754E-3
3.904756E-1	8.704147E-3
3.907559E-1	8.705012E-3
3.908160E-1	8.705193E-3
3.910543E-1	8.705399E-3
3.913528E-1	8.704418E-3
3.914561E-1	8.705219E-3
3.916423E-1	8.705206E-3
3.917784E-1	8.704986E-3
3.920116E-1	8.706045E-3
3.922065E-1	8.705541E-3
3.923856E-1	8.705141E-3
3.926136E-1	8.705438E-3
3.928029E-1	8.705903E-3
3.930268E-1	8.706290E-3
3.932232E-1	8.706109E-3
3.934229E-1	8.705309E-3
3.936234E-1	8.705787E-3
3.937929E-1	8.706148E-3
3.940389E-1	8.705748E-3
3.942377E-1	8.706187E-3
3.944152E-1	8.706342E-3
3.946521E-1	8.706497E-3
3.949467E-1	8.707078E-3
3.950407E-1	8.706613E-3
3.952260E-1	8.706729E-3
3.954535E-1	8.707078E-3
3.956678E-1	8.707220E-3
3.958614E-1	8.706961E-3
3.960614E-1	8.707788E-3
3.962761E-1	8.708059E-3
3.965037E-1	8.708485E-3
3.967002E-1	8.709079E-3
3.969066E-1	8.708601E-3
3.970966E-1	8.707852E-3
3.973335E-1	8.708136E-3
3.975521E-1	8.708394E-3
3.977367E-1	8.708175E-3
3.980438E-1	8.707968E-3
3.982473E-1	8.708265E-3
3.983427E-1	8.708679E-3
3.985924E-1	8.708007E-3
3.987724E-1	8.708988E-3
3.990879E-1	8.708911E-3
3.992058E-1	8.709840E-3
3.994278E-1	8.709518E-3
3.997322E-1	8.709531E-3
3.998017E-1	8.710589E-3
4.000481E-1	8.709763E-3
4.002721E-1	8.711144E-3
4.004750E-1	8.710396E-3
4.007239E-1	8.710873E-3
4.009082E-1	8.709879E-3
4.011251E-1	8.710718E-3
4.013611E-1	8.711351E-3
4.015787E-1	8.711106E-3
4.017293E-1	8.710654E-3
4.019815E-1	8.711364E-3
4.021734E-1	8.711067E-3
4.023668E-1	8.712332E-3
4.026235E-1	8.711725E-3
4.028504E-1	8.711906E-3
4.030756E-1	8.711880E-3
4.032956E-1	8.711467E-3
4.035200E-1	8.711880E-3
4.037560E-1	8.713210E-3
4.039503E-1	8.712552E-3
4.041484E-1	8.712087E-3
4.043864E-1	8.713171E-3
4.046123E-1	8.713197E-3
4.047976E-1	8.713068E-3
4.050264E-1	8.712848E-3
4.052569E-1	8.713546E-3
4.054928E-1	8.713739E-3
4.057347E-1	8.713210E-3
4.059200E-1	8.712952E-3
4.061492E-1	8.713739E-3
4.063957E-1	8.713688E-3
4.066066E-1	8.714359E-3
4.069403E-1	8.713417E-3
4.070369E-1	8.714411E-3
4.072845E-1	8.714888E-3
4.075230E-1	8.714385E-3
4.077403E-1	8.715327E-3
4.080689E-1	8.714953E-3
4.081765E-1	8.714992E-3
4.083979E-1	8.715301E-3
4.086060E-1	8.714294E-3
4.088519E-1	8.714333E-3
4.091124E-1	8.715405E-3
4.093298E-1	8.715508E-3
4.095460E-1	8.714888E-3
4.097755E-1	8.715831E-3
4.100153E-1	8.716450E-3
4.102660E-1	8.715753E-3
4.104811E-1	8.717173E-3
4.106839E-1	8.716657E-3
4.109043E-1	8.716360E-3
4.111393E-1	8.717406E-3
4.113797E-1	8.717367E-3
4.115857E-1	8.717057E-3
4.117625E-1	8.716967E-3
4.120347E-1	8.717522E-3
4.122538E-1	8.717935E-3
4.125130E-1	8.718090E-3
4.127376E-1	8.718684E-3
4.129951E-1	8.719239E-3
4.132090E-1	8.718761E-3
4.134339E-1	8.719304E-3
4.137037E-1	8.719381E-3
4.139442E-1	8.719588E-3
4.141614E-1	8.719949E-3
4.143835E-1	8.719304E-3
4.146463E-1	8.719949E-3
4.148662E-1	8.720478E-3
4.151032E-1	8.721305E-3
4.153439E-1	8.720698E-3
4.155915E-1	8.721318E-3
4.158224E-1	8.720427E-3
4.160546E-1	8.720504E-3
4.163333E-1	8.722286E-3
4.165615E-1	8.721253E-3
4.167778E-1	8.721498E-3
4.170287E-1	8.721653E-3
4.172751E-1	8.722415E-3
4.175440E-1	8.722738E-3
4.177507E-1	8.723448E-3
4.179828E-1	8.723073E-3
4.182410E-1	8.723564E-3
4.184917E-1	8.723925E-3
4.187831E-1	8.723164E-3
4.190153E-1	8.722880E-3
4.192298E-1	8.724222E-3
4.195014E-1	8.724868E-3
4.197384E-1	8.724248E-3
4.199557E-1	8.725926E-3
4.202048E-1	8.725849E-3
4.204786E-1	8.725578E-3
4.207486E-1	8.726198E-3
4.209873E-1	8.726391E-3
4.212200E-1	8.725784E-3
4.214948E-1	8.726004E-3
4.217216E-1	8.726353E-3
4.220715E-1	8.726908E-3
4.222021E-1	8.727527E-3
4.224599E-1	8.728173E-3
4.227383E-1	8.727385E-3
4.229919E-1	8.727721E-3
4.232489E-1	8.728031E-3
4.235114E-1	8.729231E-3
4.237483E-1	8.728883E-3
4.239977E-1	8.729683E-3
4.242258E-1	8.729102E-3
4.244984E-1	8.729658E-3
4.247165E-1	8.730264E-3
4.249938E-1	8.731013E-3
4.252740E-1	8.731542E-3
4.255163E-1	8.731607E-3
4.257520E-1	8.732911E-3
4.260569E-1	8.732924E-3
4.263097E-1	8.732717E-3
4.265600E-1	8.733621E-3
4.269450E-1	8.732588E-3
4.270664E-1	8.733518E-3
4.273380E-1	8.734150E-3
4.276000E-1	8.735131E-3
4.278386E-1	8.734499E-3
4.280714E-1	8.735854E-3
4.283554E-1	8.736048E-3
4.286249E-1	8.736887E-3
4.289096E-1	8.737158E-3
4.291985E-1	8.737197E-3
4.294469E-1	8.737533E-3
4.297238E-1	8.737003E-3
4.299755E-1	8.737584E-3
4.302604E-1	8.739224E-3
4.305265E-1	8.738772E-3
4.307857E-1	8.739534E-3
4.310199E-1	8.739030E-3
4.312751E-1	8.740541E-3
4.315542E-1	8.740786E-3
4.317800E-1	8.741651E-3
4.320544E-1	8.741767E-3
4.323361E-1	8.741160E-3
4.325998E-1	8.742387E-3
4.328896E-1	8.742619E-3
4.331700E-1	8.742503E-3
4.335842E-1	8.742748E-3
4.336921E-1	8.742297E-3
4.339485E-1	8.742994E-3
4.342752E-1	8.743510E-3
4.345307E-1	8.743562E-3
4.347946E-1	8.744078E-3
4.350595E-1	8.744233E-3
4.353369E-1	8.745498E-3
4.355993E-1	8.745188E-3
4.358574E-1	8.746376E-3
4.361622E-1	8.746170E-3
4.364143E-1	8.746337E-3
4.367168E-1	8.746712E-3
4.369939E-1	8.747809E-3
4.372664E-1	8.747835E-3
4.376807E-1	8.747861E-3
4.377776E-1	8.748610E-3
4.380743E-1	8.749552E-3
4.383456E-1	8.749139E-3
4.386657E-1	8.750443E-3
4.389626E-1	8.750340E-3
4.392309E-1	8.751037E-3
4.395035E-1	8.751205E-3
4.397709E-1	8.751553E-3
4.400389E-1	8.752018E-3
4.403197E-1	8.752315E-3
4.405978E-1	8.752792E-3
4.408849E-1	8.752909E-3
4.411925E-1	8.752947E-3
4.414859E-1	8.753089E-3
4.417278E-1	8.753322E-3
4.420168E-1	8.754032E-3
4.423088E-1	8.753916E-3
4.425607E-1	8.754548E-3
4.428696E-1	8.755310E-3
4.431927E-1	8.754910E-3
4.434636E-1	8.755375E-3
4.437555E-1	8.756511E-3
4.440481E-1	8.757208E-3
4.443538E-1	8.755736E-3
4.446237E-1	8.756924E-3
4.449142E-1	8.757621E-3
4.452216E-1	8.758163E-3
4.455191E-1	8.758137E-3
4.458124E-1	8.758318E-3
4.460987E-1	8.759428E-3
4.463880E-1	8.758809E-3
4.466843E-1	8.759519E-3
4.469916E-1	8.759712E-3
4.472943E-1	8.759725E-3
4.475599E-1	8.760164E-3
4.478130E-1	8.760577E-3
4.481494E-1	8.762217E-3
4.484457E-1	8.761300E-3
4.487656E-1	8.762785E-3
4.490668E-1	8.763766E-3
4.493683E-1	8.763159E-3
4.496772E-1	8.763146E-3
4.499803E-1	8.763818E-3
4.502784E-1	8.764760E-3
4.505795E-1	8.764670E-3
4.508762E-1	8.765832E-3
4.512063E-1	8.765005E-3
4.515313E-1	8.766555E-3
4.519179E-1	8.766400E-3
4.520785E-1	8.766697E-3
4.523843E-1	8.766748E-3
4.527050E-1	8.767936E-3
4.530137E-1	8.767213E-3
4.533131E-1	8.768181E-3
4.536383E-1	8.768749E-3
4.539005E-1	8.768323E-3
4.542568E-1	8.769175E-3
4.545668E-1	8.769201E-3
4.550348E-1	8.770028E-3
4.551707E-1	8.770131E-3
4.555154E-1	8.770583E-3
4.557816E-1	8.771215E-3
4.561088E-1	8.771357E-3
4.564241E-1	8.771628E-3
4.567176E-1	8.772326E-3
4.570360E-1	8.772906E-3
4.573496E-1	8.772532E-3
4.576876E-1	8.773823E-3
4.579817E-1	8.773991E-3
4.582957E-1	8.773255E-3
4.585778E-1	8.774714E-3
4.589102E-1	8.774494E-3
4.592435E-1	8.775217E-3
4.597361E-1	8.775514E-3
4.598759E-1	8.774636E-3
4.603361E-1	8.776302E-3
4.604938E-1	8.776289E-3
4.608605E-1	8.776883E-3
4.611836E-1	8.776883E-3
4.615150E-1	8.778135E-3
4.617882E-1	8.777632E-3
4.622566E-1	8.778794E-3
4.624041E-1	8.777941E-3
4.627672E-1	8.779504E-3
4.630851E-1	8.779039E-3
4.634228E-1	8.779116E-3
4.637438E-1	8.780549E-3
4.640832E-1	8.780369E-3
4.644069E-1	8.779671E-3
4.647362E-1	8.780924E-3
4.650466E-1	8.781143E-3
4.653773E-1	8.780885E-3
4.657298E-1	8.781234E-3
4.660682E-1	8.782447E-3
4.663980E-1	8.782783E-3
4.667466E-1	8.783131E-3
4.670723E-1	8.783493E-3
4.673925E-1	8.784384E-3
4.677440E-1	8.785042E-3
4.680477E-1	8.784125E-3
4.683785E-1	8.785223E-3
4.687557E-1	8.784474E-3
4.691149E-1	8.785429E-3
4.694489E-1	8.785016E-3
4.697230E-1	8.785700E-3
4.700860E-1	8.785972E-3
4.705949E-1	8.787250E-3
4.707531E-1	8.787017E-3
4.711139E-1	8.787095E-3
4.714429E-1	8.787585E-3
4.717676E-1	8.789005E-3
4.720738E-1	8.788670E-3
4.724071E-1	8.788270E-3
4.727599E-1	8.788786E-3
4.731281E-1	8.788851E-3
4.734739E-1	8.789354E-3
4.738159E-1	8.789612E-3
4.741566E-1	8.790284E-3
4.745030E-1	8.790981E-3
4.750360E-1	8.790245E-3
4.751842E-1	8.791626E-3
4.755315E-1	8.791949E-3
4.758710E-1	8.792478E-3
4.762127E-1	8.792814E-3
4.765704E-1	8.793188E-3
4.769079E-1	8.793498E-3
4.772782E-1	8.792904E-3
4.776484E-1	8.793459E-3
4.779942E-1	8.793485E-3
4.783662E-1	8.794931E-3
4.787195E-1	8.794583E-3
4.791000E-1	8.794234E-3
4.793939E-1	8.794531E-3
4.797207E-1	8.794621E-3
4.800404E-1	8.795654E-3
4.803720E-1	8.796183E-3
4.807942E-1	8.795448E-3
4.811451E-1	8.796145E-3
4.817329E-1	8.795925E-3
4.818955E-1	8.797268E-3
4.822632E-1	8.797320E-3
4.826465E-1	8.797165E-3
4.831975E-1	8.797694E-3
4.835782E-1	8.797449E-3
4.837794E-1	8.799230E-3
4.841115E-1	8.799811E-3
4.844700E-1	8.798598E-3
4.848425E-1	8.798856E-3
4.852013E-1	8.800689E-3
4.855748E-1	8.800508E-3
4.859154E-1	8.799966E-3
4.863096E-1	8.800599E-3
4.867031E-1	8.801825E-3
4.870554E-1	8.802535E-3
4.874256E-1	8.801877E-3
4.879611E-1	8.803052E-3
4.883449E-1	8.802806E-3
4.885157E-1	8.802703E-3
4.888848E-1	8.803362E-3
4.892873E-1	8.803607E-3
4.897270E-1	8.804562E-3
4.900700E-1	8.804356E-3
4.904052E-1	8.805763E-3
4.907713E-1	8.804820E-3
4.911556E-1	8.805376E-3
4.915246E-1	8.805233E-3
4.919152E-1	8.805376E-3
4.922574E-1	8.805918E-3
4.926504E-1	8.807209E-3
4.930670E-1	8.807286E-3
4.935992E-1	8.808655E-3
4.937815E-1	8.808293E-3
4.942114E-1	8.808668E-3
4.945938E-1	8.809171E-3
4.949293E-1	8.809081E-3
4.953256E-1	8.809959E-3
4.957267E-1	8.810268E-3
4.961455E-1	8.810682E-3
4.965135E-1	8.810423E-3
4.969204E-1	8.812295E-3
4.974695E-1	8.812734E-3
4.976900E-1	8.812850E-3
4.980414E-1	8.812915E-3
4.984345E-1	8.813147E-3
4.988316E-1	8.812437E-3
4.992259E-1	8.813806E-3
4.996547E-1	8.814116E-3
5.000210E-1	8.814555E-3
5.004281E-1	8.815445E-3
5.010800E-1	8.815368E-3
5.012683E-1	8.816904E-3
5.017030E-1	8.817395E-3
5.020417E-1	8.816775E-3
5.024087E-1	8.817640E-3
5.030515E-1	8.817150E-3
5.032465E-1	8.818608E-3
5.036702E-1	8.819034E-3
5.040455E-1	8.819602E-3
5.044233E-1	8.820390E-3
5.048391E-1	8.820145E-3
5.052378E-1	8.821888E-3
5.056244E-1	8.821294E-3
5.062830E-1	8.822185E-3
5.064733E-1	8.822727E-3
5.071098E-1	8.823269E-3
5.072925E-1	8.824108E-3
5.076898E-1	8.825115E-3
5.080895E-1	8.824767E-3
5.085084E-1	8.825851E-3
5.089174E-1	8.825425E-3
5.093554E-1	8.825877E-3
5.097703E-1	8.826225E-3
5.101537E-1	8.826690E-3
5.107950E-1	8.827697E-3
5.109549E-1	8.828162E-3
5.113873E-1	8.828678E-3
5.117706E-1	8.828291E-3
5.121942E-1	8.829634E-3
5.126406E-1	8.829905E-3
5.130669E-1	8.830060E-3
5.135286E-1	8.829659E-3
5.139402E-1	8.830370E-3
5.143628E-1	8.831170E-3
5.147424E-1	8.831364E-3
5.152033E-1	8.831661E-3
5.156327E-1	8.832629E-3
5.160511E-1	8.832926E-3
5.164621E-1	8.833726E-3
5.168773E-1	8.834320E-3
5.173096E-1	8.834398E-3
5.177449E-1	8.833533E-3
5.181581E-1	8.834836E-3
5.185805E-1	8.835327E-3
5.190307E-1	8.835508E-3
5.194532E-1	8.835379E-3
5.201049E-1	8.835869E-3
5.203290E-1	8.837251E-3
5.207823E-1	8.836850E-3
5.214419E-1	8.837612E-3
5.218648E-1	8.837573E-3
5.220847E-1	8.839161E-3
5.227508E-1	8.838645E-3
5.229799E-1	8.839420E-3
5.234183E-1	8.839755E-3
5.238739E-1	8.840943E-3
5.245316E-1	8.840297E-3
5.247632E-1	8.840607E-3
5.251676E-1	8.842105E-3
5.256293E-1	8.841885E-3
5.260922E-1	8.841860E-3
5.265124E-1	8.842815E-3
5.269833E-1	8.843293E-3
5.274263E-1	8.844003E-3
5.278681E-1	8.843693E-3
5.282749E-1	8.844687E-3
5.287650E-1	8.844700E-3
5.292156E-1	8.845758E-3
5.296977E-1	8.845319E-3
5.301334E-1	8.846055E-3
5.305636E-1	8.845913E-3
5.310108E-1	8.846559E-3
5.314749E-1	8.847191E-3
5.319181E-1	8.847359E-3
5.323887E-1	8.847605E-3
5.328609E-1	8.848573E-3
5.333206E-1	8.848612E-3
5.337803E-1	8.849451E-3
5.344545E-1	8.849373E-3
5.346932E-1	8.850845E-3
5.351417E-1	8.850445E-3
5.356390E-1	8.850935E-3
5.363017E-1	8.851361E-3
5.367968E-1	8.851968E-3
5.370093E-1	8.852136E-3
5.374891E-1	8.853659E-3
5.379335E-1	8.853879E-3
5.384001E-1	8.853104E-3
5.391341E-1	8.853672E-3
5.393769E-1	8.854473E-3
5.398406E-1	8.855389E-3
5.405240E-1	8.855570E-3
5.410181E-1	8.855880E-3
5.412555E-1	8.856383E-3
5.417293E-1	8.857442E-3
5.421736E-1	8.856267E-3
5.426772E-1	8.859198E-3
5.431626E-1	8.858591E-3
5.436560E-1	8.858940E-3
5.441494E-1	8.859701E-3
5.446244E-1	8.860657E-3
5.450768E-1	8.859908E-3
5.455737E-1	8.861418E-3
5.460736E-1	8.861819E-3
5.465461E-1	8.863691E-3
5.470211E-1	8.862296E-3
5.475312E-1	8.863278E-3
5.480081E-1	8.863265E-3
5.484693E-1	8.864904E-3
5.489920E-1	8.866027E-3
5.494895E-1	8.865059E-3
5.502478E-1	8.865976E-3
5.504868E-1	8.866350E-3
5.510190E-1	8.868080E-3
5.515085E-1	8.868519E-3
5.521972E-1	8.867977E-3
5.524426E-1	8.868906E-3
5.529565E-1	8.870042E-3
5.534959E-1	8.870107E-3
5.540257E-1	8.871140E-3
5.544949E-1	8.872276E-3
5.550114E-1	8.873670E-3
5.555195E-1	8.873619E-3
5.562754E-1	8.874329E-3
5.565287E-1	8.874561E-3
5.570500E-1	8.875026E-3
5.575292E-1	8.875232E-3
5.580148E-1	8.877324E-3
5.585471E-1	8.877259E-3
5.591027E-1	8.877737E-3
5.595626E-1	8.877905E-3
5.600968E-1	8.879699E-3
5.606043E-1	8.879583E-3
5.611410E-1	8.881248E-3
5.616665E-1	8.881894E-3
5.621536E-1	8.882978E-3
5.629524E-1	8.883185E-3
5.632004E-1	8.884670E-3
5.637450E-1	8.885341E-3
5.645011E-1	8.885199E-3
5.647687E-1	8.887045E-3
5.652748E-1	8.887820E-3
5.658228E-1	8.887858E-3
5.663318E-1	8.889575E-3
5.668744E-1	8.890131E-3
5.674073E-1	8.892015E-3
5.679081E-1	8.891589E-3
5.684336E-1	8.893010E-3
5.689922E-1	8.893345E-3
5.695475E-1	8.893642E-3
5.700330E-1	8.894585E-3
5.708176E-1	8.896173E-3
5.711106E-1	8.896521E-3
5.716260E-1	8.897554E-3
5.721664E-1	8.898871E-3
5.727399E-1	8.898664E-3
5.733052E-1	8.900291E-3
5.738454E-1	8.900704E-3
5.743752E-1	8.901504E-3
5.749334E-1	8.903157E-3
5.754543E-1	8.904332E-3
5.759956E-1	8.904616E-3
5.765349E-1	8.906643E-3
5.771033E-1	8.906849E-3
5.776526E-1	8.908360E-3
5.781824E-1	8.908205E-3
5.787277E-1	8.909418E-3
5.793134E-1	8.911006E-3
5.798598E-1	8.913007E-3
5.803876E-1	8.913640E-3
5.809918E-1	8.915267E-3
5.815765E-1	8.915822E-3
5.820571E-1	8.916880E-3
5.826699E-1	8.917358E-3
5.832500E-1	8.918869E-3
5.838032E-1	8.919630E-3
5.843372E-1	8.921231E-3
5.849122E-1	8.922367E-3
5.854776E-1	8.923607E-3
5.863421E-1	8.923374E-3
5.866287E-1	8.925530E-3
5.872350E-1	8.926731E-3
5.877810E-1	8.928874E-3
5.886612E-1	8.929584E-3
5.889533E-1	8.930707E-3
5.895166E-1	8.931972E-3
5.900719E-1	8.932941E-3
5.906668E-1	8.935316E-3
5.912072E-1	8.936271E-3
5.917722E-1	8.937007E-3
5.923201E-1	8.938892E-3
5.929363E-1	8.937446E-3
5.935294E-1	8.941294E-3
5.944150E-1	8.940842E-3
5.947040E-1	8.942907E-3
5.952751E-1	8.943953E-3
5.958587E-1	8.946858E-3
5.964777E-1	8.945890E-3
5.970596E-1	8.948162E-3
5.976802E-1	8.949324E-3
5.982344E-1	8.951712E-3
5.988612E-1	8.952190E-3
5.994527E-1	8.952706E-3
6.000045E-1	8.954681E-3
6.006420E-1	8.955069E-3
6.012603E-1	8.956992E-3
6.018110E-1	8.956695E-3
6.024035E-1	8.954759E-3
6.030593E-1	8.953468E-3
6.039692E-1	8.960710E-3
6.042923E-1	8.953558E-3
6.048794E-1	8.956540E-3
6.054731E-1	8.959871E-3
6.060855E-1	8.951196E-3
6.066790E-1	8.961343E-3
6.072907E-1	8.960039E-3
6.078975E-1	8.967733E-3
6.085167E-1	8.968405E-3
6.091459E-1	8.970109E-3
6.097650E-1	8.970212E-3
6.103511E-1	8.971361E-3
6.109775E-1	8.968302E-3
6.116012E-1	8.972575E-3
6.124710E-1	8.973104E-3
6.127895E-1	8.973853E-3
6.134377E-1	8.974692E-3
6.140925E-1	8.976086E-3
6.146822E-1	8.975596E-3
6.153313E-1	8.976499E-3
6.159773E-1	8.976926E-3
6.166069E-1	8.978591E-3
6.172254E-1	8.978191E-3
6.178494E-1	8.979430E-3
6.184749E-1	8.979546E-3
6.191078E-1	8.980953E-3
6.197596E-1	8.981212E-3
6.203943E-1	8.981444E-3
6.210724E-1	8.982825E-3
6.217043E-1	8.981664E-3
6.223243E-1	8.982825E-3
6.229714E-1	8.982580E-3
6.236328E-1	8.983858E-3
6.242630E-1	8.983703E-3
6.249194E-1	8.983845E-3
6.255470E-1	8.984969E-3
6.261866E-1	8.985834E-3
6.272029E-1	8.986182E-3
6.278475E-1	8.985472E-3
6.281407E-1	8.985692E-3
6.288267E-1	8.985821E-3
6.295120E-1	8.986479E-3
6.301489E-1	8.987822E-3
6.308354E-1	8.987331E-3
6.314654E-1	8.988235E-3
6.320904E-1	8.987886E-3
6.327841E-1	8.988002E-3
6.334874E-1	8.986879E-3
6.341329E-1	8.988325E-3
6.351635E-1	8.988054E-3
6.354835E-1	8.988997E-3
6.361518E-1	8.987847E-3
6.371404E-1	8.988441E-3
6.374833E-1	8.989048E-3
6.385431E-1	8.989887E-3
6.392568E-1	8.990146E-3
6.395951E-1	8.989849E-3
6.402597E-1	8.991449E-3
6.412369E-1	8.991010E-3
6.415983E-1	8.990442E-3
6.422584E-1	8.990288E-3
6.429702E-1	8.990920E-3
6.436925E-1	8.991927E-3
6.447289E-1	8.991359E-3
6.450379E-1	8.992250E-3
6.457478E-1	8.991837E-3
6.464653E-1	8.992586E-3
6.471449E-1	8.992676E-3
6.478646E-1	8.992921E-3
6.485591E-1	8.993166E-3
6.492975E-1	8.993386E-3
6.499333E-1	8.993128E-3
6.506151E-1	8.994677E-3
6.513470E-1	8.994367E-3
6.520779E-1	8.994341E-3
6.527699E-1	8.994806E-3
6.535031E-1	8.993838E-3
6.545646E-1	8.993941E-3
6.549076E-1	8.995645E-3
6.556009E-1	8.995774E-3
6.567112E-1	8.996162E-3
6.570435E-1	8.995516E-3
6.577550E-1	8.995658E-3
6.588569E-1	8.997182E-3
6.592361E-1	8.997620E-3
6.599551E-1	8.997130E-3
6.606325E-1	8.997466E-3
6.613766E-1	8.996639E-3
6.620877E-1	8.997362E-3
6.627959E-1	8.997001E-3
6.635451E-1	8.998731E-3
6.642863E-1	8.997840E-3
6.650218E-1	8.997633E-3
6.657308E-1	8.998602E-3
6.665028E-1	8.999183E-3
6.672469E-1	8.999764E-3
6.680073E-1	8.998757E-3
6.687403E-1	8.999622E-3
6.694776E-1	8.998679E-3
6.702149E-1	8.999880E-3
6.709481E-1	8.999996E-3
6.717090E-1	9.000512E-3
6.724351E-1	9.001248E-3
6.731822E-1	9.000215E-3
6.739382E-1	9.001274E-3
6.746929E-1	9.001080E-3
6.754071E-1	9.000525E-3
6.761819E-1	9.001558E-3
6.769300E-1	9.001816E-3
6.776890E-1	9.002810E-3
6.784517E-1	9.002991E-3
6.792284E-1	9.002952E-3
6.799576E-1	9.003301E-3
6.807234E-1	9.003624E-3
6.815421E-1	9.004037E-3
6.822570E-1	9.004218E-3
6.830342E-1	9.005134E-3
6.838368E-1	9.005560E-3
6.846275E-1	9.005999E-3
6.853948E-1	9.004953E-3
6.861740E-1	9.005870E-3
6.869517E-1	9.005922E-3
6.877369E-1	9.005573E-3
6.885324E-1	9.006438E-3
6.893246E-1	9.007368E-3
6.901222E-1	9.007329E-3
6.908866E-1	9.007484E-3
6.916836E-1	9.006735E-3
6.924411E-1	9.008775E-3
6.932529E-1	9.007781E-3
6.940276E-1	9.008233E-3
6.948382E-1	9.007845E-3
6.956403E-1	9.009472E-3
6.964467E-1	9.009846E-3
6.972510E-1	9.010143E-3
6.984660E-1	9.010621E-3
6.988896E-1	9.010763E-3
6.996886E-1	9.011783E-3
7.004875E-1	9.011964E-3
7.013064E-1	9.012609E-3
7.021114E-1	9.012712E-3
7.029263E-1	9.012028E-3
7.037399E-1	9.011499E-3
7.045228E-1	9.012596E-3
7.053381E-1	9.013849E-3
7.061391E-1	9.013255E-3
7.069149E-1	9.013861E-3
7.077619E-1	9.014042E-3
7.085706E-1	9.013913E-3
7.094363E-1	9.015217E-3
7.102407E-1	9.015966E-3
7.114850E-1	9.015359E-3
7.119029E-1	9.016030E-3
7.127089E-1	9.015746E-3
7.135894E-1	9.015811E-3
7.144223E-1	9.016043E-3
7.152521E-1	9.017876E-3
7.160813E-1	9.017696E-3
7.169551E-1	9.018806E-3
7.177727E-1	9.020226E-3
7.186172E-1	9.018987E-3
7.194832E-1	9.020381E-3
7.203157E-1	9.020355E-3
7.212060E-1	9.020136E-3
7.220548E-1	9.019684E-3
7.228734E-1	9.020833E-3
7.237469E-1	9.021027E-3
7.246240E-1	9.021324E-3
7.254854E-1	9.021582E-3
7.263644E-1	9.022318E-3
7.272418E-1	9.022008E-3
7.281219E-1	9.022150E-3
7.290111E-1	9.023531E-3
7.299121E-1	9.023609E-3
7.307508E-1	9.023234E-3
7.316163E-1	9.024048E-3
7.324649E-1	9.025119E-3
7.333540E-1	9.025726E-3
7.342478E-1	9.025093E-3
7.351097E-1	9.025687E-3
7.360009E-1	9.026178E-3
7.372962E-1	9.026165E-3
7.377510E-1	9.026333E-3
7.386102E-1	9.027662E-3
7.395286E-1	9.028101E-3
7.404228E-1	9.027611E-3
7.413308E-1	9.028747E-3
7.421948E-1	9.028773E-3
7.430864E-1	9.028218E-3
7.440188E-1	9.029715E-3
7.448778E-1	9.029534E-3
7.458068E-1	9.029418E-3
7.466793E-1	9.029922E-3
7.476262E-1	9.030128E-3
7.485199E-1	9.029741E-3
7.494706E-1	9.030270E-3
7.503605E-1	9.030748E-3
7.512825E-1	9.031755E-3
7.521486E-1	9.029780E-3
7.530676E-1	9.031703E-3
7.540266E-1	9.033046E-3
7.549503E-1	9.031807E-3
7.559037E-1	9.031910E-3
7.568238E-1	9.033394E-3
7.577818E-1	9.033459E-3
7.586680E-1	9.032723E-3
7.596789E-1	9.034608E-3
7.605699E-1	9.034298E-3
7.615106E-1	9.034892E-3
7.624105E-1	9.034737E-3
7.633441E-1	9.034569E-3
7.642772E-1	9.035112E-3
7.652176E-1	9.035680E-3
7.661583E-1	9.035744E-3
7.670951E-1	9.036532E-3
7.680468E-1	9.036467E-3
7.690097E-1	9.038068E-3
7.699738E-1	9.036738E-3
7.709231E-1	9.037706E-3
7.723165E-1	9.037539E-3
7.727834E-1	9.038055E-3
7.737964E-1	9.038145E-3
7.747461E-1	9.038455E-3
7.757113E-1	9.038417E-3
7.766879E-1	9.039488E-3
7.776852E-1	9.040263E-3
7.786573E-1	9.039449E-3
7.796692E-1	9.040857E-3
7.806417E-1	9.041166E-3
7.816612E-1	9.040598E-3
7.826208E-1	9.040947E-3
7.836013E-1	9.041825E-3
7.850578E-1	9.042186E-3
7.855587E-1	9.043606E-3
7.865823E-1	9.043284E-3
7.875704E-1	9.043387E-3
7.890804E-1	9.042729E-3
7.895704E-1	9.043103E-3
7.905504E-1	9.044704E-3
7.915594E-1	9.044575E-3
7.925426E-1	9.044988E-3
7.935604E-1	9.045091E-3
7.945525E-1	9.045259E-3
7.955530E-1	9.047092E-3
7.965564E-1	9.046795E-3
7.980538E-1	9.047996E-3
7.985982E-1	9.048667E-3
7.996143E-1	9.048499E-3
8.006472E-1	9.050630E-3
8.017161E-1	9.050591E-3
8.026950E-1	9.050991E-3
8.037218E-1	9.051817E-3
8.047825E-1	9.051882E-3
8.058029E-1	9.054632E-3
8.068574E-1	9.053741E-3
8.078795E-1	9.054490E-3
8.088933E-1	9.054503E-3
8.099712E-1	9.056013E-3
8.114757E-1	9.056865E-3
8.120107E-1	9.056671E-3
8.130297E-1	9.057317E-3
8.141130E-1	9.058079E-3
8.151694E-1	9.059912E-3
8.162292E-1	9.059137E-3
8.172993E-1	9.060880E-3
8.183061E-1	9.059834E-3
8.194190E-1	9.060919E-3
8.205061E-1	9.061319E-3
8.215920E-1	9.062120E-3
8.226031E-1	9.062262E-3
8.236943E-1	9.063501E-3
8.247667E-1	9.063346E-3
8.263887E-1	9.062597E-3
8.269095E-1	9.063617E-3
8.279603E-1	9.064353E-3
8.290365E-1	9.064418E-3
8.301011E-1	9.063850E-3
8.312120E-1	9.063114E-3
8.322617E-1	9.076463E-3
8.334088E-1	9.067193E-3
8.345143E-1	9.066264E-3
8.355868E-1	9.065592E-3
8.367045E-1	9.066341E-3
8.378022E-1	9.068045E-3
8.388963E-1	9.067994E-3
8.400141E-1	9.068575E-3
8.411198E-1	9.069220E-3
8.427405E-1	9.067852E-3
8.433008E-1	9.069724E-3
8.449304E-1	9.069388E-3
8.454539E-1	9.069698E-3
8.465192E-1	9.069633E-3
8.476066E-1	9.070511E-3
8.486880E-1	9.070911E-3
8.498558E-1	9.070369E-3
8.509693E-1	9.071118E-3
8.521407E-1	9.071712E-3
8.532526E-1	9.072189E-3
8.544386E-1	9.072835E-3
8.555662E-1	9.073158E-3
8.567094E-1	9.072486E-3
8.578612E-1	9.073726E-3
8.590362E-1	9.074333E-3
8.601583E-1	9.074539E-3
8.613362E-1	9.074797E-3
8.624700E-1	9.075804E-3
8.636334E-1	9.075895E-3
8.654193E-1	9.075624E-3
8.659757E-1	9.077082E-3
8.671437E-1	9.077134E-3
8.683174E-1	9.077276E-3
8.694729E-1	9.077057E-3
8.706440E-1	9.078077E-3
8.723647E-1	9.078683E-3
8.729181E-1	9.080026E-3
8.741277E-1	9.079006E-3
8.758396E-1	9.079445E-3
8.769859E-1	9.078812E-3
8.775665E-1	9.080465E-3
8.787326E-1	9.079122E-3
8.799208E-1	9.081149E-3
8.811400E-1	9.082079E-3
8.823580E-1	9.082208E-3
8.836092E-1	9.082569E-3
8.848274E-1	9.082840E-3
8.860429E-1	9.082479E-3
8.872178E-1	9.083408E-3
8.884104E-1	9.085061E-3
8.896407E-1	9.084622E-3
8.908099E-1	9.084248E-3
8.919821E-1	9.085358E-3
8.931837E-1	9.084777E-3
8.943704E-1	9.085539E-3
8.961803E-1	9.085448E-3
8.968030E-1	9.086765E-3
8.986030E-1	9.087953E-3
8.992492E-1	9.087707E-3
9.004777E-1	9.088237E-3
9.017699E-1	9.088676E-3
9.036481E-1	9.089244E-3
9.042539E-1	9.089128E-3
9.054900E-1	9.088146E-3
9.067354E-1	9.090238E-3
9.079589E-1	9.089747E-3
9.092239E-1	9.090612E-3
9.104872E-1	9.090664E-3
9.117153E-1	9.090974E-3
9.129360E-1	9.093104E-3
9.148467E-1	9.092471E-3
9.161224E-1	9.092897E-3
9.167619E-1	9.093556E-3
9.180244E-1	9.092910E-3
9.193029E-1	9.094421E-3
9.205870E-1	9.095015E-3
9.218724E-1	9.094227E-3
9.230865E-1	9.096590E-3
9.243784E-1	9.096228E-3
9.256608E-1	9.095492E-3
9.269532E-1	9.096964E-3
9.282525E-1	9.096848E-3
9.295435E-1	9.096473E-3
9.308635E-1	9.097506E-3
9.321614E-1	9.097842E-3
9.334800E-1	9.098074E-3
9.348019E-1	9.099172E-3
9.360735E-1	9.099340E-3
9.374099E-1	9.099494E-3
9.387210E-1	9.102064E-3
9.400528E-1	9.101121E-3
9.413409E-1	9.101366E-3
9.426208E-1	9.102735E-3
9.439231E-1	9.103664E-3
9.452375E-1	9.104000E-3
9.465084E-1	9.104930E-3
9.478792E-1	9.106092E-3
9.492111E-1	9.106440E-3
9.505054E-1	9.106724E-3
9.518445E-1	9.106027E-3
9.531888E-1	9.108170E-3
9.545383E-1	9.108028E-3
9.559080E-1	9.108532E-3
9.572750E-1	9.109164E-3
9.586009E-1	9.110584E-3
9.600531E-1	9.112353E-3
9.614261E-1	9.112973E-3
9.627657E-1	9.112947E-3
9.648181E-1	9.114096E-3
9.655144E-1	9.115258E-3
9.668465E-1	9.117388E-3
9.682223E-1	9.122707E-3
9.695364E-1	9.142576E-3
9.708769E-1	9.183798E-3
9.728635E-1	9.215027E-3
9.735928E-1	9.354082E-3
9.750270E-1	9.508281E-3
9.764225E-1	9.753987E-3
9.778096E-1	1.003765E-2
9.792223E-1	1.036261E-2
9.806921E-1	1.077940E-2
9.821243E-1	1.145968E-2
9.835419E-1	1.235593E-2
9.849624E-1	1.339313E-2
9.863926E-1	1.445458E-2
9.878542E-1	1.538445E-2
9.892339E-1	1.611260E-2
9.906403E-1	1.677496E-2
9.920405E-1	1.739674E-2
9.934457E-1	1.793603E-2
9.948538E-1	1.840166E-2
9.963203E-1	1.880229E-2
9.977424E-1	1.906885E-2
9.991917E-1	1.925261E-2
1.000631E+0	1.953446E-2
1.002100E+0	2.689761E-2
1.003535E+0	2.710648E-2
1.004948E+0	2.714865E-2
1.006400E+0	2.715619E-2
1.007858E+0	2.716362E-2
1.009364E+0	2.716412E-2
1.010789E+0	2.716497E-2
1.012184E+0	2.716771E-2
1.013663E+0	2.716244E-2
1.015133E+0	2.717028E-2
1.016607E+0	2.716203E-2
1.018074E+0	2.717054E-2
1.019539E+0	2.717038E-2
1.021038E+0	2.716283E-2
1.022476E+0	2.716155E-2
1.023987E+0	2.716030E-2
1.025473E+0	2.716491E-2
1.026998E+0	2.716404E-2
1.028492E+0	2.716483E-2
1.030018E+0	2.716150E-2
1.031495E+0	2.716150E-2
1.032956E+0	2.715989E-2
1.034482E+0	2.716264E-2
1.035950E+0	2.716295E-2
1.038194E+0	2.716878E-2
1.038937E+0	2.716820E-2
1.040474E+0	2.716641E-2
1.041983E+0	2.716689E-2
1.044223E+0	2.717198E-2
1.044974E+0	2.716589E-2
1.046472E+0	2.716935E-2
1.048030E+0	2.716408E-2
1.050348E+0	2.716541E-2
1.051067E+0	2.716332E-2
1.052580E+0	2.716954E-2
1.054900E+0	2.716314E-2
1.055667E+0	2.716231E-2
1.057207E+0	2.716659E-2
1.058739E+0	2.716740E-2
1.060321E+0	2.716486E-2
1.061935E+0	2.716990E-2
1.063508E+0	2.716542E-2
1.065038E+0	2.716465E-2
1.066617E+0	2.716593E-2
1.068177E+0	2.716995E-2
1.069753E+0	2.716807E-2
1.071296E+0	2.717114E-2
1.072864E+0	2.716598E-2
1.074477E+0	2.716059E-2
1.075995E+0	2.716976E-2
1.077598E+0	2.716528E-2
1.079211E+0	2.716639E-2
1.080811E+0	2.716691E-2
1.082404E+0	2.716706E-2
1.084038E+0	2.716788E-2
1.085642E+0	2.717220E-2
1.087262E+0	2.716807E-2
1.088863E+0	2.716914E-2
1.090484E+0	2.716746E-2
1.092118E+0	2.716247E-2
1.093710E+0	2.716444E-2
1.095317E+0	2.716775E-2
1.096966E+0	2.717136E-2
1.098574E+0	2.716687E-2
1.101014E+0	2.716398E-2
1.101817E+0	2.716926E-2
1.103444E+0	2.716701E-2
1.105072E+0	2.716678E-2
1.106708E+0	2.716794E-2
1.108346E+0	2.716318E-2
1.110003E+0	2.716968E-2
1.111608E+0	2.716674E-2
1.113221E+0	2.716868E-2
1.114918E+0	2.716545E-2
1.116525E+0	2.716908E-2
1.118199E+0	2.716577E-2
1.119898E+0	2.716868E-2
1.121552E+0	2.716708E-2
1.123214E+0	2.716727E-2
1.124925E+0	2.717037E-2
1.126604E+0	2.716757E-2
1.128291E+0	2.716824E-2
1.130005E+0	2.716957E-2
1.132504E+0	2.716727E-2
1.133379E+0	2.716387E-2
1.135058E+0	2.716870E-2
1.136738E+0	2.716457E-2
1.138468E+0	2.716608E-2
1.140185E+0	2.716879E-2
1.142687E+0	2.716052E-2
1.143578E+0	2.717118E-2
1.145286E+0	2.717334E-2
1.147007E+0	2.717110E-2
1.148719E+0	2.716861E-2
1.150471E+0	2.716448E-2
1.152207E+0	2.716790E-2
1.153924E+0	2.716870E-2
1.155617E+0	2.716877E-2
1.157367E+0	2.716378E-2
1.159066E+0	2.716631E-2
1.160830E+0	2.716866E-2
1.162550E+0	2.716709E-2
1.164323E+0	2.716365E-2
1.166063E+0	2.716824E-2
1.167826E+0	2.716311E-2
1.169599E+0	2.716808E-2
1.171361E+0	2.716620E-2
1.173064E+0	2.717513E-2
1.174863E+0	2.716906E-2
1.177551E+0	2.716990E-2
1.178397E+0	2.717304E-2
1.180168E+0	2.716487E-2
1.181985E+0	2.716905E-2
1.183741E+0	2.716826E-2
1.185528E+0	2.717165E-2
1.187339E+0	2.717002E-2
1.189120E+0	2.716510E-2
1.190910E+0	2.717069E-2
1.192686E+0	2.717427E-2
1.194514E+0	2.717214E-2
1.196342E+0	2.716957E-2
1.198139E+0	2.716860E-2
1.200249E+0	2.717711E-2
1.202987E+0	2.716835E-2
1.203904E+0	2.716860E-2
1.205735E+0	2.717045E-2
1.208406E+0	2.717216E-2
1.209329E+0	2.716625E-2
1.211195E+0	2.716754E-2
1.212988E+0	2.716770E-2
1.214848E+0	2.716586E-2
1.216639E+0	2.717242E-2
1.218500E+0	2.717090E-2
1.220377E+0	2.716229E-2
1.222237E+0	2.716988E-2
1.224127E+0	2.716980E-2
1.225960E+0	2.716661E-2
1.227794E+0	2.716773E-2
1.229672E+0	2.717050E-2
1.231585E+0	2.716365E-2
1.233452E+0	2.716941E-2
1.235289E+0	2.716572E-2
1.237139E+0	2.716648E-2
1.239022E+0	2.717276E-2
1.240923E+0	2.717012E-2
1.242827E+0	2.716726E-2
1.244740E+0	2.717193E-2
1.246630E+0	2.717180E-2
1.248557E+0	2.716843E-2
1.250460E+0	2.716834E-2
1.252318E+0	2.717165E-2
1.254260E+0	2.717190E-2
1.256130E+0	2.716815E-2
1.259046E+0	2.716612E-2
1.260024E+0	2.716989E-2
1.261936E+0	2.717476E-2
1.263838E+0	2.716812E-2
1.265753E+0	2.717357E-2
1.267718E+0	2.717099E-2
1.269631E+0	2.716968E-2
1.271594E+0	2.716767E-2
1.274443E+0	2.716548E-2
1.275437E+0	2.717024E-2
1.277361E+0	2.716332E-2
1.279330E+0	2.717026E-2
1.281342E+0	2.717410E-2
1.283308E+0	2.717246E-2
1.285270E+0	2.717279E-2
1.287237E+0	2.716952E-2
1.289197E+0	2.716730E-2
1.291184E+0	2.716839E-2
1.293095E+0	2.717036E-2
1.296099E+0	2.716630E-2
1.297072E+0	2.716411E-2
1.299063E+0	2.717301E-2
1.301060E+0	2.717283E-2
1.304053E+0	2.717065E-2
1.305031E+0	2.716789E-2
1.307080E+0	2.717189E-2
1.310061E+0	2.717596E-2
1.311041E+0	2.717455E-2
1.313020E+0	2.717276E-2
1.315994E+0	2.717392E-2
1.317016E+0	2.716697E-2
1.319020E+0	2.716797E-2
1.321026E+0	2.717024E-2
1.323090E+0	2.717152E-2
1.325159E+0	2.716372E-2
1.327207E+0	2.717198E-2
1.329191E+0	2.717629E-2
1.331245E+0	2.717159E-2
1.333302E+0	2.717339E-2
1.335341E+0	2.717675E-2
1.337372E+0	2.716958E-2
1.339393E+0	2.717298E-2
1.341473E+0	2.716696E-2
1.343561E+0	2.716646E-2
1.345598E+0	2.716642E-2
1.347704E+0	2.717110E-2
1.350799E+0	2.717038E-2
1.351799E+0	2.717002E-2
1.353907E+0	2.717533E-2
1.355989E+0	2.717372E-2
1.358089E+0	2.716731E-2
1.360132E+0	2.717565E-2
1.362243E+0	2.717366E-2
1.364385E+0	2.717322E-2
1.366450E+0	2.716568E-2
1.368566E+0	2.717339E-2
1.370624E+0	2.717747E-2
1.372704E+0	2.717492E-2
1.375897E+0	2.716975E-2
1.376955E+0	2.717610E-2
1.379066E+0	2.717429E-2
1.381222E+0	2.717747E-2
1.383365E+0	2.717817E-2
1.385502E+0	2.716815E-2
1.387654E+0	2.716755E-2
1.389785E+0	2.716854E-2
1.391903E+0	2.716927E-2
1.394028E+0	2.717050E-2
1.396148E+0	2.717574E-2
1.398287E+0	2.717043E-2
1.400482E+0	2.717014E-2
1.402626E+0	2.717326E-2
1.404783E+0	2.717149E-2
1.406975E+0	2.717010E-2
1.409140E+0	2.717779E-2
1.411307E+0	2.716909E-2
1.413419E+0	2.717232E-2
1.415619E+0	2.717181E-2
1.417800E+0	2.717437E-2
1.419948E+0	2.717629E-2
1.422137E+0	2.717348E-2
1.424331E+0	2.716862E-2
1.426515E+0	2.716958E-2
1.428703E+0	2.716626E-2
1.430930E+0	2.717564E-2
1.434232E+0	2.716962E-2
1.435328E+0	2.716952E-2
1.437531E+0	2.717034E-2
1.439768E+0	2.717596E-2
1.441992E+0	2.717291E-2
1.444145E+0	2.717360E-2
1.446356E+0	2.717764E-2
1.448550E+0	2.717446E-2
1.450801E+0	2.717431E-2
1.453041E+0	2.717008E-2
1.456359E+0	2.717016E-2
1.457486E+0	2.716781E-2
1.459776E+0	2.717610E-2
1.462011E+0	2.717272E-2
1.464262E+0	2.717556E-2
1.466517E+0	2.717644E-2
1.468760E+0	2.717135E-2
1.471013E+0	2.717252E-2
1.473249E+0	2.717437E-2
1.475526E+0	2.717349E-2
1.477791E+0	2.717242E-2
1.480065E+0	2.717671E-2
1.482390E+0	2.717291E-2
1.484623E+0	2.717286E-2
1.486887E+0	2.717239E-2
1.489162E+0	2.717184E-2
1.491447E+0	2.717292E-2
1.493680E+0	2.717159E-2
1.496033E+0	2.717504E-2
1.498322E+0	2.717549E-2
1.500624E+0	2.717419E-2
1.502895E+0	2.717400E-2
1.505207E+0	2.717804E-2
1.507485E+0	2.717011E-2
1.510938E+0	2.717048E-2
1.512084E+0	2.717814E-2
1.514378E+0	2.717329E-2
1.516644E+0	2.717619E-2
1.518952E+0	2.717633E-2
1.521295E+0	2.717942E-2
1.523564E+0	2.717034E-2
1.525934E+0	2.717365E-2
1.528263E+0	2.717487E-2
1.530628E+0	2.717406E-2
1.532901E+0	2.717074E-2
1.535297E+0	2.717059E-2
1.538822E+0	2.717636E-2
1.540022E+0	2.717645E-2
1.542363E+0	2.717875E-2
1.544693E+0	2.717223E-2
1.547085E+0	2.717681E-2
1.549415E+0	2.717512E-2
1.551754E+0	2.717007E-2
1.554126E+0	2.717548E-2
1.556483E+0	2.717388E-2
1.558826E+0	2.717310E-2
1.561181E+0	2.717054E-2
1.563506E+0	2.717477E-2
1.565887E+0	2.717016E-2
1.568253E+0	2.717562E-2
1.570635E+0	2.716595E-2
1.572987E+0	2.717308E-2
1.575319E+0	2.716892E-2
1.577735E+0	2.716971E-2
1.580156E+0	2.717508E-2
1.582574E+0	2.717281E-2
1.584933E+0	2.717826E-2
1.587317E+0	2.717314E-2
1.589679E+0	3.421116E-2
1.592093E+0	3.420744E-2
1.594467E+0	3.420493E-2
1.596874E+0	3.421419E-2
1.599268E+0	3.421206E-2
1.601683E+0	3.421499E-2
1.604049E+0	3.421157E-2
1.606423E+0	3.420731E-2
1.608837E+0	3.421404E-2
1.612404E+0	3.421426E-2
1.613600E+0	3.421436E-2
1.615941E+0	3.421120E-2
1.618346E+0	3.421216E-2
1.620750E+0	3.421295E-2
1.623157E+0	3.421179E-2
1.625599E+0	3.421360E-2
1.627987E+0	3.421077E-2
1.630367E+0	3.421256E-2
1.632782E+0	3.421117E-2
1.635213E+0	3.421149E-2
1.637610E+0	3.420775E-2
1.640038E+0	3.421402E-2
1.642431E+0	3.421380E-2
1.644888E+0	3.421382E-2
1.647304E+0	3.421786E-2
1.649731E+0	3.422270E-2
1.652209E+0	3.421161E-2
1.654671E+0	3.421321E-2
1.658322E+0	3.420745E-2
1.659514E+0	3.421707E-2
1.663194E+0	3.420687E-2
1.664414E+0	3.421457E-2
1.666911E+0	3.421056E-2
1.669394E+0	3.421255E-2
1.671888E+0	3.421490E-2
1.674380E+0	3.420970E-2
1.676842E+0	3.421538E-2
1.679350E+0	3.421083E-2
1.681883E+0	3.420859E-2
1.684371E+0	3.421010E-2
1.686927E+0	3.420670E-2
1.689422E+0	3.421162E-2
1.691987E+0	3.421365E-2
1.695783E+0	3.421167E-2
1.697038E+0	3.420716E-2
1.699605E+0	3.420657E-2
1.702149E+0	3.421358E-2
1.704711E+0	3.421268E-2
1.707244E+0	3.420585E-2
1.709812E+0	3.421251E-2
1.712364E+0	3.421157E-2
1.714948E+0	3.420373E-2
1.717547E+0	3.420980E-2
1.720132E+0	3.421040E-2
1.722690E+0	3.420860E-2
1.725312E+0	3.421519E-2
1.727892E+0	3.421513E-2
1.730484E+0	3.421214E-2
1.733133E+0	3.420775E-2
1.735774E+0	3.421500E-2
1.738346E+0	4.125237E-2
1.740999E+0	4.124793E-2
1.743572E+0	4.125134E-2
1.746165E+0	4.125136E-2
1.748809E+0	4.125688E-2
1.751385E+0	4.124934E-2
1.754081E+0	4.124508E-2
1.756717E+0	4.125742E-2
1.759330E+0	4.125350E-2
1.761980E+0	4.124854E-2
1.764615E+0	4.124540E-2
1.767272E+0	4.124776E-2
1.769957E+0	4.124969E-2
1.772546E+0	4.124877E-2
1.775213E+0	4.124437E-2
1.777845E+0	4.124996E-2
1.781823E+0	4.124690E-2
1.783108E+0	4.123479E-2
1.785848E+0	4.123476E-2
1.788525E+0	4.124263E-2
1.791199E+0	4.125926E-2
1.793880E+0	4.126597E-2
1.796557E+0	4.126796E-2
1.799220E+0	4.124702E-2
1.801928E+0	4.125092E-2
1.804612E+0	4.125547E-2
1.808644E+0	4.124058E-2
1.809975E+0	4.125064E-2
1.812685E+0	4.124881E-2
1.816710E+0	4.125200E-2
1.818051E+0	4.125226E-2
1.820793E+0	4.124644E-2
1.823495E+0	4.125254E-2
1.826240E+0	4.125524E-2
1.830338E+0	4.125017E-2
1.831701E+0	4.124946E-2
1.834448E+0	4.124911E-2
1.838468E+0	4.125160E-2
1.839821E+0	4.125101E-2
1.842571E+0	4.125236E-2
1.845292E+0	4.125290E-2
1.847981E+0	4.124862E-2
1.850693E+0	4.125417E-2
1.853443E+0	4.125079E-2
1.857593E+0	4.125653E-2
1.858944E+0	4.124767E-2
1.861711E+0	4.125152E-2
1.864443E+0	4.124771E-2
1.867209E+0	4.125138E-2
1.870006E+0	4.124956E-2
1.872694E+0	4.124363E-2
1.875479E+0	4.125172E-2
1.878236E+0	4.124796E-2
1.881025E+0	4.124917E-2
1.883798E+0	4.124087E-2
1.886592E+0	4.125546E-2
1.889350E+0	4.125240E-2
1.892165E+0	4.124592E-2
1.894966E+0	4.125197E-2
1.899119E+0	4.124769E-2
1.900534E+0	4.125210E-2
1.903274E+0	4.125116E-2
1.906133E+0	4.125032E-2
1.910369E+0	4.125319E-2
1.911866E+0	4.125052E-2
1.915379E+0	4.125017E-2
1.919758E+0	4.125179E-2
1.924741E+0	4.125215E-2
1.932897E+0	4.124886E-2
1.935728E+0	4.124456E-2
1.941398E+0	4.125440E-2
1.947129E+0	4.124667E-2
1.955717E+0	4.125066E-2
1.958553E+0	4.125290E-2
1.967046E+0	4.125243E-2
1.969870E+0	4.125308E-2
1.975561E+0	4.125141E-2
1.981341E+0	4.125160E-2
1.987115E+0	4.125514E-2
1.992922E+0	4.125459E-2
1.998718E+0	4.125256E-2
2.005043E+0	4.125279E-2
2.011855E+0	4.125053E-2
2.018669E+0	4.125191E-2
2.025482E+0	4.125274E-2
2.032176E+0	4.124802E-2
2.038352E+0	4.125356E-2
2.044158E+0	4.125284E-2
2.050076E+0	4.125360E-2
2.058944E+0	4.125119E-2
2.061851E+0	4.125018E-2
2.070632E+0	4.124759E-2
2.073693E+0	4.125308E-2
2.079783E+0	4.124956E-2
2.085756E+0	4.125121E-2
2.091692E+0	4.125671E-2
2.097664E+0	4.124977E-2
2.107180E+0	4.125277E-2
2.110342E+0	4.125532E-2
2.119534E+0	4.124970E-2
2.122605E+0	4.125013E-2
2.132106E+0	4.125224E-2
2.135341E+0	4.124520E-2
2.141788E+0	4.125156E-2
