-1.142442E-2	1.034725E-2
-1.142389E-2	1.036176E-2
-1.142402E-2	1.036837E-2
-1.140573E-2	1.036614E-2
-1.139549E-2	1.036324E-2
-1.139205E-2	1.036517E-2
-1.139148E-2	1.036417E-2
-1.139207E-2	1.036735E-2
-1.142112E-2	1.036750E-2
-1.142069E-2	1.036845E-2
-1.143337E-2	1.037086E-2
-1.145091E-2	1.037387E-2
-1.145362E-2	1.037521E-2
-1.145548E-2	1.037588E-2
-1.145910E-2	1.037689E-2
-1.146588E-2	1.037636E-2
-1.146986E-2	1.037834E-2
-1.147267E-2	1.037867E-2
-1.147590E-2	1.037954E-2
-1.148028E-2	1.038054E-2
-1.148704E-2	1.038263E-2
-1.149451E-2	1.038321E-2
-1.149601E-2	1.038345E-2
-1.149839E-2	1.038274E-2
-1.149930E-2	1.038205E-2
-1.150101E-2	1.038516E-2
-1.150821E-2	1.038560E-2
-1.150811E-2	1.038675E-2
-1.151143E-2	1.038806E-2
-1.151477E-2	1.038900E-2
-1.151749E-2	1.038842E-2
-1.151954E-2	1.038748E-2
-1.151944E-2	1.038848E-2
-1.151762E-2	1.038826E-2
-1.151236E-2	1.038649E-2
-1.152502E-2	1.038949E-2
-1.152500E-2	1.038913E-2
-1.152872E-2	1.039013E-2
-1.153207E-2	1.039230E-2
-1.153487E-2	1.039185E-2
-1.153532E-2	1.039359E-2
-1.153893E-2	1.039263E-2
-1.153874E-2	1.039254E-2
-1.154116E-2	1.039344E-2
-1.154404E-2	1.039508E-2
-1.154927E-2	1.039454E-2
-1.155098E-2	1.039770E-2
-1.156021E-2	1.039792E-2
-1.156105E-2	1.039943E-2
-1.156081E-2	1.039792E-2
-1.156473E-2	1.039801E-2
-1.156910E-2	1.040169E-2
-1.158015E-2	1.040042E-2
-1.158287E-2	1.040316E-2
-1.159023E-2	1.040319E-2
-1.159113E-2	1.040378E-2
-1.159214E-2	1.040279E-2
-1.159970E-2	1.040554E-2
-1.159887E-2	1.040310E-2
-1.161043E-2	1.040675E-2
-1.160979E-2	1.040449E-2
-1.160967E-2	1.040556E-2
-1.161509E-2	1.040558E-2
-1.161836E-2	1.040710E-2
-1.161884E-2	1.040798E-2
-1.161887E-2	1.040710E-2
-1.161901E-2	1.040794E-2
-1.162388E-2	1.040923E-2
-1.162441E-2	1.041135E-2
-1.163056E-2	1.041200E-2
-1.163404E-2	1.041275E-2
-1.163711E-2	1.041419E-2
-1.164310E-2	1.041456E-2
-1.164247E-2	1.041364E-2
-1.165445E-2	1.041523E-2
-1.165470E-2	1.041487E-2
-1.165499E-2	1.041686E-2
-1.165387E-2	1.041434E-2
-1.165730E-2	1.041620E-2
-1.165669E-2	1.041692E-2
-1.167419E-2	1.042015E-2
-1.167425E-2	1.041885E-2
-1.167404E-2	1.042000E-2
-1.168033E-2	1.042259E-2
-1.168916E-2	1.042155E-2
-1.169056E-2	1.042304E-2
-1.169299E-2	1.042495E-2
-1.169882E-2	1.042423E-2
-1.170063E-2	1.042599E-2
-1.170846E-2	1.042580E-2
-1.170936E-2	1.042566E-2
-1.171036E-2	1.042720E-2
-1.171459E-2	1.042764E-2
-1.172068E-2	1.042824E-2
-1.172181E-2	1.042774E-2
-1.172856E-2	1.043004E-2
-1.174744E-2	1.043355E-2
-1.175868E-2	1.043456E-2
-1.176218E-2	1.043533E-2
-1.177188E-2	1.043681E-2
-1.177509E-2	1.043739E-2
-1.178368E-2	1.043952E-2
-1.178689E-2	1.043900E-2
-1.179138E-2	1.044056E-2
-1.179859E-2	1.043932E-2
-1.178897E-2	1.043904E-2
-1.180408E-2	1.044267E-2
-1.181428E-2	1.044276E-2
-1.182199E-2	1.044446E-2
-1.182650E-2	1.044717E-2
-1.183324E-2	1.044877E-2
-1.183622E-2	1.044899E-2
-1.184306E-2	1.044729E-2
-1.184650E-2	1.045084E-2
-1.185251E-2	1.045155E-2
-1.187897E-2	1.045736E-2
-1.189888E-2	1.045811E-2
-1.190523E-2	1.045931E-2
-1.190850E-2	1.046011E-2
-1.191187E-2	1.046035E-2
-1.191490E-2	1.046093E-2
-1.192666E-2	1.046527E-2
-1.194463E-2	1.046505E-2
-1.195880E-2	1.046717E-2
-1.196192E-2	1.047050E-2
-1.197308E-2	1.047490E-2
-1.200952E-2	1.047916E-2
-1.202778E-2	1.047942E-2
-1.203290E-2	1.047983E-2
-1.204443E-2	1.048248E-2
-1.206015E-2	1.048669E-2
-1.207618E-2	1.048935E-2
-1.208950E-2	1.049245E-2
-1.210170E-2	1.049035E-2
-1.212548E-2	1.049679E-2
-1.213521E-2	1.049512E-2
-1.214265E-2	1.049700E-2
-1.214207E-2	1.050195E-2
-1.217655E-2	1.050570E-2
-1.218727E-2	1.050592E-2
-1.219132E-2	1.050699E-2
-1.219400E-2	1.050644E-2
-1.221164E-2	1.051112E-2
-1.223728E-2	1.051455E-2
-1.224967E-2	1.051710E-2
-1.226545E-2	1.052012E-2
-1.228490E-2	1.052384E-2
-1.230142E-2	1.052493E-2
-1.231452E-2	1.052638E-2
-1.233646E-2	1.052963E-2
-1.233973E-2	1.052954E-2
-1.235065E-2	1.053136E-2
-1.235478E-2	1.053193E-2
-1.237187E-2	1.053948E-2
-1.240074E-2	1.054160E-2
-1.241758E-2	1.054431E-2
-1.242292E-2	1.054301E-2
-1.242418E-2	1.054662E-2
-1.244906E-2	1.055002E-2
-1.246144E-2	1.055317E-2
-1.246607E-2	1.055751E-2
-1.249425E-2	1.055758E-2
-1.250948E-2	1.056049E-2
-1.251064E-2	1.055927E-2
-1.251880E-2	1.056074E-2
-1.252313E-2	1.056306E-2
-1.252777E-2	1.056058E-2
-1.253292E-2	1.056377E-2
-1.255182E-2	1.056516E-2
-1.255816E-2	1.056832E-2
-1.257369E-2	1.057155E-2
-1.258143E-2	1.057142E-2
-1.259785E-2	1.057776E-2
-1.262815E-2	1.057820E-2
-1.264659E-2	1.058419E-2
-1.266447E-2	1.058600E-2
-1.269306E-2	1.059115E-2
-1.270077E-2	1.059218E-2
-1.272450E-2	1.059727E-2
-1.277786E-2	1.060610E-2
-1.280101E-2	1.060742E-2
-1.280592E-2	1.061535E-2
-1.284406E-2	1.061339E-2
-1.286297E-2	1.061555E-2
-1.287486E-2	1.061920E-2
-1.288898E-2	1.062329E-2
-1.291914E-2	1.062577E-2
-1.293006E-2	1.063126E-2
-1.297788E-2	1.063640E-2
-1.300115E-2	1.063680E-2
-1.301157E-2	1.064217E-2
-1.303067E-2	1.064336E-2
-1.303870E-2	1.064720E-2
-1.307214E-2	1.065565E-2
-1.312128E-2	1.065882E-2
-1.313760E-2	1.066015E-2
-1.314597E-2	1.066244E-2
-1.315317E-2	1.066445E-2
-1.317836E-2	1.066981E-2
-1.320501E-2	1.067421E-2
-1.324272E-2	1.067823E-2
-1.326005E-2	1.068553E-2
-1.332431E-2	1.069013E-2
-1.334821E-2	1.069466E-2
-1.333541E-2	1.070095E-2
-1.344522E-2	1.071054E-2
-1.347242E-2	1.071611E-2
-1.348116E-2	1.072015E-2
-1.355076E-2	1.072309E-2
-1.356000E-2	1.072869E-2
-1.359660E-2	1.073268E-2
-1.361758E-2	1.073759E-2
-1.362329E-2	1.074027E-2
-1.367217E-2	1.074916E-2
-1.370016E-2	1.075150E-2
-1.374969E-2	1.076241E-2
-1.384738E-2	1.077003E-2
-1.386398E-2	1.077703E-2
-1.386552E-2	1.078058E-2
-1.393339E-2	1.079641E-2
-1.402962E-2	1.080152E-2
-1.407072E-2	1.081028E-2
-1.411081E-2	1.081429E-2
-1.413460E-2	1.082436E-2
-1.417878E-2	1.082886E-2
-1.420978E-2	1.083385E-2
-1.427370E-2	1.084510E-2
-1.432819E-2	1.085699E-2
-1.439380E-2	1.085613E-2
-1.447179E-2	1.087675E-2
-1.449408E-2	1.088094E-2
-1.456592E-2	1.089075E-2
-1.461140E-2	1.089573E-2
-1.464267E-2	1.090512E-2
-1.474394E-2	1.092211E-2
-1.480088E-2	1.093168E-2
-1.485771E-2	1.093897E-2
-1.491150E-2	1.094753E-2
-1.495544E-2	1.095465E-2
-1.499352E-2	1.095347E-2
-1.498262E-2	1.096028E-2
-1.513133E-2	1.096912E-2
-1.516165E-2	1.098195E-2
-1.516212E-2	1.098239E-2
-1.516236E-2	1.098191E-2
-1.516236E-2	1.098974E-2
-1.524572E-2	1.099517E-2
-1.527629E-2	1.100336E-2
-1.532215E-2	1.100983E-2
-1.535538E-2	1.101326E-2
-1.538516E-2	1.102414E-2
-1.545134E-2	1.102715E-2
-1.549655E-2	1.103616E-2
-1.550704E-2	1.103705E-2
-1.553194E-2	1.104094E-2
-1.557623E-2	1.105138E-2
-1.565563E-2	1.106001E-2
-1.581746E-2	1.108145E-2
-1.584515E-2	1.109064E-2
-1.584691E-2	1.109009E-2
-1.589122E-2	1.110256E-2
-1.595375E-2	1.110936E-2
-1.603209E-2	1.111593E-2
-1.606444E-2	1.112599E-2
-1.610225E-2	1.113244E-2
-1.617824E-2	1.114601E-2
-1.624721E-2	1.116915E-2
-1.643767E-2	1.118573E-2
-1.645830E-2	1.119617E-2
-1.656965E-2	1.122183E-2
-1.671788E-2	1.122985E-2
-1.684474E-2	1.126373E-2
-1.697524E-2	1.127154E-2
-1.700315E-2	1.129457E-2
-1.721791E-2	1.131014E-2
-1.728999E-2	1.133071E-2
-1.743738E-2	1.134853E-2
-1.750015E-2	1.136017E-2
-1.771749E-2	1.140189E-2
-1.786369E-2	1.140917E-2
-1.803415E-2	1.144286E-2
-1.814272E-2	1.145086E-2
-1.823509E-2	1.147857E-2
-1.844096E-2	1.148452E-2
-1.857132E-2	1.152858E-2
-1.862938E-2	1.153040E-2
-1.872207E-2	1.155586E-2
-1.884543E-2	1.156265E-2
-1.894729E-2	1.159695E-2
-1.910224E-2	1.160769E-2
-1.913854E-2	1.161332E-2
-1.919308E-2	1.162634E-2
-1.938105E-2	1.165802E-2
-1.951610E-2	1.166992E-2
-1.955565E-2	1.168869E-2
-1.967060E-2	1.169756E-2
-1.979492E-2	1.172132E-2
-1.998246E-2	1.175732E-2
-2.008052E-2	1.178437E-2
-2.032216E-2	1.180567E-2
-2.048582E-2	1.180424E-2
-2.059288E-2	1.184151E-2
-2.061640E-2	1.185312E-2
-2.073779E-2	1.186148E-2
-2.077590E-2	1.186621E-2
-2.089335E-2	1.188877E-2
-2.104914E-2	1.191554E-2
-2.122606E-2	1.196098E-2
-2.141883E-2	1.198694E-2
-2.168830E-2	1.201616E-2
-2.178128E-2	1.204759E-2
-2.198756E-2	1.208880E-2
-2.218784E-2	1.209831E-2
-2.235584E-2	1.212684E-2
-2.255067E-2	1.214751E-2
-2.278007E-2	1.218262E-2
-2.296085E-2	1.221234E-2
-2.315794E-2	1.224347E-2
-2.331272E-2	1.227286E-2
-2.337028E-2	1.229835E-2
-2.355839E-2	1.232657E-2
-2.381036E-2	1.234378E-2
-2.399631E-2	1.239113E-2
-2.427067E-2	1.244001E-2
-2.463113E-2	1.250402E-2
-2.489187E-2	1.254934E-2
-2.510750E-2	1.256924E-2
-2.527192E-2	1.259155E-2
-2.549942E-2	1.260964E-2
-2.575593E-2	1.266079E-2
-2.589968E-2	1.267591E-2
-2.606124E-2	1.270325E-2
-2.632598E-2	1.274534E-2
-2.649208E-2	1.277240E-2
-2.671207E-2	1.280569E-2
-2.698339E-2	1.284501E-2
-2.720408E-2	1.288841E-2
-2.744435E-2	1.293193E-2
-2.758753E-2	1.296979E-2
-2.783102E-2	1.301964E-2
-2.811890E-2	1.305325E-2
-2.836968E-2	1.308398E-2
-2.857538E-2	1.312895E-2
-2.888124E-2	1.316256E-2
-2.939148E-2	1.320493E-2
-2.948836E-2	1.326664E-2
-2.973711E-2	1.329300E-2
-2.998532E-2	1.331499E-2
-3.021900E-2	1.339540E-2
-3.052627E-2	1.342683E-2
-3.078655E-2	1.345439E-2
-3.092371E-2	1.347130E-2
-3.130292E-2	1.354144E-2
-3.183527E-2	1.355545E-2
-3.187973E-2	1.366232E-2
-3.217820E-2	1.368436E-2
-3.250106E-2	1.373243E-2
-3.294086E-2	1.374614E-2
-3.305093E-2	1.384427E-2
-3.344940E-2	1.389095E-2
-3.377681E-2	1.396413E-2
-3.427685E-2	1.401801E-2
-3.478445E-2	1.409968E-2
-3.507848E-2	1.416892E-2
-3.568612E-2	1.424244E-2
-3.605117E-2	1.430225E-2
-3.651135E-2	1.436821E-2
-3.699215E-2	1.445656E-2
-3.729631E-2	1.454225E-2
-3.791693E-2	1.467121E-2
-3.882324E-2	1.473378E-2
-3.957812E-2	1.483178E-2
-3.991162E-2	1.493153E-2
-4.025933E-2	1.497175E-2
-4.063132E-2	1.506990E-2
-4.128783E-2	1.515110E-2
-4.180427E-2	1.519265E-2
-4.244346E-2	1.522910E-2
-4.291696E-2	1.533809E-2
-4.328457E-2	1.547851E-2
-4.384082E-2	1.549335E-2
-4.406236E-2	1.558332E-2
-4.506793E-2	1.571965E-2
-4.587836E-2	1.583194E-2
-4.620860E-2	1.593306E-2
-4.666457E-2	1.598854E-2
-4.739048E-2	1.610179E-2
-4.878307E-2	1.627437E-2
-4.950866E-2	1.638527E-2
-4.951323E-2	1.643873E-2
-5.003180E-2	1.655645E-2
-5.068729E-2	1.662463E-2
-5.164573E-2	1.677269E-2
-5.209505E-2	1.683178E-2
-5.274224E-2	1.690803E-2
-5.299599E-2	1.702454E-2
-5.463733E-2	1.740800E-2
-5.664725E-2	1.760360E-2
-5.815070E-2	1.767141E-2
-5.876694E-2	1.800935E-2
-6.055580E-2	1.828258E-2
-6.266788E-2	1.869795E-2
-6.424999E-2	1.885296E-2
-6.609145E-2	1.892784E-2
-6.733733E-2	1.922800E-2
-6.761131E-2	1.923158E-2
-6.793333E-2	1.932026E-2
-6.960125E-2	1.970233E-2
-7.166081E-2	1.977565E-2
-7.168297E-2	1.986957E-2
-7.312291E-2	1.998391E-2
-7.429824E-2	2.037754E-2
-7.497370E-2	2.054853E-2
-7.742862E-2	2.088591E-2
-7.850102E-2	2.107107E-2
-8.009342E-2	2.129280E-2
-8.112398E-2	2.152515E-2
-8.328364E-2	2.190760E-2
-8.603402E-2	2.231046E-2
-8.889742E-2	2.288224E-2
-9.268167E-2	2.342433E-2
-9.579044E-2	2.394146E-2
-9.931885E-2	2.467836E-2
-1.038980E-1	2.493079E-2
-1.038975E-1	2.492546E-2
-1.038974E-1	2.492327E-2
-1.038975E-1	2.492405E-2
-1.038975E-1	2.493142E-2
-1.039089E-1	2.492209E-2
-1.039817E-1	2.494814E-2
-1.033726E-1	2.484078E-2
-1.028838E-1	2.475668E-2
-1.026520E-1	2.473560E-2
-1.025513E-1	2.471991E-2
-1.014873E-1	2.450869E-2
-1.010926E-1	2.447368E-2
-1.009727E-1	2.446184E-2
-1.003579E-1	2.441771E-2
-1.002850E-1	2.432792E-2
-9.937036E-2	2.423746E-2
-9.906990E-2	2.415775E-2
-9.854979E-2	2.404506E-2
-9.797315E-2	2.392852E-2
-9.716533E-2	2.383190E-2
-9.639887E-2	2.377951E-2
-9.612636E-2	2.366195E-2
-9.541074E-2	2.358439E-2
-9.510505E-2	2.354452E-2
-9.375682E-2	2.331282E-2
-9.352314E-2	2.330373E-2
-9.352315E-2	2.329694E-2
-9.297936E-2	2.320926E-2
-9.262461E-2	2.314833E-2
-9.201051E-2	2.306052E-2
-9.141683E-2	2.291798E-2
-9.072695E-2	2.284090E-2
-9.019503E-2	2.277307E-2
-8.981069E-2	2.268012E-2
-8.917154E-2	2.254696E-2
-8.839423E-2	2.241203E-2
-8.771097E-2	2.238909E-2
-8.681572E-2	2.216494E-2
-8.617955E-2	2.211822E-2
-8.543555E-2	2.201696E-2
-8.463704E-2	2.189862E-2
-8.438163E-2	2.179546E-2
-8.348883E-2	2.163407E-2
-8.248797E-2	2.150592E-2
-8.174706E-2	2.140291E-2
-8.101052E-2	2.126085E-2
-8.020215E-2	2.119989E-2
-7.973936E-2	2.106188E-2
-7.883875E-2	2.096434E-2
-7.788441E-2	2.074276E-2
-7.666645E-2	2.064977E-2
-7.664191E-2	2.055877E-2
-7.561254E-2	2.039058E-2
-7.351987E-2	2.029241E-2
-7.342577E-2	2.012254E-2
-7.269054E-2	1.994931E-2
-7.183275E-2	1.985115E-2
-7.104549E-2	1.970504E-2
-7.038195E-2	1.966738E-2
-6.937750E-2	1.944815E-2
-6.853340E-2	1.935434E-2
-6.796415E-2	1.920529E-2
-6.706148E-2	1.914661E-2
-6.632073E-2	1.894629E-2
-6.548163E-2	1.879392E-2
-6.463400E-2	1.872450E-2
-6.357494E-2	1.856218E-2
-6.245609E-2	1.837385E-2
-6.150038E-2	1.823086E-2
-6.065028E-2	1.813762E-2
-6.079099E-2	1.807046E-2
-6.013090E-2	1.796962E-2
-5.943596E-2	1.783817E-2
-5.813734E-2	1.765550E-2
-5.745484E-2	1.759841E-2
-5.681144E-2	1.752702E-2
-5.636381E-2	1.744164E-2
-5.599959E-2	1.738815E-2
-5.560815E-2	1.730526E-2
-5.529473E-2	1.723100E-2
-5.423890E-2	1.711237E-2
-5.363922E-2	1.703242E-2
-5.314982E-2	1.696229E-2
-5.314984E-2	1.696208E-2
-5.315020E-2	1.695990E-2
-5.315026E-2	1.689114E-2
