5.778552E-2	5.849785E-3
5.829867E-2	5.845615E-3
5.833065E-2	5.845912E-3
5.840093E-2	5.845667E-3
5.848680E-2	5.846610E-3
5.854024E-2	5.845461E-3
5.864603E-2	5.846377E-3
5.869330E-2	5.847113E-3
5.873243E-2	5.847513E-3
5.882354E-2	5.847074E-3
5.893232E-2	5.846003E-3
5.896201E-2	5.845383E-3
5.902979E-2	5.845099E-3
5.908862E-2	5.845809E-3
5.915100E-2	5.845912E-3
5.918982E-2	5.846261E-3
5.926684E-2	5.844725E-3
5.931788E-2	5.845887E-3
5.939228E-2	5.844854E-3
5.943844E-2	5.844867E-3
5.952664E-2	5.846054E-3
5.955129E-2	5.844867E-3
5.959891E-2	5.845461E-3
5.964518E-2	5.845047E-3
5.970884E-2	5.845590E-3
5.972006E-2	5.844931E-3
5.976835E-2	5.844892E-3
5.983481E-2	5.844802E-3
5.990375E-2	5.845448E-3
5.997046E-2	5.844247E-3
5.997809E-2	5.844002E-3
6.003643E-2	5.844066E-3
6.009302E-2	5.844053E-3
6.014746E-2	5.846158E-3
6.020393E-2	5.844647E-3
6.025350E-2	5.844105E-3
6.028342E-2	5.845009E-3
6.035156E-2	5.844867E-3
6.038424E-2	5.843898E-3
6.048881E-2	5.843911E-3
6.053443E-2	5.843937E-3
6.057095E-2	5.844350E-3
6.062626E-2	5.845138E-3
6.069179E-2	5.843201E-3
6.074015E-2	5.843640E-3
6.074940E-2	5.845254E-3
6.083025E-2	5.843705E-3
6.088295E-2	5.842685E-3
6.092057E-2	5.844118E-3
6.097174E-2	5.844079E-3
6.101960E-2	5.845293E-3
6.107960E-2	5.843989E-3
6.112482E-2	5.843782E-3
6.119430E-2	5.842091E-3
6.124219E-2	5.843731E-3
6.126271E-2	5.841523E-3
6.134349E-2	5.843692E-3
6.136760E-2	5.842827E-3
6.148776E-2	5.843756E-3
6.152460E-2	5.843614E-3
6.156047E-2	5.842478E-3
6.158816E-2	5.843395E-3
6.160211E-2	5.842414E-3
6.166045E-2	5.841729E-3
6.168115E-2	5.842156E-3
6.175061E-2	5.842104E-3
6.178114E-2	5.842530E-3
6.184810E-2	5.842323E-3
6.191222E-2	5.842401E-3
6.195578E-2	5.843601E-3
6.200768E-2	5.841626E-3
6.206436E-2	5.843640E-3
6.210380E-2	5.841562E-3
6.216456E-2	5.843163E-3
6.220052E-2	5.841639E-3
6.225148E-2	5.842853E-3
6.230097E-2	5.841691E-3
6.234076E-2	5.842078E-3
6.243204E-2	5.841975E-3
6.248587E-2	5.841691E-3
6.251796E-2	5.841575E-3
6.254678E-2	5.840981E-3
6.262762E-2	5.841239E-3
6.270101E-2	5.840426E-3
6.274909E-2	5.840632E-3
6.277657E-2	5.840064E-3
6.284356E-2	5.841019E-3
6.292477E-2	5.841252E-3
6.296608E-2	5.840335E-3
6.301056E-2	5.841445E-3
6.305562E-2	5.841136E-3
6.310349E-2	5.840206E-3
6.316165E-2	5.839948E-3
6.320289E-2	5.839289E-3
6.327806E-2	5.839289E-3
6.331206E-2	5.839599E-3
6.334948E-2	5.840516E-3
6.342182E-2	5.840142E-3
6.346483E-2	5.840710E-3
6.352079E-2	5.839599E-3
6.359364E-2	5.839793E-3
6.362780E-2	5.839651E-3
6.366955E-2	5.838902E-3
6.370122E-2	5.838644E-3
6.377476E-2	5.838089E-3
6.382693E-2	5.838631E-3
6.389718E-2	5.838308E-3
6.395507E-2	5.838541E-3
6.396670E-2	5.838644E-3
6.401292E-2	5.838089E-3
6.408089E-2	5.838334E-3
6.414660E-2	5.837740E-3
6.420674E-2	5.837727E-3
6.424873E-2	5.838205E-3
6.428900E-2	5.837714E-3
6.433554E-2	5.836449E-3
6.438629E-2	5.837237E-3
6.444967E-2	5.838334E-3
6.450825E-2	5.836759E-3
6.455821E-2	5.837392E-3
6.461605E-2	5.837702E-3
6.464838E-2	5.837198E-3
6.468787E-2	5.837443E-3
6.472533E-2	5.837237E-3
6.480259E-2	5.836927E-3
6.486258E-2	5.837237E-3
6.494134E-2	5.837469E-3
6.500652E-2	5.836540E-3
6.504886E-2	5.836785E-3
6.507719E-2	5.837714E-3
6.514361E-2	5.837882E-3
6.519500E-2	5.837766E-3
6.526141E-2	5.836875E-3
6.529752E-2	5.837430E-3
6.534116E-2	5.836075E-3
6.538589E-2	5.835404E-3
6.546734E-2	5.835649E-3
6.551577E-2	5.835546E-3
6.557075E-2	5.835274E-3
6.564940E-2	5.835881E-3
6.572970E-2	5.834771E-3
6.573134E-2	5.834965E-3
6.583497E-2	5.836230E-3
6.585273E-2	5.835571E-3
6.589062E-2	5.835765E-3
6.593998E-2	5.833893E-3
6.598798E-2	5.834629E-3
6.605140E-2	5.834926E-3
6.611647E-2	5.835042E-3
6.616905E-2	5.835688E-3
6.624465E-2	5.835972E-3
6.629393E-2	5.834164E-3
6.632610E-2	5.835558E-3
6.637693E-2	5.834293E-3
6.644850E-2	5.835003E-3
6.649593E-2	5.834384E-3
6.655682E-2	5.834616E-3
6.661040E-2	5.834242E-3
6.667415E-2	5.834990E-3
6.672941E-2	5.834397E-3
6.677461E-2	5.833880E-3
6.685744E-2	5.832383E-3
6.690875E-2	5.833648E-3
6.694785E-2	5.833854E-3
6.698838E-2	5.833803E-3
6.703012E-2	5.834306E-3
6.708962E-2	5.833299E-3
6.718011E-2	5.833338E-3
6.726812E-2	5.833970E-3
6.730097E-2	5.833196E-3
6.733235E-2	5.833480E-3
6.743577E-2	5.832628E-3
6.747592E-2	5.833480E-3
6.752192E-2	5.833144E-3
6.756591E-2	5.832111E-3
6.762603E-2	5.832615E-3
6.766973E-2	5.832525E-3
6.772178E-2	5.833222E-3
6.779606E-2	5.832602E-3
6.785813E-2	5.831466E-3
6.791134E-2	5.832008E-3
6.794010E-2	5.831982E-3
6.799626E-2	5.831608E-3
6.809332E-2	5.832873E-3
6.812204E-2	5.832447E-3
6.818321E-2	5.831246E-3
6.829159E-2	5.831388E-3
6.830153E-2	5.831324E-3
6.836953E-2	5.831440E-3
6.843301E-2	5.832344E-3
6.849010E-2	5.831117E-3
6.853717E-2	5.831001E-3
6.859352E-2	5.831324E-3
6.868183E-2	5.831066E-3
6.875000E-2	5.830924E-3
6.882159E-2	5.831259E-3
6.885293E-2	5.831737E-3
6.891903E-2	5.831337E-3
6.896541E-2	5.831479E-3
6.903671E-2	5.830950E-3
6.910598E-2	5.830549E-3
6.915791E-2	5.830123E-3
6.923069E-2	5.830691E-3
6.926689E-2	5.831711E-3
6.932827E-2	5.830536E-3
6.935512E-2	5.830162E-3
6.944978E-2	5.830485E-3
6.951240E-2	5.830911E-3
6.955163E-2	5.830046E-3
6.960649E-2	5.830975E-3
6.966133E-2	5.829323E-3
6.968985E-2	5.830381E-3
6.975402E-2	5.829555E-3
6.984762E-2	5.828639E-3
6.990642E-2	5.829271E-3
6.995618E-2	5.829581E-3
7.003999E-2	5.828406E-3
7.008111E-2	5.828161E-3
7.014365E-2	5.828948E-3
7.020446E-2	5.828936E-3
7.028894E-2	5.828806E-3
7.033512E-2	5.828871E-3
7.037109E-2	5.828716E-3
7.048540E-2	5.828329E-3
7.052583E-2	5.829671E-3
7.058174E-2	5.828535E-3
7.061669E-2	5.828613E-3
7.069298E-2	5.829142E-3
7.074243E-2	5.828806E-3
7.081290E-2	5.828652E-3
7.086956E-2	5.828187E-3
7.093386E-2	5.827438E-3
7.100085E-2	5.828419E-3
7.103876E-2	5.828355E-3
7.110406E-2	5.828006E-3
7.119679E-2	5.827257E-3
7.123621E-2	5.827954E-3
7.130140E-2	5.827774E-3
7.135028E-2	5.826831E-3
7.143225E-2	5.827051E-3
7.151160E-2	5.827051E-3
7.153897E-2	5.827451E-3
7.158967E-2	5.826521E-3
7.166428E-2	5.827102E-3
7.168169E-2	5.826108E-3
7.173369E-2	5.825863E-3
7.180781E-2	5.827025E-3
7.190647E-2	5.826302E-3
7.196599E-2	5.826638E-3
7.201387E-2	5.825075E-3
7.207795E-2	5.825437E-3
7.214850E-2	5.825514E-3
7.220814E-2	5.825114E-3
7.227189E-2	5.825269E-3
7.232009E-2	5.824520E-3
7.240255E-2	5.824933E-3
7.247099E-2	5.825411E-3
7.256955E-2	5.825140E-3
7.263678E-2	5.825153E-3
7.269958E-2	5.825734E-3
7.273916E-2	5.825915E-3
7.281234E-2	5.824198E-3
7.288162E-2	5.825088E-3
7.291966E-2	5.824004E-3
7.301501E-2	5.825411E-3
7.304141E-2	5.825308E-3
7.312719E-2	5.824288E-3
7.319244E-2	5.824843E-3
7.325028E-2	5.823513E-3
7.330488E-2	5.824507E-3
7.339416E-2	5.824249E-3
7.347867E-2	5.825282E-3
7.349917E-2	5.823410E-3
7.358489E-2	5.824365E-3
7.368377E-2	5.823952E-3
7.371700E-2	5.824830E-3
7.374103E-2	5.823617E-3
7.385060E-2	5.823836E-3
7.392162E-2	5.823061E-3
7.399777E-2	5.823913E-3
7.404671E-2	5.822816E-3
7.411975E-2	5.822390E-3
7.422200E-2	5.822429E-3
7.423348E-2	5.822054E-3
7.429285E-2	5.821577E-3
7.433893E-2	5.822868E-3
7.444245E-2	5.822287E-3
7.453175E-2	5.821654E-3
7.457605E-2	5.821938E-3
7.464020E-2	5.822300E-3
7.467527E-2	5.821435E-3
7.473299E-2	5.822635E-3
7.481796E-2	5.821448E-3
7.488585E-2	5.822338E-3
7.495584E-2	5.821202E-3
7.500896E-2	5.821757E-3
7.509268E-2	5.820815E-3
7.517592E-2	5.821835E-3
7.521188E-2	5.820751E-3
7.527852E-2	5.820131E-3
7.533930E-2	5.819369E-3
7.545182E-2	5.819782E-3
7.552255E-2	5.820015E-3
7.555208E-2	5.819769E-3
7.563431E-2	5.819098E-3
7.569902E-2	5.819666E-3
7.575190E-2	5.818866E-3
7.584542E-2	5.819705E-3
7.590582E-2	5.818543E-3
7.598382E-2	5.819447E-3
7.604425E-2	5.818969E-3
7.609890E-2	5.818582E-3
7.617364E-2	5.817187E-3
7.623570E-2	5.818375E-3
7.635971E-2	5.817781E-3
7.643303E-2	5.819692E-3
7.647230E-2	5.816271E-3
7.654442E-2	5.817936E-3
7.661070E-2	5.818272E-3
7.668283E-2	5.817730E-3
7.668367E-2	5.817807E-3
7.677783E-2	5.816981E-3
7.687312E-2	5.816968E-3
7.692722E-2	5.816103E-3
7.700374E-2	5.815961E-3
7.706006E-2	5.816142E-3
7.712539E-2	5.815883E-3
7.720830E-2	5.816464E-3
7.727027E-2	5.816426E-3
7.737988E-2	5.815509E-3
7.744369E-2	5.815419E-3
7.747294E-2	5.815754E-3
7.751814E-2	5.815896E-3
7.762047E-2	5.815845E-3
7.771249E-2	5.815199E-3
7.776804E-2	5.814851E-3
7.781251E-2	5.815173E-3
7.788532E-2	5.815870E-3
7.794882E-2	5.815173E-3
7.801730E-2	5.815315E-3
7.810394E-2	5.814257E-3
7.818708E-2	5.815741E-3
7.825434E-2	5.814360E-3
7.835113E-2	5.815883E-3
7.840349E-2	5.815419E-3
7.847120E-2	5.815483E-3
7.853035E-2	5.813869E-3
7.861720E-2	5.814579E-3
7.870896E-2	5.814696E-3
7.874585E-2	5.813908E-3
7.886524E-2	5.814902E-3
7.889793E-2	5.813960E-3
7.896288E-2	5.814283E-3
7.902690E-2	5.814244E-3
7.910715E-2	5.814412E-3
7.920081E-2	5.813947E-3
7.928646E-2	5.814089E-3
7.931261E-2	5.812591E-3
7.937415E-2	5.813727E-3
7.949228E-2	5.813301E-3
7.954960E-2	5.813340E-3
7.962380E-2	5.813702E-3
7.969143E-2	5.813508E-3
7.972864E-2	5.813314E-3
7.980461E-2	5.812940E-3
7.990272E-2	5.813082E-3
7.997115E-2	5.812992E-3
8.004916E-2	5.813598E-3
8.012886E-2	5.812475E-3
8.020494E-2	5.813572E-3
8.027985E-2	5.812475E-3
8.032905E-2	5.813211E-3
8.042321E-2	5.813482E-3
8.049409E-2	5.812217E-3
8.056357E-2	5.812772E-3
8.069621E-2	5.812733E-3
8.074196E-2	5.812320E-3
8.078127E-2	5.811236E-3
8.090846E-2	5.812230E-3
8.096326E-2	5.812256E-3
8.105075E-2	5.811558E-3
8.112445E-2	5.811713E-3
8.119773E-2	5.811520E-3
8.128088E-2	5.812101E-3
8.132823E-2	5.810784E-3
8.141078E-2	5.810719E-3
8.152954E-2	5.811791E-3
8.157004E-2	5.810978E-3
8.163143E-2	5.811455E-3
8.169152E-2	5.812423E-3
8.173952E-2	5.811107E-3
8.184155E-2	5.811675E-3
8.189489E-2	5.811287E-3
8.197992E-2	5.809996E-3
8.205475E-2	5.811029E-3
8.212096E-2	5.811688E-3
8.223018E-2	5.809725E-3
8.231864E-2	5.810978E-3
8.235284E-2	5.810229E-3
8.247138E-2	5.809687E-3
8.253794E-2	5.808809E-3
8.258677E-2	5.808421E-3
8.270487E-2	5.809093E-3
8.274400E-2	5.810409E-3
8.282890E-2	5.809054E-3
8.292022E-2	5.809260E-3
8.298378E-2	5.809545E-3
8.306994E-2	5.808951E-3
8.314840E-2	5.809273E-3
8.323682E-2	5.809338E-3
8.330338E-2	5.808873E-3
8.337405E-2	5.809480E-3
8.349022E-2	5.809880E-3
8.354479E-2	5.807892E-3
8.361318E-2	5.807634E-3
8.369361E-2	5.808292E-3
8.374503E-2	5.807685E-3
8.382566E-2	5.808241E-3
8.392643E-2	5.807234E-3
8.399062E-2	5.807324E-3
8.407335E-2	5.807440E-3
8.415610E-2	5.808163E-3
8.423666E-2	5.807440E-3
8.429757E-2	5.807401E-3
8.436346E-2	5.807272E-3
8.450252E-2	5.806240E-3
8.456193E-2	5.806278E-3
8.460466E-2	5.806678E-3
8.468726E-2	5.807246E-3
8.478423E-2	5.806485E-3
8.484872E-2	5.805504E-3
8.494037E-2	5.806252E-3
8.501931E-2	5.806872E-3
8.509585E-2	5.807285E-3
8.515825E-2	5.806278E-3
8.525051E-2	5.806369E-3
8.530995E-2	5.805400E-3
8.547474E-2	5.804871E-3
8.551882E-2	5.806201E-3
8.557238E-2	5.806653E-3
8.566370E-2	5.806356E-3
8.573807E-2	5.805542E-3
8.577993E-2	5.804961E-3
8.586908E-2	5.804432E-3
8.595944E-2	5.805271E-3
8.607189E-2	5.805271E-3
8.613017E-2	5.804238E-3
8.619243E-2	5.804768E-3
8.629701E-2	5.805065E-3
8.638538E-2	5.804032E-3
8.649162E-2	5.803877E-3
8.656435E-2	5.804639E-3
8.660595E-2	5.804535E-3
8.673821E-2	5.803980E-3
8.676627E-2	5.803825E-3
8.685263E-2	5.804600E-3
8.693391E-2	5.803141E-3
8.702752E-2	5.802973E-3
8.712346E-2	5.803296E-3
8.720027E-2	5.803503E-3
8.731092E-2	5.803012E-3
8.733205E-2	5.802354E-3
8.741245E-2	5.802935E-3
8.753866E-2	5.802199E-3
8.758853E-2	5.802018E-3
8.770398E-2	5.802689E-3
8.771160E-2	5.802521E-3
8.780488E-2	5.802134E-3
8.790679E-2	5.802483E-3
8.798898E-2	5.802392E-3
8.810775E-2	5.801773E-3
8.815836E-2	5.802057E-3
8.824403E-2	5.799978E-3
8.832204E-2	5.800520E-3
8.837392E-2	5.801050E-3
8.851027E-2	5.800908E-3
8.859174E-2	5.800611E-3
8.865066E-2	5.800314E-3
8.873866E-2	5.799604E-3
8.880981E-2	5.799655E-3
8.897540E-2	5.800185E-3
8.900636E-2	5.800365E-3
8.909017E-2	5.798790E-3
8.918202E-2	5.800056E-3
8.925990E-2	5.798403E-3
8.935015E-2	5.799023E-3
8.941211E-2	5.798661E-3
8.954321E-2	5.798184E-3
8.961541E-2	5.797861E-3
8.968452E-2	5.798132E-3
8.976213E-2	5.798984E-3
8.984073E-2	5.798429E-3
8.993695E-2	5.798932E-3
9.004509E-2	5.798687E-3
9.013511E-2	5.798326E-3
9.017423E-2	5.797164E-3
9.026582E-2	5.798016E-3
9.036754E-2	5.796789E-3
9.044006E-2	5.797603E-3
9.052833E-2	5.797332E-3
9.059696E-2	5.796983E-3
9.069533E-2	5.798222E-3
9.078834E-2	5.795963E-3
9.084354E-2	5.796479E-3
9.092888E-2	5.796467E-3
9.103747E-2	5.796467E-3
9.110908E-2	5.794543E-3
9.119044E-2	5.795343E-3
9.127069E-2	5.794685E-3
9.135845E-2	5.794930E-3
9.146487E-2	5.794969E-3
9.158536E-2	5.793936E-3
9.162474E-2	5.794788E-3
9.168802E-2	5.793484E-3
9.175817E-2	5.794233E-3
9.187250E-2	5.793988E-3
9.196758E-2	5.793575E-3
9.205110E-2	5.793588E-3
9.212175E-2	5.793304E-3
9.219961E-2	5.792271E-3
9.230274E-2	5.793007E-3
9.237764E-2	5.791599E-3
9.248112E-2	5.792684E-3
9.254991E-2	5.792193E-3
9.268092E-2	5.792051E-3
9.278908E-2	5.792077E-3
9.285580E-2	5.792632E-3
9.293741E-2	5.791109E-3
9.301486E-2	5.790902E-3
9.310986E-2	5.790554E-3
9.321373E-2	5.790153E-3
9.326581E-2	5.789766E-3
9.334682E-2	5.789237E-3
9.342618E-2	5.790166E-3
9.356161E-2	5.790063E-3
9.362775E-2	5.789405E-3
9.370627E-2	5.790928E-3
9.379819E-2	5.790115E-3
9.390719E-2	5.790541E-3
9.403336E-2	5.790153E-3
9.407746E-2	5.789986E-3
9.419434E-2	5.789327E-3
9.429002E-2	5.789727E-3
9.432786E-2	5.787997E-3
9.440863E-2	5.789405E-3
9.452524E-2	5.788824E-3
9.461245E-2	5.788553E-3
9.469715E-2	5.787442E-3
9.475085E-2	5.788217E-3
9.487282E-2	5.787894E-3
9.496605E-2	5.787236E-3
9.503988E-2	5.786836E-3
9.512074E-2	5.787055E-3
9.523491E-2	5.787197E-3
9.533600E-2	5.786681E-3
9.543011E-2	5.785338E-3
9.551552E-2	5.786022E-3
9.560352E-2	5.785983E-3
9.573488E-2	5.784925E-3
9.580353E-2	5.785829E-3
9.589615E-2	5.786203E-3
9.598161E-2	5.785467E-3
9.605857E-2	5.784215E-3
9.616761E-2	5.784718E-3
9.622802E-2	5.784241E-3
9.632107E-2	5.784305E-3
9.644869E-2	5.783750E-3
9.651638E-2	5.783970E-3
9.659539E-2	5.784112E-3
9.668364E-2	5.783001E-3
9.675321E-2	5.782988E-3
9.687817E-2	5.782201E-3
9.697830E-2	5.781852E-3
9.705269E-2	5.781220E-3
9.720263E-2	5.781943E-3
9.726798E-2	5.781581E-3
9.733103E-2	5.780587E-3
9.744241E-2	5.779954E-3
9.752093E-2	5.780910E-3
9.762379E-2	5.780264E-3
9.771746E-2	5.779942E-3
9.777308E-2	5.780794E-3
9.789169E-2	5.779761E-3
9.800195E-2	5.779012E-3
9.804689E-2	5.778805E-3
9.815771E-2	5.779077E-3
9.823756E-2	5.778883E-3
9.831894E-2	5.777463E-3
9.842101E-2	5.778689E-3
9.855167E-2	5.777514E-3
9.867578E-2	5.777773E-3
9.876572E-2	5.778250E-3
9.884723E-2	5.777398E-3
9.900579E-2	5.777631E-3
9.904109E-2	5.777553E-3
9.911338E-2	5.777837E-3
9.921461E-2	5.777075E-3
9.931951E-2	5.776766E-3
9.946023E-2	5.776262E-3
9.951539E-2	5.776378E-3
9.959638E-2	5.775952E-3
9.968846E-2	5.775410E-3
9.974471E-2	5.775500E-3
9.986997E-2	5.775500E-3
9.996610E-2	5.775165E-3
1.000912E-1	5.774648E-3
1.001437E-1	5.774674E-3
1.002425E-1	5.773758E-3
1.003511E-1	5.773887E-3
1.004538E-1	5.773151E-3
1.005451E-1	5.773874E-3
1.006064E-1	5.773719E-3
1.007226E-1	5.773822E-3
1.008013E-1	5.772751E-3
1.009062E-1	5.773125E-3
1.009871E-1	5.772751E-3
1.011067E-1	5.771757E-3
1.012576E-1	5.772931E-3
1.012964E-1	5.771782E-3
1.013669E-1	5.771679E-3
1.015341E-1	5.771989E-3
1.015770E-1	5.771382E-3
1.016548E-1	5.771447E-3
1.017445E-1	5.770685E-3
1.018351E-1	5.769846E-3
1.019349E-1	5.770169E-3
1.020191E-1	5.769329E-3
1.021239E-1	5.769613E-3
1.022179E-1	5.768865E-3
1.022998E-1	5.767367E-3
1.024277E-1	5.768645E-3
1.025192E-1	5.768219E-3
1.026583E-1	5.767896E-3
1.027720E-1	5.767354E-3
1.028310E-1	5.767044E-3
1.029289E-1	5.767509E-3
1.030112E-1	5.766864E-3
1.031302E-1	5.765766E-3
1.032362E-1	5.766734E-3
1.033123E-1	5.766089E-3
1.034874E-1	5.765508E-3
1.035041E-1	5.765185E-3
1.036180E-1	5.764591E-3
1.037152E-1	5.764992E-3
1.038155E-1	5.763946E-3
1.039025E-1	5.764862E-3
1.040114E-1	5.763623E-3
1.041243E-1	5.763894E-3
1.042195E-1	5.763275E-3
1.042939E-1	5.762913E-3
1.043914E-1	5.761829E-3
1.045202E-1	5.762474E-3
1.046105E-1	5.762590E-3
1.047049E-1	5.761971E-3
1.047597E-1	5.762590E-3
1.048717E-1	5.761377E-3
1.049920E-1	5.761209E-3
1.050971E-1	5.760602E-3
1.052474E-1	5.760228E-3
1.053098E-1	5.759518E-3
1.053864E-1	5.760099E-3
1.055114E-1	5.759789E-3
1.056067E-1	5.759518E-3
1.057243E-1	5.758382E-3
1.057934E-1	5.757865E-3
1.058998E-1	5.757839E-3
1.059922E-1	5.758356E-3
1.060956E-1	5.757258E-3
1.061932E-1	5.757336E-3
1.062861E-1	5.757426E-3
1.064787E-1	5.757323E-3
1.065193E-1	5.756316E-3
1.066933E-1	5.756858E-3
1.067451E-1	5.755232E-3
1.068171E-1	5.754676E-3
1.069548E-1	5.755787E-3
1.070102E-1	5.755102E-3
1.071154E-1	5.753037E-3
1.072401E-1	5.754444E-3
1.073220E-1	5.754625E-3
1.074424E-1	5.754225E-3
1.075547E-1	5.754780E-3
1.076245E-1	5.753928E-3
1.077644E-1	5.754018E-3
1.078221E-1	5.753889E-3
1.079078E-1	5.752469E-3
1.080208E-1	5.752792E-3
1.081271E-1	5.752159E-3
1.082271E-1	5.751500E-3
1.083149E-1	5.751785E-3
1.084346E-1	5.750765E-3
1.085263E-1	5.751397E-3
1.086623E-1	5.751010E-3
1.087362E-1	5.749448E-3
1.088534E-1	5.750364E-3
1.089537E-1	5.750339E-3
1.090700E-1	5.749538E-3
1.091831E-1	5.749409E-3
1.092947E-1	5.747627E-3
1.093508E-1	5.748815E-3
1.094678E-1	5.749319E-3
1.095855E-1	5.749706E-3
1.096895E-1	5.748634E-3
1.097541E-1	5.748260E-3
1.098732E-1	5.748338E-3
1.099919E-1	5.747705E-3
1.100543E-1	5.747382E-3
1.101820E-1	5.746762E-3
1.102992E-1	5.748570E-3
1.103759E-1	5.746620E-3
1.105404E-1	5.746530E-3
1.105965E-1	5.746866E-3
1.106814E-1	5.747176E-3
1.107697E-1	5.746259E-3
1.109443E-1	5.745936E-3
1.110032E-1	5.745704E-3
1.110958E-1	5.745446E-3
1.111930E-1	5.745601E-3
1.113709E-1	5.745691E-3
1.114527E-1	5.744555E-3
1.115230E-1	5.744000E-3
1.116094E-1	5.743819E-3
1.116838E-1	5.743574E-3
1.118168E-1	5.744258E-3
1.119223E-1	5.743871E-3
1.120272E-1	5.743806E-3
1.121249E-1	5.742851E-3
1.122301E-1	5.743148E-3
1.123229E-1	5.743509E-3
1.124686E-1	5.742644E-3
1.125681E-1	5.742967E-3
1.126784E-1	5.741663E-3
1.127688E-1	5.742024E-3
1.129158E-1	5.741947E-3
1.130086E-1	5.742141E-3
1.131071E-1	5.741689E-3
1.132046E-1	5.742567E-3
1.133025E-1	5.741095E-3
1.134195E-1	5.740540E-3
1.135144E-1	5.740669E-3
1.136341E-1	5.740501E-3
1.137838E-1	5.740785E-3
1.138336E-1	5.740940E-3
1.139652E-1	5.740875E-3
1.140597E-1	5.739572E-3
1.141590E-1	5.739972E-3
1.142687E-1	5.739533E-3
1.143596E-1	5.739959E-3
1.145085E-1	5.738991E-3
1.145948E-1	5.738836E-3
1.146610E-1	5.739417E-3
1.148016E-1	5.738255E-3
1.149036E-1	5.738242E-3
1.150428E-1	5.739300E-3
1.151083E-1	5.738590E-3
1.152256E-1	5.738229E-3
1.154383E-1	5.738203E-3
1.154679E-1	5.737364E-3
1.155704E-1	5.737428E-3
1.156808E-1	5.737996E-3
1.157671E-1	5.736744E-3
1.158784E-1	5.737532E-3
1.160410E-1	5.737428E-3
1.161121E-1	5.736770E-3
1.162152E-1	5.737144E-3
1.163084E-1	5.737261E-3
1.164590E-1	5.736718E-3
1.165441E-1	5.737002E-3
1.166379E-1	5.735673E-3
1.167243E-1	5.736899E-3
1.168368E-1	5.736383E-3
1.169892E-1	5.735905E-3
1.170844E-1	5.736512E-3
1.171964E-1	5.735195E-3
1.172741E-1	5.735673E-3
1.173966E-1	5.735686E-3
1.175288E-1	5.735260E-3
1.176164E-1	5.734253E-3
1.176981E-1	5.734214E-3
1.178393E-1	5.735582E-3
1.179338E-1	5.733542E-3
1.180837E-1	5.734265E-3
1.181615E-1	5.733375E-3
1.182795E-1	5.732923E-3
1.183698E-1	5.732807E-3
1.185079E-1	5.732342E-3
1.186381E-1	5.732277E-3
1.186880E-1	5.732962E-3
1.188251E-1	5.733142E-3
1.189654E-1	5.732342E-3
1.190615E-1	5.731580E-3
1.191759E-1	5.730354E-3
1.192863E-1	5.731929E-3
1.193883E-1	5.731606E-3
1.195222E-1	5.730960E-3
1.196434E-1	5.730250E-3
1.197218E-1	5.730225E-3
1.198206E-1	5.730173E-3
1.199275E-1	5.731141E-3
1.200412E-1	5.730818E-3
1.201631E-1	5.729553E-3
1.202515E-1	5.730289E-3
1.204101E-1	5.730457E-3
1.204884E-1	5.729308E-3
1.206298E-1	5.729489E-3
1.207214E-1	5.728198E-3
1.208564E-1	5.728830E-3
1.209627E-1	5.728236E-3
1.211544E-1	5.727539E-3
1.212002E-1	5.726997E-3
1.212884E-1	5.727617E-3
1.214376E-1	5.727526E-3
1.215163E-1	5.726481E-3
1.216268E-1	5.726661E-3
1.217120E-1	5.725667E-3
1.218316E-1	5.725719E-3
1.219355E-1	5.726145E-3
1.220427E-1	5.725177E-3
1.221594E-1	5.725538E-3
1.222764E-1	5.723744E-3
1.224423E-1	5.724906E-3
1.225414E-1	5.724415E-3
1.226042E-1	5.722608E-3
1.227437E-1	5.722052E-3
1.228592E-1	5.722311E-3
1.229921E-1	5.722879E-3
1.231083E-1	5.722078E-3
1.232157E-1	5.722220E-3
1.232946E-1	5.721678E-3
1.234371E-1	5.722104E-3
1.235410E-1	5.721575E-3
1.236877E-1	5.721110E-3
1.237688E-1	5.720787E-3
1.238973E-1	5.721097E-3
1.239988E-1	5.720581E-3
1.241002E-1	5.719548E-3
1.242327E-1	5.719483E-3
1.243257E-1	5.719148E-3
1.244745E-1	5.719754E-3
1.245608E-1	5.718825E-3
1.246621E-1	5.718747E-3
1.247548E-1	5.718102E-3
1.248912E-1	5.718089E-3
1.250004E-1	5.718889E-3
1.251274E-1	5.718270E-3
1.252566E-1	5.717573E-3
1.253794E-1	5.718205E-3
1.254853E-1	5.716733E-3
1.255972E-1	5.716514E-3
1.257109E-1	5.716901E-3
1.258130E-1	5.715726E-3
1.259281E-1	5.715339E-3
1.260258E-1	5.715688E-3
1.261443E-1	5.715572E-3
1.262778E-1	5.715120E-3
1.264065E-1	5.714281E-3
1.265191E-1	5.714293E-3
1.266244E-1	5.713454E-3
1.267105E-1	5.713764E-3
1.268435E-1	5.713080E-3
1.269512E-1	5.713312E-3
1.270705E-1	5.711983E-3
1.272188E-1	5.711673E-3
1.272921E-1	5.710834E-3
1.274276E-1	5.709762E-3
1.275258E-1	5.710343E-3
1.276278E-1	5.709568E-3
1.277224E-1	5.709814E-3
1.278688E-1	5.708497E-3
1.280020E-1	5.707541E-3
1.281178E-1	5.708200E-3
1.282126E-1	5.707683E-3
1.283464E-1	5.707309E-3
1.284819E-1	5.706573E-3
1.286188E-1	5.706121E-3
1.287243E-1	5.705424E-3
1.288235E-1	5.704947E-3
1.289772E-1	5.704817E-3
1.290558E-1	5.704404E-3
1.291761E-1	5.703785E-3
1.292918E-1	5.702545E-3
1.293810E-1	5.703113E-3
1.295214E-1	5.702210E-3
1.296894E-1	5.701009E-3
1.297120E-1	5.700467E-3
1.298461E-1	5.699847E-3
1.299533E-1	5.700028E-3
1.301342E-1	5.700764E-3
1.302653E-1	5.698233E-3
1.303256E-1	5.697381E-3
1.304504E-1	5.696090E-3
1.305507E-1	5.696400E-3
1.306769E-1	5.696878E-3
1.307487E-1	5.694786E-3
1.309113E-1	5.694296E-3
1.310337E-1	5.693986E-3
1.311381E-1	5.693986E-3
1.312492E-1	5.693095E-3
1.313607E-1	5.691675E-3
1.315117E-1	5.692398E-3
1.316050E-1	5.690371E-3
1.316648E-1	5.689558E-3
1.318225E-1	5.690410E-3
1.319382E-1	5.689351E-3
1.320508E-1	5.688951E-3
1.322072E-1	5.687918E-3
1.322909E-1	5.687634E-3
1.324203E-1	5.686924E-3
1.325392E-1	5.686420E-3
1.326820E-1	5.685104E-3
1.327540E-1	5.684355E-3
1.329233E-1	5.684445E-3
1.330712E-1	5.683722E-3
1.331295E-1	5.684394E-3
1.332389E-1	5.683851E-3
1.333681E-1	5.681476E-3
1.335006E-1	5.680378E-3
1.336225E-1	5.680198E-3
1.337258E-1	5.678933E-3
1.338886E-1	5.679423E-3
1.339572E-1	5.677861E-3
1.341058E-1	5.678080E-3
1.342232E-1	5.678093E-3
1.343306E-1	5.676480E-3
1.344529E-1	5.676557E-3
1.345712E-1	5.675615E-3
1.346881E-1	5.675434E-3
1.347920E-1	5.674892E-3
1.349097E-1	5.675085E-3
1.350147E-1	5.674814E-3
1.351310E-1	5.674104E-3
1.352618E-1	5.674672E-3
1.353251E-1	5.673885E-3
1.355064E-1	5.673317E-3
1.356352E-1	5.672516E-3
1.357142E-1	5.673020E-3
1.358573E-1	5.672284E-3
1.359856E-1	5.671974E-3
1.361228E-1	5.672904E-3
1.362098E-1	5.672155E-3
1.363350E-1	5.672039E-3
1.364667E-1	5.671522E-3
1.365662E-1	5.671303E-3
1.367019E-1	5.671496E-3
1.368027E-1	5.671109E-3
1.369339E-1	5.670812E-3
1.370532E-1	5.671161E-3
1.371629E-1	5.671522E-3
1.373130E-1	5.670386E-3
1.374413E-1	5.670489E-3
1.375288E-1	5.671148E-3
1.376492E-1	5.671445E-3
1.377367E-1	5.670683E-3
1.378670E-1	5.671122E-3
1.379770E-1	5.669908E-3
1.381073E-1	5.670179E-3
1.382353E-1	5.670231E-3
1.383436E-1	5.669611E-3
1.385000E-1	5.669637E-3
1.386008E-1	5.669741E-3
1.387084E-1	5.668437E-3
1.388413E-1	5.670244E-3
1.390009E-1	5.669883E-3
1.391290E-1	5.669379E-3
1.392490E-1	5.669392E-3
1.393302E-1	5.668927E-3
1.395487E-1	5.669753E-3
1.395822E-1	5.668553E-3
1.396899E-1	5.668398E-3
1.398750E-1	5.668243E-3
1.399256E-1	5.668295E-3
1.400631E-1	5.668424E-3
1.401717E-1	5.668062E-3
1.402863E-1	5.667468E-3
1.403972E-1	5.668346E-3
1.405227E-1	5.668075E-3
1.406570E-1	5.668062E-3
1.407692E-1	5.667546E-3
1.408908E-1	5.667933E-3
1.410012E-1	5.667417E-3
1.411300E-1	5.666358E-3
1.412533E-1	5.667004E-3
1.413803E-1	5.666655E-3
1.415064E-1	5.666035E-3
1.416289E-1	5.665441E-3
1.417021E-1	5.664525E-3
1.418334E-1	5.665170E-3
1.419470E-1	5.664951E-3
1.420533E-1	5.665506E-3
1.422119E-1	5.664228E-3
1.423129E-1	5.664150E-3
1.424599E-1	5.662653E-3
1.425661E-1	5.661930E-3
1.427025E-1	5.662098E-3
1.427766E-1	5.660897E-3
1.429845E-1	5.658909E-3
1.431090E-1	5.653913E-3
1.431707E-1	5.644256E-3
1.432662E-1	5.634728E-3
1.433894E-1	5.619946E-3
1.435444E-1	5.590963E-3
1.436723E-1	5.534739E-3
1.437689E-1	5.434389E-3
1.439100E-1	5.307159E-3
1.440347E-1	5.240259E-3
1.441489E-1	5.184474E-3
1.442703E-1	5.122518E-3
1.443786E-1	5.054094E-3
1.445265E-1	4.969546E-3
1.446249E-1	4.862224E-3
1.447244E-1	4.718237E-3
1.448691E-1	4.579776E-3
1.449859E-1	4.421342E-3
1.451067E-1	4.244215E-3
1.452258E-1	4.043227E-3
1.453469E-1	3.802543E-3
1.454968E-1	3.500510E-3
1.456250E-1	3.072320E-3
1.457236E-1	2.486638E-3
1.458402E-1	1.478973E-3
1.459784E-1	-2.066208E-3
1.461084E-1	-1.205555E-2
1.462550E-1	-1.751700E-2
1.463552E-1	-1.776987E-2
1.465019E-1	-1.778492E-2
1.466105E-1	-1.777970E-2
1.467138E-1	-1.777932E-2
1.468501E-1	-1.777808E-2
1.469740E-1	-1.778218E-2
1.470746E-1	-1.777888E-2
1.471885E-1	-1.778448E-2
1.472932E-1	-1.777841E-2
1.474338E-1	-1.778408E-2
1.475515E-1	-1.777927E-2
1.476770E-1	-1.778162E-2
1.477727E-1	-1.777860E-2
1.479892E-1	-1.778264E-2
1.480449E-1	-1.777986E-2
1.481639E-1	-1.778725E-2
1.482768E-1	-1.778511E-2
1.484795E-1	-1.778221E-2
1.485260E-1	-1.777905E-2
1.486795E-1	-1.778217E-2
1.487388E-1	-1.778183E-2
1.489091E-1	-1.778196E-2
1.490279E-1	-1.778647E-2
1.491622E-1	-1.777867E-2
1.492723E-1	-1.778063E-2
1.493448E-1	-1.777942E-2
1.494895E-1	-1.778253E-2
1.496086E-1	-1.778265E-2
1.497397E-1	-1.778293E-2
1.498717E-1	-1.778244E-2
1.499903E-1	-1.778625E-2
1.500779E-1	-1.778692E-2
1.502903E-1	-1.778577E-2
1.503391E-1	-1.778381E-2
1.504925E-1	-1.778415E-2
1.506050E-1	-1.778626E-2
1.507282E-1	-1.778255E-2
1.508868E-1	-1.778655E-2
1.509999E-1	-1.778734E-2
1.511098E-1	-1.779078E-2
1.512480E-1	-1.778624E-2
1.513488E-1	-1.779158E-2
1.515312E-1	-1.778575E-2
1.515918E-1	-1.778326E-2
1.516862E-1	-1.778404E-2
1.518641E-1	-1.778744E-2
1.519315E-1	-1.778715E-2
1.520362E-1	-1.778745E-2
1.521669E-1	-1.779083E-2
1.522910E-1	-1.778659E-2
1.523954E-1	-1.779087E-2
1.525317E-1	-1.779092E-2
1.526815E-1	-1.778900E-2
1.527782E-1	-1.778696E-2
1.529283E-1	-1.779378E-2
1.530478E-1	-1.779313E-2
1.531788E-1	-1.779321E-2
1.533545E-1	-1.779111E-2
1.534358E-1	-1.778975E-2
1.535514E-1	-1.779264E-2
1.536788E-1	-1.778923E-2
1.538410E-1	-1.779152E-2
1.539093E-1	-1.778838E-2
1.540388E-1	-1.778878E-2
1.541722E-1	-1.779028E-2
1.542855E-1	-1.779163E-2
1.544205E-1	-1.778846E-2
1.545430E-1	-1.778976E-2
1.546390E-1	-1.778523E-2
1.548214E-1	-1.778955E-2
1.549028E-1	-1.779134E-2
1.550018E-1	-1.779402E-2
1.551034E-1	-1.779469E-2
1.552426E-1	-1.779132E-2
1.553475E-1	-1.779294E-2
1.555209E-1	-1.779386E-2
1.556390E-1	-1.779335E-2
1.557489E-1	-1.779357E-2
1.558719E-1	-1.779630E-2
1.560061E-1	-1.779384E-2
1.561792E-1	-1.779649E-2
1.562459E-1	-1.779601E-2
1.563397E-1	-1.778761E-2
1.564862E-1	-1.779260E-2
1.566739E-1	-1.779489E-2
1.567321E-1	-1.779480E-2
1.568275E-1	-1.779099E-2
1.569585E-1	-1.779447E-2
1.571054E-1	-1.779676E-2
1.571958E-1	-1.779184E-2
1.573393E-1	-1.780036E-2
1.574821E-1	-1.779495E-2
1.576517E-1	-1.780232E-2
1.576703E-1	-1.779507E-2
1.578412E-1	-1.779793E-2
1.579538E-1	-1.779014E-2
1.580613E-1	-1.779583E-2
1.582675E-1	-1.779930E-2
1.583015E-1	-1.779961E-2
1.584144E-1	-1.779360E-2
1.585462E-1	-1.779779E-2
1.586749E-1	-1.779815E-2
1.587834E-1	-1.779797E-2
1.589501E-1	-1.779529E-2
1.590664E-1	-1.779935E-2
1.591774E-1	-1.779821E-2
1.592760E-1	-1.779857E-2
1.593919E-1	-1.779553E-2
1.595511E-1	-1.780705E-2
1.596597E-1	-1.779872E-2
1.597540E-1	-1.780425E-2
1.598753E-1	-1.780106E-2
1.600687E-1	-1.780004E-2
1.601500E-1	-1.779894E-2
1.602897E-1	-1.780726E-2
1.603777E-1	-1.780121E-2
1.605168E-1	-1.780489E-2
1.606211E-1	-1.780387E-2
1.607472E-1	-1.780392E-2
1.608908E-1	-1.780368E-2
1.610052E-1	-1.779618E-2
1.611199E-1	-1.780089E-2
1.613130E-1	-1.780363E-2
1.613821E-1	-1.780241E-2
1.615060E-1	-1.780004E-2
1.616080E-1	-1.780014E-2
1.617424E-1	-1.780124E-2
1.618126E-1	-1.780577E-2
1.619551E-1	-1.780155E-2
1.620575E-1	-1.780409E-2
1.621840E-1	-1.780112E-2
1.623290E-1	-1.780223E-2
1.624603E-1	-1.779907E-2
1.625729E-1	-1.780408E-2
1.627335E-1	-1.780484E-2
1.628111E-1	-1.780449E-2
1.629393E-1	-1.779599E-2
1.630611E-1	-1.780401E-2
1.632030E-1	-1.781019E-2
1.633332E-1	-1.780525E-2
1.634513E-1	-1.780016E-2
1.636244E-1	-1.780936E-2
1.636842E-1	-1.780568E-2
1.637761E-1	-1.780892E-2
1.639321E-1	-1.780066E-2
1.640277E-1	-1.781215E-2
1.642262E-1	-1.780648E-2
1.642994E-1	-1.780249E-2
1.644307E-1	-1.780914E-2
1.645434E-1	-1.780545E-2
1.646765E-1	-1.780798E-2
1.648119E-1	-1.780711E-2
1.649057E-1	-1.780915E-2
1.650186E-1	-1.781628E-2
1.651448E-1	-1.781121E-2
1.652685E-1	-1.780032E-2
1.653785E-1	-1.781065E-2
1.655417E-1	-1.780729E-2
1.656504E-1	-1.781969E-2
1.657502E-1	-1.782621E-2
1.658983E-1	-1.781492E-2
1.659981E-1	-1.780440E-2
1.661347E-1	-1.780505E-2
1.662514E-1	-1.780155E-2
1.663752E-1	-1.780506E-2
1.665246E-1	-1.780800E-2
1.666241E-1	-1.780634E-2
1.667513E-1	-1.781081E-2
1.669362E-1	-1.781084E-2
1.669961E-1	-1.781469E-2
1.671135E-1	-1.781281E-2
1.672209E-1	-1.780754E-2
1.673669E-1	-1.780799E-2
1.675043E-1	-1.781177E-2
1.676253E-1	-1.781473E-2
1.677642E-1	-1.781571E-2
1.678624E-1	-1.780857E-2
1.679951E-1	-1.781636E-2
1.681163E-1	-1.780985E-2
1.682332E-1	-1.781523E-2
1.684135E-1	-1.780886E-2
1.684674E-1	-1.781478E-2
1.685671E-1	-1.781122E-2
1.687300E-1	-1.781592E-2
1.688325E-1	-1.781465E-2
1.689773E-1	-1.781445E-2
1.690771E-1	-1.781354E-2
1.692172E-1	-1.781266E-2
1.693397E-1	-1.781776E-2
1.694647E-1	-1.781349E-2
1.696059E-1	-1.780970E-2
1.697213E-1	-1.781012E-2
1.698374E-1	-1.781478E-2
1.699300E-1	-1.781782E-2
1.701368E-1	-1.782027E-2
1.702028E-1	-1.781415E-2
1.703230E-1	-1.781596E-2
1.704545E-1	-1.781514E-2
1.706263E-1	-1.781911E-2
1.709561E-1	-1.782457E-2
1.717853E-1	-1.782232E-2
1.720460E-1	-1.783603E-2
1.727203E-1	-1.786083E-2
1.733592E-1	-1.785811E-2
1.739380E-1	-1.784734E-2
1.745688E-1	-1.784579E-2
1.751832E-1	-1.783713E-2
1.758243E-1	-1.783410E-2
1.764427E-1	-1.783034E-2
1.770738E-1	-1.784615E-2
1.777053E-1	-1.784551E-2
1.783281E-1	-1.785575E-2
1.789909E-1	-1.785049E-2
1.796956E-1	-1.785217E-2
1.803211E-1	-1.786028E-2
1.813177E-1	-1.785149E-2
1.816290E-1	-1.785111E-2
1.822293E-1	-1.785661E-2
1.828551E-1	-1.786023E-2
1.835152E-1	-1.785789E-2
1.841523E-1	-1.785542E-2
1.848183E-1	-1.786069E-2
1.857856E-1	-1.785917E-2
1.860766E-1	-1.785839E-2
1.867556E-1	-1.786460E-2
1.873985E-1	-1.785591E-2
1.880506E-1	-1.786063E-2
1.887416E-1	-1.786499E-2
1.897548E-1	-1.786734E-2
1.900975E-1	-1.786805E-2
1.911536E-1	-1.787019E-2
1.915037E-1	-1.786367E-2
1.921447E-1	-1.786867E-2
1.928545E-1	-1.787200E-2
1.935379E-1	-1.786921E-2
1.942583E-1	-1.787707E-2
1.949892E-1	-1.787177E-2
1.960777E-1	-1.786859E-2
1.964385E-1	-1.787698E-2
1.972038E-1	-1.787621E-2
1.979463E-1	-1.787778E-2
1.986785E-1	-1.787891E-2
1.994431E-1	-1.787648E-2
2.001543E-1	-1.787285E-2
2.009589E-1	-1.788290E-2
2.016788E-1	-1.788321E-2
2.024267E-1	-1.788164E-2
2.035753E-1	-1.788082E-2
2.039513E-1	-1.787975E-2
2.047577E-1	-1.788087E-2
2.055015E-1	-1.788539E-2
2.062730E-1	-1.787986E-2
2.070371E-1	-1.788566E-2
2.078322E-1	-1.788459E-2
2.085864E-1	-1.788916E-2
2.094335E-1	-1.789177E-2
2.102676E-1	-1.789458E-2
2.110995E-1	-1.788969E-2
2.119180E-1	-1.789463E-2
2.126970E-1	-1.789494E-2
2.135342E-1	-1.790155E-2
2.143500E-1	-1.789493E-2
2.151334E-1	-1.790060E-2
2.159222E-1	-1.789782E-2
2.167603E-1	-1.790075E-2
2.175796E-1	-1.789475E-2
2.183791E-1	-1.790477E-2
2.192381E-1	-1.790327E-2
2.201035E-1	-1.790266E-2
2.209242E-1	-1.790622E-2
2.218009E-1	-1.790798E-2
2.226174E-1	-1.789819E-2
2.234798E-1	-1.790069E-2
2.243344E-1	-1.790936E-2
2.252127E-1	-1.791134E-2
2.261003E-1	-1.791042E-2
2.269993E-1	-1.791209E-2
2.278669E-1	-1.790901E-2
2.287262E-1	-1.791143E-2
2.296124E-1	-1.791467E-2
2.305223E-1	-1.792277E-2
2.314817E-1	-1.793314E-2
2.323679E-1	-1.792181E-2
2.332839E-1	-1.790852E-2
2.346692E-1	-1.791059E-2
2.351209E-1	-1.790474E-2
2.360577E-1	-1.790635E-2
2.369530E-1	-1.791218E-2
2.378624E-1	-1.792236E-2
2.388063E-1	-1.792072E-2
2.401331E-1	-1.792883E-2
2.416376E-1	-1.793044E-2
2.429691E-1	-1.792920E-2
2.441515E-1	-1.792547E-2
