-1.140862E-2	1.199696E-2
-1.140906E-2	1.201343E-2
-1.140900E-2	1.201576E-2
-1.140855E-2	1.201629E-2
-1.140863E-2	1.201351E-2
-1.140787E-2	1.200854E-2
-1.143919E-2	1.196442E-2
-1.144984E-2	1.184389E-2
-1.146527E-2	1.179589E-2
-1.146482E-2	1.179533E-2
-1.147249E-2	1.177000E-2
-1.148069E-2	1.173774E-2
-1.148053E-2	1.169391E-2
-1.150123E-2	1.166185E-2
-1.150041E-2	1.166074E-2
-1.151082E-2	1.162223E-2
-1.151084E-2	1.162140E-2
-1.153799E-2	1.144283E-2
-1.157026E-2	1.138946E-2
-1.156975E-2	1.139031E-2
-1.156977E-2	1.139107E-2
-1.156967E-2	1.138836E-2
-1.158128E-2	1.130441E-2
-1.159644E-2	1.121585E-2
-1.161907E-2	1.116169E-2
-1.162853E-2	1.108907E-2
-1.164218E-2	1.105400E-2
-1.166110E-2	1.094329E-2
-1.167295E-2	1.089091E-2
-1.168553E-2	1.080915E-2
-1.171491E-2	1.072680E-2
-1.172843E-2	1.063974E-2
-1.175066E-2	1.055082E-2
-1.175872E-2	1.052757E-2
-1.177206E-2	1.046683E-2
-1.178864E-2	1.041308E-2
-1.180094E-2	1.034238E-2
-1.182130E-2	1.027479E-2
-1.184725E-2	1.015296E-2
-1.187508E-2	1.008303E-2
-1.188306E-2	1.003937E-2
-1.190455E-2	1.004458E-2
-1.191699E-2	9.901369E-3
-1.193599E-2	9.851717E-3
-1.195553E-2	9.734441E-3
-1.197696E-2	9.654540E-3
-1.200359E-2	9.525529E-3
-1.202334E-2	9.499373E-3
-1.204439E-2	9.375901E-3
-1.208254E-2	9.327643E-3
-1.210807E-2	9.228364E-3
-1.212342E-2	9.124837E-3
-1.212337E-2	9.059060E-3
-1.214781E-2	8.971142E-3
-1.218572E-2	8.917061E-3
-1.220050E-2	8.779387E-3
-1.221585E-2	8.730122E-3
-1.223314E-2	8.609322E-3
-1.227343E-2	8.482570E-3
-1.229738E-2	8.355544E-3
-1.233950E-2	8.158923E-3
-1.237545E-2	8.039117E-3
-1.241213E-2	7.904089E-3
-1.242766E-2	7.782050E-3
-1.247312E-2	7.652664E-3
-1.250698E-2	7.549086E-3
-1.254420E-2	7.397044E-3
-1.257861E-2	7.238519E-3
-1.263291E-2	6.995240E-3
-1.268330E-2	6.832572E-3
-1.270022E-2	6.755060E-3
-1.272818E-2	6.598240E-3
-1.276816E-2	6.478912E-3
-1.281473E-2	6.316321E-3
-1.285516E-2	6.133602E-3
-1.290054E-2	6.091709E-3
-1.293180E-2	5.870209E-3
-1.295877E-2	5.731516E-3
-1.300207E-2	5.497635E-3
-1.304765E-2	5.293371E-3
-1.313021E-2	5.076222E-3
-1.316777E-2	4.928982E-3
-1.321806E-2	4.667087E-3
-1.326529E-2	4.479800E-3
-1.331489E-2	4.316189E-3
-1.335451E-2	4.193927E-3
-1.338964E-2	4.036036E-3
-1.342212E-2	3.868320E-3
-1.345955E-2	3.726064E-3
-1.350917E-2	3.543101E-3
-1.355732E-2	3.345421E-3
-1.360937E-2	3.120216E-3
-1.366215E-2	2.902693E-3
-1.370483E-2	2.671150E-3
-1.376884E-2	2.393620E-3
-1.383154E-2	2.169978E-3
-1.389417E-2	1.924528E-3
-1.396440E-2	1.686259E-3
-1.402773E-2	1.390022E-3
-1.409716E-2	1.032889E-3
-1.420541E-2	6.399170E-4
-1.429563E-2	3.675520E-4
-1.437154E-2	6.932700E-5
-1.447656E-2	-8.159200E-5
-1.450744E-2	-4.783210E-4
-1.457303E-2	-6.865490E-4
-1.462166E-2	-9.163620E-4
-1.468176E-2	-1.266797E-3
-1.478495E-2	-1.604526E-3
-1.487331E-2	-1.912175E-3
-1.493239E-2	-2.201894E-3
-1.503407E-2	-2.620170E-3
-1.512024E-2	-3.001148E-3
-1.521409E-2	-3.403105E-3
-1.532963E-2	-3.903864E-3
-1.543458E-2	-4.248153E-3
-1.553157E-2	-4.611483E-3
-1.562567E-2	-4.976027E-3
-1.571957E-2	-5.444407E-3
-1.583032E-2	-5.773977E-3
-1.592801E-2	-6.254004E-3
-1.605208E-2	-6.750851E-3
-1.616374E-2	-7.128034E-3
-1.624517E-2	-7.472682E-3
-1.634062E-2	-7.809972E-3
-1.646734E-2	-8.011681E-3
-1.652675E-2	-8.856767E-3
-1.669834E-2	-9.217554E-3
-1.682017E-2	-9.731274E-3
-1.694264E-2	-1.024024E-2
-1.706045E-2	-1.074324E-2
-1.718492E-2	-1.120676E-2
-1.728688E-2	-1.162258E-2
-1.740260E-2	-1.210446E-2
-1.762956E-2	-1.253620E-2
-1.768633E-2	-1.327880E-2
-1.778699E-2	-1.356652E-2
-1.790155E-2	-1.405997E-2
-1.802035E-2	-1.468162E-2
-1.816240E-2	-1.507747E-2
-1.828799E-2	-1.567719E-2
-1.838899E-2	-1.620322E-2
-1.853058E-2	-1.661254E-2
-1.870526E-2	-1.743302E-2
-1.900802E-2	-1.791610E-2
-1.920737E-2	-1.871397E-2
-1.930867E-2	-1.968674E-2
-1.939862E-2	-2.016186E-2
-1.955793E-2	-2.084594E-2
-1.972234E-2	-2.154695E-2
-1.991742E-2	-2.247583E-2
-2.017204E-2	-2.345654E-2
-2.038961E-2	-2.410947E-2
-2.059045E-2	-2.493409E-2
-2.080120E-2	-2.596088E-2
-2.105218E-2	-2.706884E-2
-2.132170E-2	-2.808669E-2
-2.157306E-2	-2.902787E-2
-2.178557E-2	-2.980751E-2
-2.208629E-2	-3.117760E-2
-2.239214E-2	-3.209620E-2
-2.254450E-2	-3.256777E-2
-2.266021E-2	-3.316343E-2
-2.278470E-2	-3.371535E-2
-2.292929E-2	-3.410506E-2
-2.307214E-2	-3.472953E-2
-2.322739E-2	-3.492844E-2
-2.327380E-2	-3.529105E-2
-2.327190E-2	-3.560644E-2
-2.344780E-2	-3.610877E-2
-2.355134E-2	-3.680335E-2
-2.374221E-2	-3.773377E-2
-2.399017E-2	-3.842406E-2
-2.420399E-2	-3.944176E-2
-2.435398E-2	-4.009128E-2
-2.463035E-2	-4.111966E-2
-2.482709E-2	-4.152269E-2
-2.490821E-2	-4.218959E-2
-2.501011E-2	-4.221075E-2
-2.501114E-2	-4.268294E-2
-2.518950E-2	-4.347282E-2
-2.542368E-2	-4.458758E-2
-2.589983E-2	-4.514372E-2
-2.605594E-2	-4.661362E-2
-2.611460E-2	-4.700646E-2
-2.631663E-2	-4.775191E-2
-2.658121E-2	-4.908764E-2
-2.698423E-2	-5.077339E-2
-2.744637E-2	-5.267860E-2
-2.795284E-2	-5.461342E-2
-2.825412E-2	-5.574473E-2
-2.862477E-2	-5.745203E-2
-2.903226E-2	-5.937831E-2
-2.940804E-2	-6.055713E-2
-2.979628E-2	-6.237485E-2
-3.031431E-2	-6.435053E-2
-3.076787E-2	-6.642211E-2
-3.130431E-2	-6.808252E-2
-3.181621E-2	-7.053767E-2
-3.253094E-2	-7.431457E-2
-3.338108E-2	-7.739641E-2
-3.417889E-2	-8.046780E-2
-3.494129E-2	-8.343032E-2
-3.561642E-2	-8.565580E-2
-3.634238E-2	-8.846335E-2
-3.697963E-2	-9.162480E-2
-3.831670E-2	-9.317189E-2
-3.864405E-2	-9.904847E-2
-3.950279E-2	-1.019166E-1
-4.053620E-2	-1.052395E-1
-4.131473E-2	-1.084570E-1
-4.185664E-2	-1.108639E-1
-4.283926E-2	-1.152138E-1
-4.406700E-2	-1.211760E-1
-4.532917E-2	-1.257360E-1
-4.673637E-2	-1.305752E-1
-4.750657E-2	-1.325408E-1
-4.785141E-2	-1.347028E-1
-4.860164E-2	-1.379576E-1
-4.931635E-2	-1.412320E-1
-5.036102E-2	-1.461825E-1
-5.182719E-2	-1.513051E-1
-5.285122E-2	-1.551619E-1
-5.377102E-2	-1.582399E-1
-5.447236E-2	-1.617408E-1
-5.530612E-2	-1.643566E-1
-5.616131E-2	-1.687526E-1
-5.714695E-2	-1.722566E-1
-5.806164E-2	-1.750574E-1
-5.868388E-2	-1.791658E-1
-5.983541E-2	-1.823203E-1
-6.081856E-2	-1.875480E-1
-6.233337E-2	-1.924033E-1
-6.333089E-2	-1.979724E-1
-6.467975E-2	-2.019087E-1
-6.550789E-2	-2.075650E-1
-6.762509E-2	-2.163028E-1
-6.960417E-2	-2.229710E-1
-7.105791E-2	-2.271493E-1
-7.208515E-2	-2.322251E-1
-7.362510E-2	-2.400732E-1
-7.560996E-2	-2.490495E-1
-7.820340E-2	-2.599667E-1
-8.070755E-2	-2.706754E-1
-8.317686E-2	-2.776837E-1
-8.562419E-2	-2.888480E-1
-8.768065E-2	-2.896031E-1
-8.838351E-2	-2.987188E-1
-9.007015E-2	-3.040856E-1
-9.259907E-2	-3.200191E-1
-9.686960E-2	-3.354194E-1
-9.986218E-2	-3.457963E-1
-1.011386E-1	-3.456065E-1
-1.011360E-1	-3.475337E-1
-1.018470E-1	-3.487936E-1
-1.014286E-1	-3.463179E-1
-1.010102E-1	-3.438820E-1
-1.000874E-1	-3.427772E-1
-1.001120E-1	-3.401553E-1
-9.964041E-2	-3.393702E-1
-9.956738E-2	-3.386560E-1
-9.927207E-2	-3.372556E-1
-9.897599E-2	-3.356501E-1
-9.825390E-2	-3.351733E-1
-9.807683E-2	-3.332148E-1
-9.801703E-2	-3.323303E-1
-9.766624E-2	-3.305991E-1
-9.714836E-2	-3.293365E-1
-9.684123E-2	-3.276672E-1
-9.639224E-2	-3.253903E-1
-9.582777E-2	-3.218483E-1
-9.503219E-2	-3.208936E-1
-9.490954E-2	-3.200602E-1
-9.448384E-2	-3.186458E-1
-9.397719E-2	-3.165469E-1
-9.363300E-2	-3.151442E-1
-9.337651E-2	-3.146329E-1
-9.327046E-2	-3.139221E-1
-9.165093E-2	-3.071996E-1
-9.077409E-2	-3.036810E-1
-8.998742E-2	-3.025062E-1
-8.958522E-2	-2.970901E-1
-8.870596E-2	-2.953632E-1
-8.813480E-2	-2.923893E-1
-8.755829E-2	-2.901895E-1
-8.713651E-2	-2.872260E-1
-8.550235E-2	-2.819453E-1
-8.495205E-2	-2.810825E-1
-8.490425E-2	-2.788940E-1
-8.400255E-2	-2.755992E-1
-8.314659E-2	-2.726425E-1
-8.267432E-2	-2.715865E-1
-8.239560E-2	-2.703928E-1
-8.207849E-2	-2.690207E-1
-8.145817E-2	-2.671137E-1
-8.004850E-2	-2.610815E-1
-7.921167E-2	-2.564498E-1
-7.819315E-2	-2.524241E-1
-7.738551E-2	-2.498858E-1
-7.672149E-2	-2.476865E-1
-7.619346E-2	-2.460564E-1
-7.476939E-2	-2.390462E-1
-7.374645E-2	-2.360404E-1
-7.281016E-2	-2.340937E-1
-7.225946E-2	-2.286578E-1
-7.102075E-2	-2.241615E-1
-7.037574E-2	-2.216170E-1
-6.916830E-2	-2.176871E-1
-6.869582E-2	-2.134524E-1
-6.723452E-2	-2.102572E-1
-6.663706E-2	-2.068662E-1
-6.571588E-2	-2.013874E-1
-6.430067E-2	-1.987491E-1
-6.430105E-2	-1.987685E-1
-6.430316E-2	-1.987650E-1
