1.000559E-1	8.972910E-3
1.006535E-1	8.972071E-3
1.006354E-1	8.970935E-3
1.007235E-1	8.971671E-3
1.007834E-1	8.972988E-3
1.006557E-1	8.970961E-3
1.008550E-1	8.971529E-3
1.009697E-1	8.973427E-3
1.010191E-1	8.973969E-3
1.011209E-1	8.970664E-3
1.014455E-1	8.969257E-3
1.012226E-1	8.969618E-3
1.011857E-1	8.970238E-3
1.013201E-1	8.970161E-3
1.013592E-1	8.973324E-3
1.013933E-1	8.970690E-3
1.014803E-1	8.972601E-3
1.014652E-1	8.974227E-3
1.014819E-1	8.974021E-3
1.016131E-1	8.974602E-3
1.014836E-1	8.973801E-3
1.013571E-1	8.974240E-3
1.015297E-1	8.974447E-3
1.015921E-1	8.972717E-3
1.016543E-1	8.974189E-3
1.015302E-1	8.975079E-3
1.016618E-1	8.975931E-3
1.017930E-1	8.975338E-3
1.015958E-1	8.974447E-3
1.018037E-1	8.973956E-3
1.017786E-1	8.973672E-3
1.017254E-1	8.976461E-3
1.016859E-1	8.975118E-3
1.018168E-1	8.974886E-3
1.019286E-1	8.974498E-3
1.021289E-1	8.975518E-3
1.021340E-1	8.976164E-3
1.021404E-1	8.975983E-3
1.020503E-1	8.975686E-3
1.021139E-1	8.974124E-3
1.021412E-1	8.975725E-3
1.022045E-1	8.976241E-3
1.020668E-1	8.977364E-3
1.019974E-1	8.976680E-3
1.022320E-1	8.977945E-3
1.022369E-1	8.976448E-3
1.023573E-1	8.976461E-3
1.023269E-1	8.976654E-3
1.022659E-1	8.975828E-3
1.022953E-1	8.975196E-3
1.024002E-1	8.976913E-3
1.023719E-1	8.976435E-3
1.024546E-1	8.976319E-3
1.025590E-1	8.976938E-3
1.026029E-1	8.975635E-3
1.026659E-1	8.976099E-3
1.026928E-1	8.976822E-3
1.028265E-1	8.977093E-3
1.028691E-1	8.975789E-3
1.028362E-1	8.975312E-3
1.028813E-1	8.976603E-3
1.028853E-1	8.976061E-3
1.028743E-1	8.975492E-3
1.030179E-1	8.976396E-3
1.030631E-1	8.977029E-3
1.029934E-1	8.978410E-3
1.030926E-1	8.975996E-3
1.032110E-1	8.976990E-3
1.030651E-1	8.977636E-3
1.030175E-1	8.977145E-3
1.031389E-1	8.977506E-3
1.033287E-1	8.974240E-3
1.034269E-1	8.975854E-3
1.033665E-1	8.976525E-3
1.033784E-1	8.977261E-3
1.032606E-1	8.977029E-3
1.032905E-1	8.978139E-3
1.035603E-1	8.977390E-3
1.034851E-1	8.979391E-3
1.036650E-1	8.977158E-3
1.035621E-1	8.977726E-3
1.035394E-1	8.976629E-3
1.035249E-1	8.977842E-3
1.035986E-1	8.978165E-3
1.035455E-1	8.979314E-3
1.036152E-1	8.979172E-3
1.037603E-1	8.978978E-3
1.037774E-1	8.978100E-3
1.040052E-1	8.979069E-3
1.036959E-1	8.977700E-3
1.036947E-1	8.979624E-3
1.038276E-1	8.978849E-3
1.040037E-1	8.979030E-3
1.040137E-1	8.979172E-3
1.039106E-1	8.978049E-3
1.038661E-1	8.978965E-3
1.040580E-1	8.978229E-3
1.040444E-1	8.979856E-3
1.041416E-1	8.978591E-3
1.041720E-1	8.979211E-3
1.041185E-1	8.979456E-3
1.040842E-1	8.977287E-3
1.041952E-1	8.975492E-3
1.040758E-1	8.973569E-3
1.042345E-1	8.964855E-3
1.044075E-1	8.965862E-3
1.040802E-1	8.964971E-3
1.043294E-1	8.975170E-3
1.042969E-1	8.972175E-3
1.043758E-1	8.969993E-3
1.046519E-1	8.968379E-3
1.044198E-1	8.967295E-3
1.045138E-1	8.965332E-3
1.045815E-1	8.966455E-3
1.046578E-1	8.965991E-3
1.046637E-1	8.975531E-3
1.047728E-1	8.975505E-3
1.049058E-1	8.977197E-3
1.047568E-1	8.979378E-3
1.048838E-1	8.979249E-3
1.048624E-1	8.979701E-3
1.048226E-1	8.980540E-3
1.048304E-1	8.979766E-3
1.049004E-1	8.980424E-3
1.047673E-1	8.980734E-3
1.049348E-1	8.980773E-3
1.051304E-1	8.980644E-3
1.051664E-1	8.979327E-3
1.051909E-1	8.979946E-3
1.050895E-1	8.981405E-3
1.053531E-1	8.980760E-3
1.053585E-1	8.979830E-3
1.053256E-1	8.981392E-3
1.053367E-1	8.980682E-3
1.051092E-1	8.980140E-3
1.051338E-1	8.979185E-3
1.053373E-1	8.980398E-3
1.052972E-1	8.980515E-3
1.053595E-1	8.979572E-3
1.054097E-1	8.978914E-3
1.054106E-1	8.981638E-3
1.056248E-1	8.981095E-3
1.055408E-1	8.981250E-3
1.055644E-1	8.981225E-3
1.057982E-1	8.980966E-3
1.056460E-1	8.981367E-3
1.058592E-1	8.982554E-3
1.058341E-1	8.981496E-3
1.057477E-1	8.981031E-3
1.056988E-1	8.981418E-3
1.058326E-1	8.981186E-3
1.056809E-1	8.980605E-3
1.060723E-1	8.981250E-3
1.060761E-1	8.980824E-3
1.058470E-1	8.980424E-3
1.061675E-1	8.979998E-3
1.061412E-1	8.980385E-3
1.059769E-1	8.981186E-3
1.060997E-1	8.980540E-3
1.059866E-1	8.981573E-3
1.059378E-1	8.981057E-3
1.061707E-1	8.981160E-3
1.061849E-1	8.981199E-3
1.061206E-1	8.980941E-3
1.062255E-1	8.981238E-3
1.063245E-1	8.981689E-3
1.065038E-1	8.980631E-3
1.064223E-1	8.981302E-3
1.064588E-1	8.980553E-3
1.064914E-1	8.981625E-3
1.063745E-1	8.981496E-3
1.066032E-1	8.981844E-3
1.066664E-1	8.981057E-3
1.064888E-1	8.979443E-3
1.066178E-1	8.981134E-3
1.067476E-1	8.982180E-3
1.067121E-1	8.981121E-3
1.067833E-1	8.981522E-3
1.066871E-1	8.981534E-3
1.068490E-1	8.980721E-3
1.068954E-1	8.983239E-3
1.068581E-1	8.982916E-3
1.067850E-1	8.982503E-3
1.069543E-1	8.981354E-3
1.070493E-1	8.981354E-3
1.069811E-1	8.980424E-3
1.070631E-1	8.981948E-3
1.071684E-1	8.983006E-3
1.070623E-1	8.982180E-3
1.070256E-1	8.981431E-3
1.069574E-1	8.981702E-3
1.070391E-1	8.981870E-3
1.071089E-1	8.982154E-3
1.073863E-1	8.981922E-3
1.073190E-1	8.981715E-3
1.072598E-1	8.982929E-3
1.073551E-1	8.983716E-3
1.073638E-1	8.983148E-3
1.072482E-1	8.983652E-3
1.073149E-1	8.983251E-3
1.073410E-1	8.982193E-3
1.075304E-1	8.982451E-3
1.075078E-1	8.980889E-3
1.075402E-1	8.976061E-3
1.075793E-1	8.970432E-3
1.074769E-1	8.978759E-3
1.075497E-1	8.967204E-3
1.075464E-1	8.969063E-3
1.076709E-1	8.968095E-3
1.076890E-1	8.979327E-3
1.077968E-1	8.978087E-3
1.077858E-1	8.978694E-3
1.077769E-1	8.978939E-3
1.079182E-1	8.979082E-3
1.077472E-1	8.978526E-3
1.077428E-1	8.979120E-3
1.079739E-1	8.979146E-3
1.080334E-1	8.979082E-3
1.080433E-1	8.979430E-3
1.080338E-1	8.978591E-3
1.080958E-1	8.979094E-3
1.080709E-1	8.979817E-3
1.079383E-1	8.979133E-3
1.081233E-1	8.978797E-3
1.081032E-1	8.979327E-3
1.082315E-1	8.979301E-3
1.082847E-1	8.978475E-3
1.083493E-1	8.978539E-3
1.084590E-1	8.979598E-3
1.084252E-1	8.979520E-3
1.084454E-1	8.977829E-3
1.082178E-1	8.978772E-3
1.085138E-1	8.979404E-3
1.087014E-1	8.979650E-3
1.085903E-1	8.979314E-3
1.087728E-1	8.979430E-3
1.087564E-1	8.979701E-3
1.087360E-1	8.979211E-3
1.086813E-1	8.978862E-3
1.087794E-1	8.979288E-3
1.085857E-1	8.979959E-3
1.086341E-1	8.979443E-3
1.085907E-1	8.980463E-3
1.087796E-1	8.980269E-3
1.086661E-1	8.979908E-3
1.088626E-1	8.979017E-3
1.089367E-1	8.979520E-3
1.088012E-1	8.980011E-3
1.090509E-1	8.979714E-3
1.090957E-1	8.980385E-3
1.091934E-1	8.980966E-3
1.091766E-1	8.980824E-3
1.091215E-1	8.979804E-3
1.091472E-1	8.979469E-3
1.090178E-1	8.980101E-3
1.091375E-1	8.979882E-3
1.091053E-1	8.979740E-3
1.090622E-1	8.979598E-3
1.090660E-1	8.980114E-3
1.093099E-1	8.980902E-3
1.095182E-1	8.980489E-3
1.094763E-1	8.980450E-3
1.093866E-1	8.979533E-3
1.094146E-1	8.979598E-3
1.093266E-1	8.979533E-3
1.094163E-1	8.980799E-3
1.094910E-1	8.980089E-3
1.095611E-1	8.980592E-3
1.096034E-1	8.981276E-3
1.097278E-1	8.980631E-3
1.097259E-1	8.980876E-3
1.094580E-1	8.980231E-3
1.094642E-1	8.980850E-3
1.097517E-1	8.980915E-3
1.096737E-1	8.980360E-3
1.096060E-1	8.981289E-3
1.096223E-1	8.980695E-3
1.096268E-1	8.981367E-3
1.099942E-1	8.980437E-3
1.099304E-1	8.981225E-3
1.099167E-1	8.981263E-3
1.099044E-1	8.980179E-3
1.099143E-1	8.981057E-3
1.098842E-1	8.981909E-3
1.099214E-1	8.980928E-3
1.098348E-1	8.979727E-3
1.101293E-1	8.981560E-3
1.100654E-1	8.980527E-3
1.101096E-1	8.980101E-3
1.100888E-1	8.980863E-3
1.101014E-1	8.982425E-3
1.104081E-1	8.981018E-3
1.102752E-1	8.979998E-3
1.102642E-1	8.981328E-3
1.102933E-1	8.979972E-3
1.101621E-1	8.980321E-3
1.101792E-1	8.980773E-3
1.101628E-1	8.980450E-3
1.104775E-1	8.980579E-3
1.106657E-1	8.980644E-3
1.105424E-1	8.981806E-3
1.104704E-1	8.980502E-3
1.102927E-1	8.980334E-3
1.104065E-1	8.980231E-3
1.105244E-1	8.980127E-3
1.106824E-1	8.979779E-3
1.105774E-1	8.980179E-3
1.106006E-1	8.981315E-3
1.107002E-1	8.980063E-3
1.108295E-1	8.980063E-3
1.108715E-1	8.980876E-3
1.107516E-1	8.980631E-3
1.108008E-1	8.980127E-3
1.109304E-1	8.980824E-3
1.108748E-1	8.980721E-3
1.110745E-1	8.980411E-3
1.109557E-1	8.980760E-3
1.109501E-1	8.980566E-3
1.109844E-1	8.980463E-3
1.112186E-1	8.980721E-3
1.110679E-1	8.981380E-3
1.111372E-1	8.980773E-3
1.110676E-1	8.981031E-3
1.111658E-1	8.981341E-3
1.111470E-1	8.982619E-3
1.111501E-1	8.981095E-3
1.112040E-1	8.981444E-3
1.113212E-1	8.981160E-3
1.112771E-1	8.981108E-3
1.113750E-1	8.980682E-3
1.115113E-1	8.980360E-3
1.115837E-1	8.980618E-3
1.114981E-1	8.981147E-3
1.113988E-1	8.980437E-3
1.113412E-1	8.981057E-3
1.112679E-1	8.980824E-3
1.114118E-1	8.981948E-3
1.116446E-1	8.982115E-3
1.115067E-1	8.982128E-3
1.116531E-1	8.982219E-3
1.116713E-1	8.982709E-3
1.115798E-1	8.982683E-3
1.116333E-1	8.982967E-3
1.116874E-1	8.981638E-3
1.117282E-1	8.982193E-3
1.116544E-1	8.982903E-3
1.115675E-1	8.981044E-3
1.116289E-1	8.980657E-3
1.118396E-1	8.981870E-3
1.117164E-1	8.977765E-3
1.118585E-1	8.976435E-3
1.120321E-1	8.978681E-3
1.119728E-1	8.979159E-3
1.119120E-1	8.980708E-3
1.117908E-1	8.981664E-3
1.118235E-1	8.980811E-3
1.119610E-1	8.981948E-3
1.120317E-1	8.981199E-3
1.120660E-1	8.982270E-3
1.118366E-1	8.981057E-3
1.119128E-1	8.981160E-3
1.121103E-1	8.982102E-3
1.122335E-1	8.980734E-3
1.121152E-1	8.981522E-3
1.123603E-1	8.980618E-3
1.124667E-1	8.980127E-3
1.123645E-1	8.980734E-3
1.123299E-1	8.981522E-3
1.124951E-1	8.981999E-3
1.123540E-1	8.981922E-3
1.124721E-1	8.981767E-3
1.125666E-1	8.981715E-3
1.124938E-1	8.982102E-3
1.125976E-1	8.982425E-3
1.124655E-1	8.982851E-3
1.126589E-1	8.982399E-3
1.125039E-1	8.983484E-3
1.124901E-1	8.982180E-3
1.126981E-1	8.981844E-3
1.127606E-1	8.981857E-3
1.128122E-1	8.982090E-3
1.128975E-1	8.983484E-3
1.127055E-1	8.981522E-3
1.126023E-1	8.981418E-3
1.128747E-1	8.980902E-3
1.127115E-1	8.982709E-3
1.128876E-1	8.981186E-3
1.130753E-1	8.981625E-3
1.130589E-1	8.981560E-3
1.130559E-1	8.981754E-3
1.129310E-1	8.981909E-3
1.131350E-1	8.981818E-3
1.130659E-1	8.981547E-3
1.129983E-1	8.981380E-3
1.130479E-1	8.981238E-3
1.131984E-1	8.981612E-3
1.131351E-1	8.982851E-3
1.133243E-1	8.982180E-3
1.133447E-1	8.982425E-3
1.131548E-1	8.981818E-3
1.131096E-1	8.981818E-3
1.131774E-1	8.983251E-3
1.133404E-1	8.982980E-3
1.133908E-1	8.981909E-3
1.134652E-1	8.982967E-3
1.135440E-1	8.983239E-3
1.135081E-1	8.981018E-3
1.133780E-1	8.982541E-3
1.135429E-1	8.982658E-3
1.133561E-1	8.982903E-3
1.132103E-1	8.982012E-3
1.134945E-1	8.982412E-3
1.135586E-1	8.982090E-3
1.136019E-1	8.981896E-3
1.136347E-1	8.982128E-3
1.138286E-1	8.982645E-3
1.136031E-1	8.982077E-3
1.136202E-1	8.982296E-3
1.137287E-1	8.981496E-3
1.139118E-1	8.980786E-3
1.139462E-1	8.981909E-3
1.138647E-1	8.982128E-3
1.139138E-1	8.982115E-3
1.138817E-1	8.981547E-3
1.138348E-1	8.983109E-3
1.138807E-1	8.983316E-3
1.139858E-1	8.982516E-3
1.140251E-1	8.982451E-3
1.140566E-1	8.982283E-3
1.142547E-1	8.982580E-3
1.142043E-1	8.981625E-3
1.141125E-1	8.982490E-3
1.140563E-1	8.982722E-3
1.139563E-1	8.982529E-3
1.140707E-1	8.982335E-3
1.141334E-1	8.981676E-3
1.142941E-1	8.982696E-3
1.142288E-1	8.982167E-3
1.143610E-1	8.981767E-3
1.144836E-1	8.981664E-3
1.143772E-1	8.982399E-3
1.144839E-1	8.982309E-3
1.144491E-1	8.981935E-3
1.143830E-1	8.982219E-3
1.145490E-1	8.981676E-3
1.145686E-1	8.981509E-3
1.145558E-1	8.981302E-3
1.146749E-1	8.980644E-3
1.147163E-1	8.981263E-3
1.147839E-1	8.981715E-3
1.148904E-1	8.981147E-3
1.148253E-1	8.982232E-3
1.146249E-1	8.981818E-3
1.146173E-1	8.981354E-3
1.146897E-1	8.980450E-3
1.146799E-1	8.982348E-3
1.145622E-1	8.981496E-3
1.147015E-1	8.981741E-3
1.146109E-1	8.981883E-3
1.147485E-1	8.981870E-3
1.146618E-1	8.981173E-3
1.146640E-1	8.980773E-3
1.146941E-1	8.981418E-3
1.148593E-1	8.981044E-3
1.151768E-1	8.982683E-3
1.150206E-1	8.982128E-3
1.150633E-1	8.982012E-3
1.151539E-1	8.981302E-3
1.150235E-1	8.982671E-3
1.151282E-1	8.981354E-3
1.151104E-1	8.983574E-3
1.149314E-1	8.981689E-3
1.151241E-1	8.981909E-3
1.152970E-1	8.981948E-3
1.152788E-1	8.982761E-3
1.153388E-1	8.982102E-3
1.153526E-1	8.982735E-3
1.152415E-1	8.982916E-3
1.152131E-1	8.982257E-3
1.152382E-1	8.982722E-3
1.151009E-1	8.984129E-3
1.152842E-1	8.983703E-3
1.154996E-1	8.981896E-3
1.155438E-1	8.984788E-3
1.155938E-1	8.983574E-3
1.157624E-1	8.983071E-3
1.156240E-1	8.983045E-3
1.157696E-1	8.984013E-3
1.157041E-1	8.982425E-3
1.157763E-1	8.983832E-3
1.157112E-1	8.983122E-3
1.156019E-1	8.983355E-3
1.156917E-1	8.981315E-3
1.155671E-1	8.982838E-3
1.157280E-1	8.981922E-3
1.158023E-1	8.983187E-3
1.158353E-1	8.983032E-3
1.157763E-1	8.982825E-3
1.157159E-1	8.982464E-3
1.156667E-1	8.981896E-3
1.157874E-1	8.982257E-3
1.156676E-1	8.983471E-3
1.157007E-1	8.981380E-3
1.157590E-1	8.982102E-3
1.157837E-1	8.981935E-3
1.159495E-1	8.981418E-3
1.161271E-1	8.982115E-3
1.161790E-1	8.981857E-3
1.160505E-1	8.981018E-3
1.159430E-1	8.983419E-3
1.160245E-1	8.981676E-3
1.162144E-1	8.982619E-3
1.162311E-1	8.983174E-3
1.164840E-1	8.981999E-3
1.162618E-1	8.982619E-3
1.163343E-1	8.981354E-3
1.162760E-1	8.982141E-3
1.162432E-1	8.982425E-3
1.163031E-1	8.982529E-3
1.163976E-1	8.982567E-3
1.166329E-1	8.982283E-3
1.163548E-1	8.982322E-3
1.164273E-1	8.981999E-3
1.164303E-1	8.981625E-3
1.163957E-1	8.981831E-3
1.166195E-1	8.981638E-3
1.166578E-1	8.983355E-3
1.166426E-1	8.984000E-3
1.168025E-1	8.982709E-3
1.167260E-1	8.984336E-3
1.166794E-1	8.983484E-3
1.167019E-1	8.982967E-3
1.165794E-1	8.982916E-3
1.165985E-1	8.983277E-3
1.165418E-1	8.983277E-3
1.168259E-1	8.982606E-3
1.168885E-1	8.982141E-3
1.168366E-1	8.983187E-3
1.168959E-1	8.983742E-3
1.169767E-1	8.982735E-3
1.169312E-1	8.983200E-3
1.169966E-1	8.982606E-3
1.170720E-1	8.981922E-3
1.168626E-1	8.982683E-3
1.168090E-1	8.983497E-3
1.171024E-1	8.982541E-3
1.170945E-1	8.983368E-3
1.169162E-1	8.983626E-3
1.169164E-1	8.984246E-3
1.170204E-1	8.982903E-3
1.168686E-1	8.982490E-3
1.168700E-1	8.983820E-3
1.169364E-1	8.984220E-3
1.171029E-1	8.982477E-3
1.172146E-1	8.982232E-3
1.173185E-1	8.982051E-3
1.172650E-1	8.981315E-3
1.171503E-1	8.982257E-3
1.170787E-1	8.982374E-3
1.172609E-1	8.983381E-3
1.173094E-1	8.983458E-3
1.174877E-1	8.982955E-3
1.172321E-1	8.983084E-3
1.171849E-1	8.982438E-3
1.175222E-1	8.982012E-3
1.175428E-1	8.982903E-3
1.177041E-1	8.983794E-3
1.175532E-1	8.981909E-3
1.176029E-1	8.982309E-3
1.176361E-1	8.982825E-3
1.176090E-1	8.982580E-3
1.177012E-1	8.983084E-3
1.176022E-1	8.983561E-3
1.175881E-1	8.982361E-3
1.176284E-1	8.982709E-3
1.176838E-1	8.982877E-3
1.177229E-1	8.982735E-3
1.177982E-1	8.983058E-3
1.176975E-1	8.983264E-3
1.176903E-1	8.982374E-3
1.178432E-1	8.982903E-3
1.178093E-1	8.982658E-3
1.178948E-1	8.984039E-3
1.181054E-1	8.982541E-3
1.180705E-1	8.982916E-3
1.180099E-1	8.982567E-3
1.178796E-1	8.983381E-3
1.178931E-1	8.983858E-3
1.179579E-1	8.982348E-3
1.180959E-1	8.983781E-3
1.180162E-1	8.983342E-3
1.180604E-1	8.982787E-3
1.181739E-1	8.984349E-3
1.183006E-1	8.983161E-3
1.180765E-1	8.984207E-3
1.181872E-1	8.984181E-3
1.182463E-1	8.983381E-3
1.181189E-1	8.983484E-3
1.180590E-1	8.984607E-3
1.182348E-1	8.983845E-3
1.183764E-1	8.984207E-3
1.183002E-1	8.984749E-3
1.184364E-1	8.983303E-3
1.186711E-1	8.983987E-3
1.186529E-1	8.985201E-3
1.186733E-1	8.984646E-3
1.186715E-1	8.983548E-3
1.185675E-1	8.984271E-3
1.188093E-1	8.983109E-3
1.185238E-1	8.984543E-3
1.185835E-1	8.982955E-3
1.186257E-1	8.983858E-3
1.188130E-1	8.983858E-3
1.188645E-1	8.983510E-3
1.186697E-1	8.983974E-3
1.187652E-1	8.983471E-3
1.188747E-1	8.984620E-3
1.186748E-1	8.982903E-3
1.186186E-1	8.983510E-3
1.186100E-1	8.983755E-3
1.187613E-1	8.984865E-3
1.188656E-1	8.983523E-3
1.188570E-1	8.984659E-3
1.188431E-1	8.985343E-3
1.187931E-1	8.984517E-3
1.190878E-1	8.986363E-3
1.189655E-1	8.984517E-3
1.188431E-1	8.983652E-3
1.189132E-1	8.984801E-3
1.188684E-1	8.983923E-3
1.190162E-1	8.985782E-3
1.192102E-1	8.983548E-3
1.189485E-1	8.983974E-3
1.192294E-1	8.984388E-3
1.191288E-1	8.984723E-3
1.192390E-1	8.985317E-3
1.192607E-1	8.983742E-3
1.193259E-1	8.985317E-3
1.193011E-1	8.985640E-3
1.193212E-1	8.984052E-3
1.193038E-1	8.984413E-3
1.191873E-1	8.984994E-3
1.191576E-1	8.985446E-3
1.191693E-1	8.985575E-3
1.193004E-1	8.984349E-3
1.191518E-1	8.985472E-3
1.193918E-1	8.984839E-3
1.192599E-1	8.984969E-3
1.193526E-1	8.984956E-3
1.193250E-1	8.983652E-3
1.194841E-1	8.985614E-3
1.194450E-1	8.984620E-3
1.194009E-1	8.984749E-3
1.195242E-1	8.985704E-3
1.196419E-1	8.984568E-3
1.196452E-1	8.983910E-3
1.197092E-1	8.983884E-3
1.196326E-1	8.984620E-3
1.195630E-1	8.983962E-3
1.196065E-1	8.983665E-3
1.195914E-1	8.984336E-3
1.195963E-1	8.984697E-3
1.194321E-1	8.985601E-3
1.193885E-1	8.984478E-3
1.197150E-1	8.984452E-3
1.198428E-1	8.984878E-3
1.199446E-1	8.983974E-3
1.198544E-1	8.983742E-3
1.198335E-1	8.984710E-3
1.199351E-1	8.984555E-3
1.199659E-1	8.985072E-3
1.199051E-1	8.985446E-3
1.199573E-1	8.984852E-3
1.200171E-1	8.983949E-3
1.200463E-1	8.985330E-3
1.200387E-1	8.985317E-3
1.199767E-1	8.983897E-3
1.199242E-1	8.984594E-3
1.200623E-1	8.985821E-3
1.201469E-1	8.983820E-3
1.201127E-1	8.984633E-3
1.201355E-1	8.984078E-3
1.201547E-1	8.984762E-3
1.202562E-1	8.984672E-3
1.201271E-1	8.985098E-3
1.201513E-1	8.984388E-3
1.202050E-1	8.984000E-3
1.204421E-1	8.984685E-3
1.203893E-1	8.984672E-3
1.202059E-1	8.984697E-3
1.201778E-1	8.985872E-3
1.203174E-1	8.985382E-3
1.204904E-1	8.986143E-3
1.204266E-1	8.985317E-3
1.203286E-1	8.985782E-3
1.204355E-1	8.984581E-3
1.205067E-1	8.984994E-3
1.204943E-1	8.983936E-3
1.205812E-1	8.985317E-3
1.207406E-1	8.984685E-3
1.206759E-1	8.984362E-3
1.206234E-1	8.984607E-3
1.204841E-1	8.985950E-3
1.205550E-1	8.984594E-3
1.205941E-1	8.983923E-3
1.205975E-1	8.985330E-3
1.206105E-1	8.985317E-3
1.208033E-1	8.984594E-3
1.205853E-1	8.983987E-3
1.206507E-1	8.984362E-3
1.207265E-1	8.985020E-3
1.207413E-1	8.983845E-3
1.208022E-1	8.984233E-3
1.207553E-1	8.984465E-3
1.207079E-1	8.983703E-3
1.207772E-1	8.984297E-3
1.208288E-1	8.984633E-3
1.208095E-1	8.986130E-3
1.209298E-1	8.985627E-3
1.211426E-1	8.986492E-3
1.210547E-1	8.985924E-3
1.208586E-1	8.985963E-3
1.211674E-1	8.985485E-3
1.211955E-1	8.985549E-3
1.210505E-1	8.984710E-3
1.209004E-1	8.985407E-3
1.209716E-1	8.985846E-3
1.213366E-1	8.985201E-3
1.211405E-1	8.985588E-3
1.213286E-1	8.985782E-3
1.212105E-1	8.985627E-3
1.211898E-1	8.986673E-3
1.211494E-1	8.984969E-3
1.209636E-1	8.984852E-3
1.214475E-1	8.985911E-3
1.214016E-1	8.985330E-3
1.211041E-1	8.985382E-3
1.212714E-1	8.986079E-3
1.213450E-1	8.985756E-3
1.213896E-1	8.984697E-3
1.213442E-1	8.985253E-3
1.213194E-1	8.984801E-3
1.213155E-1	8.985188E-3
1.213319E-1	8.985704E-3
1.213269E-1	8.983858E-3
1.213883E-1	8.984762E-3
1.215682E-1	8.984749E-3
1.214312E-1	8.985265E-3
1.215058E-1	8.983329E-3
1.214829E-1	8.984323E-3
1.215310E-1	8.985330E-3
1.215205E-1	8.985588E-3
1.216982E-1	8.985950E-3
1.215328E-1	8.985033E-3
1.215119E-1	8.985343E-3
1.215680E-1	8.985033E-3
1.216694E-1	8.984620E-3
1.217868E-1	8.985769E-3
1.216618E-1	8.984775E-3
1.217827E-1	8.984659E-3
1.216192E-1	8.984788E-3
1.216822E-1	8.985988E-3
1.217635E-1	8.985511E-3
1.218013E-1	8.985356E-3
1.218761E-1	8.985976E-3
1.218538E-1	8.985175E-3
1.220041E-1	8.985808E-3
1.217242E-1	8.985782E-3
1.218050E-1	8.985976E-3
1.220562E-1	8.985717E-3
1.219070E-1	8.985111E-3
1.217132E-1	8.985679E-3
1.218416E-1	8.985111E-3
1.219394E-1	8.984956E-3
1.220635E-1	8.985201E-3
1.221507E-1	8.985433E-3
1.221037E-1	8.984181E-3
1.219364E-1	8.985046E-3
1.222595E-1	8.986105E-3
1.222354E-1	8.985149E-3
1.221797E-1	8.984297E-3
1.220012E-1	8.984284E-3
1.219731E-1	8.985304E-3
1.222171E-1	8.985149E-3
1.222445E-1	8.984762E-3
1.223350E-1	8.985614E-3
1.221282E-1	8.985278E-3
1.222305E-1	8.984943E-3
1.221083E-1	8.984052E-3
1.221707E-1	8.985033E-3
1.221963E-1	8.984749E-3
1.222043E-1	8.985575E-3
1.222795E-1	8.985395E-3
1.224072E-1	8.984478E-3
1.223667E-1	8.985575E-3
1.223680E-1	8.987086E-3
1.222337E-1	8.985020E-3
1.225302E-1	8.984969E-3
1.226602E-1	8.984297E-3
1.225116E-1	8.985149E-3
1.225310E-1	8.985588E-3
1.225712E-1	8.985485E-3
1.226005E-1	8.985162E-3
1.225974E-1	8.984943E-3
1.225531E-1	8.985743E-3
1.224654E-1	8.985498E-3
1.225199E-1	8.985692E-3
1.226697E-1	8.985498E-3
1.226841E-1	8.983716E-3
1.227483E-1	8.985950E-3
1.228019E-1	8.984246E-3
1.228093E-1	8.983690E-3
1.227431E-1	8.985911E-3
1.227068E-1	8.984517E-3
1.227419E-1	8.985937E-3
1.228809E-1	8.985976E-3
1.228731E-1	8.986634E-3
1.228159E-1	8.985885E-3
1.227054E-1	8.986389E-3
1.228421E-1	8.986027E-3
1.226293E-1	8.985743E-3
1.228055E-1	8.984749E-3
1.228795E-1	8.983794E-3
1.227808E-1	8.985007E-3
1.230064E-1	8.985679E-3
1.230124E-1	8.984065E-3
1.230137E-1	8.984788E-3
1.230638E-1	8.985924E-3
1.230092E-1	8.984981E-3
1.231032E-1	8.988170E-3
1.231298E-1	8.985304E-3
1.230917E-1	8.985859E-3
1.229049E-1	8.986608E-3
1.228305E-1	8.985834E-3
1.231074E-1	8.987137E-3
1.231946E-1	8.985291E-3
1.233906E-1	8.988028E-3
1.234172E-1	8.986466E-3
1.231155E-1	8.986118E-3
1.232573E-1	8.987202E-3
1.232403E-1	8.986479E-3
1.232370E-1	8.986014E-3
1.232388E-1	8.985846E-3
1.232715E-1	8.986311E-3
1.233611E-1	8.985588E-3
1.234842E-1	8.987615E-3
1.233643E-1	8.986079E-3
1.235093E-1	8.986079E-3
1.236050E-1	8.986892E-3
1.234885E-1	8.985407E-3
1.235131E-1	8.986079E-3
1.234691E-1	8.984697E-3
1.233623E-1	8.986737E-3
1.233940E-1	8.986647E-3
1.234368E-1	8.985717E-3
1.236185E-1	8.985885E-3
1.235761E-1	8.986376E-3
1.237425E-1	8.987254E-3
1.236969E-1	8.987202E-3
1.235250E-1	8.985291E-3
1.236696E-1	8.986802E-3
1.234862E-1	8.985756E-3
1.234775E-1	8.985188E-3
1.236384E-1	8.985343E-3
1.235577E-1	8.984775E-3
1.235940E-1	8.985575E-3
1.237425E-1	8.985679E-3
1.236778E-1	8.985743E-3
1.236434E-1	8.985924E-3
1.238616E-1	8.985743E-3
1.237211E-1	8.986040E-3
1.236559E-1	8.985834E-3
1.235868E-1	8.985485E-3
1.238465E-1	8.986686E-3
1.238793E-1	8.986040E-3
1.238260E-1	8.986505E-3
1.240250E-1	8.985976E-3
1.241207E-1	8.984827E-3
1.238361E-1	8.985885E-3
1.236998E-1	8.985821E-3
1.238596E-1	8.985679E-3
1.237379E-1	8.986673E-3
1.239978E-1	8.986195E-3
1.239916E-1	8.987008E-3
1.242250E-1	8.987267E-3
1.241853E-1	8.987112E-3
1.241389E-1	8.986724E-3
1.241128E-1	8.986569E-3
1.239591E-1	8.985253E-3
1.241517E-1	8.987034E-3
1.241262E-1	8.986143E-3
1.241491E-1	8.986556E-3
1.241504E-1	8.987383E-3
1.240179E-1	8.987099E-3
1.241140E-1	8.986156E-3
1.243145E-1	8.985834E-3
1.242337E-1	8.986492E-3
1.242945E-1	8.989022E-3
1.241503E-1	8.987538E-3
1.243062E-1	8.987654E-3
1.243964E-1	8.987021E-3
1.242786E-1	8.988325E-3
1.244012E-1	8.988506E-3
1.242804E-1	8.987886E-3
1.243380E-1	8.989474E-3
1.241953E-1	8.989810E-3
1.245220E-1	8.990184E-3
1.244663E-1	8.990533E-3
1.245148E-1	8.988454E-3
1.245672E-1	8.989887E-3
1.243978E-1	8.990584E-3
1.245672E-1	8.990300E-3
1.244809E-1	8.990404E-3
1.244682E-1	8.990378E-3
1.245003E-1	8.991579E-3
1.244707E-1	8.992030E-3
1.244959E-1	8.991385E-3
1.244436E-1	8.990894E-3
1.246320E-1	8.991682E-3
1.247748E-1	8.992172E-3
1.247417E-1	8.991824E-3
1.246727E-1	8.993012E-3
1.247309E-1	8.992792E-3
1.246869E-1	8.993360E-3
1.249003E-1	8.993593E-3
1.246811E-1	8.993605E-3
1.247435E-1	8.994148E-3
1.247187E-1	8.993980E-3
1.245874E-1	8.994225E-3
1.247645E-1	8.995180E-3
1.248124E-1	8.994884E-3
1.249431E-1	8.995994E-3
1.247799E-1	8.996329E-3
1.247171E-1	8.995542E-3
1.245766E-1	8.997078E-3
1.248263E-1	8.996549E-3
1.246083E-1	8.998137E-3
1.246333E-1	8.997169E-3
1.246929E-1	8.998176E-3
1.249179E-1	8.999196E-3
1.250156E-1	8.998098E-3
1.252875E-1	8.997466E-3
1.252076E-1	8.998150E-3
1.251334E-1	8.999609E-3
1.252351E-1	9.000060E-3
1.250017E-1	8.999157E-3
1.250381E-1	9.001119E-3
1.249297E-1	9.001171E-3
1.251525E-1	9.000706E-3
1.250171E-1	9.000435E-3
1.249137E-1	9.000693E-3
1.250543E-1	9.002010E-3
1.249630E-1	9.001016E-3
1.249817E-1	9.001106E-3
1.249788E-1	9.001377E-3
1.252463E-1	9.002462E-3
1.252792E-1	9.003211E-3
1.252947E-1	9.003172E-3
1.252296E-1	9.004889E-3
1.251157E-1	9.003740E-3
1.252278E-1	9.004450E-3
1.251866E-1	9.004450E-3
1.252034E-1	9.005212E-3
1.251873E-1	9.005521E-3
1.252308E-1	9.005948E-3
1.251155E-1	9.007174E-3
1.254417E-1	9.006838E-3
1.253772E-1	9.007393E-3
1.254704E-1	9.007432E-3
1.255943E-1	9.007768E-3
1.253613E-1	9.007277E-3
1.254189E-1	9.006903E-3
1.253772E-1	9.007936E-3
1.252646E-1	9.007962E-3
1.254037E-1	9.006748E-3
1.254350E-1	9.009821E-3
1.254780E-1	9.009369E-3
1.254111E-1	9.010208E-3
1.254414E-1	9.009988E-3
1.255526E-1	9.011202E-3
1.258389E-1	9.011021E-3
1.256701E-1	9.010970E-3
1.254942E-1	9.011305E-3
1.255790E-1	9.011718E-3
1.257581E-1	9.011886E-3
1.256916E-1	9.012441E-3
1.256726E-1	9.013655E-3
1.253955E-1	9.014158E-3
1.254387E-1	9.013707E-3
1.255997E-1	9.013707E-3
1.256814E-1	9.013552E-3
1.257595E-1	9.014520E-3
1.258799E-1	9.015992E-3
1.258648E-1	9.015385E-3
1.257220E-1	9.015475E-3
1.258118E-1	9.016198E-3
1.258118E-1	9.016611E-3
1.257887E-1	9.016727E-3
1.257008E-1	9.017657E-3
1.257126E-1	9.017463E-3
1.258321E-1	9.016637E-3
1.259291E-1	9.017902E-3
1.260061E-1	9.017683E-3
1.259678E-1	9.017618E-3
1.259363E-1	9.018922E-3
1.259559E-1	9.015953E-3
1.258339E-1	9.018315E-3
1.260764E-1	9.017205E-3
1.259980E-1	9.020872E-3
1.261431E-1	9.019103E-3
1.261024E-1	9.020588E-3
1.259502E-1	9.021311E-3
1.258520E-1	9.022937E-3
1.259212E-1	9.022253E-3
1.258546E-1	9.022744E-3
1.258131E-1	9.023957E-3
1.260681E-1	9.024861E-3
1.263654E-1	9.025119E-3
1.262168E-1	9.026074E-3
1.262818E-1	9.025971E-3
1.261512E-1	9.025868E-3
1.259932E-1	9.027391E-3
1.260650E-1	9.027546E-3
1.261581E-1	9.028502E-3
1.260155E-1	9.026668E-3
1.262955E-1	9.028721E-3
1.262439E-1	9.030167E-3
1.263741E-1	9.029651E-3
1.263903E-1	9.030954E-3
1.263090E-1	9.031122E-3
1.262153E-1	9.032439E-3
1.262881E-1	9.032672E-3
1.262486E-1	9.032052E-3
1.260993E-1	9.031600E-3
1.262518E-1	9.032491E-3
1.264216E-1	9.033666E-3
1.264764E-1	9.034698E-3
1.264158E-1	9.035796E-3
1.263631E-1	9.035421E-3
1.264616E-1	9.036545E-3
1.264417E-1	9.038649E-3
1.266248E-1	9.038855E-3
1.266911E-1	9.038791E-3
1.264551E-1	9.039669E-3
1.264068E-1	9.039217E-3
1.265136E-1	9.040456E-3
1.261984E-1	9.041618E-3
1.264674E-1	9.041657E-3
1.265754E-1	9.042096E-3
1.267239E-1	9.044213E-3
1.265738E-1	9.043736E-3
1.266634E-1	9.043826E-3
1.267342E-1	9.044885E-3
1.268759E-1	9.045801E-3
1.267015E-1	9.045943E-3
1.267862E-1	9.049326E-3
1.265991E-1	9.047957E-3
1.266655E-1	9.047118E-3
1.266263E-1	9.050978E-3
1.266829E-1	9.049855E-3
1.266977E-1	9.051701E-3
1.268380E-1	9.052334E-3
1.267919E-1	9.052579E-3
1.266163E-1	9.053896E-3
1.267091E-1	9.053496E-3
1.269084E-1	9.053754E-3
1.269204E-1	9.054774E-3
1.268434E-1	9.055639E-3
1.270743E-1	9.056065E-3
1.269808E-1	9.056891E-3
1.269187E-1	9.056943E-3
1.269633E-1	9.057627E-3
1.269702E-1	9.058492E-3
1.270443E-1	9.058789E-3
1.270810E-1	9.060893E-3
1.269573E-1	9.061138E-3
1.268141E-1	9.061345E-3
1.269207E-1	9.060867E-3
1.271201E-1	9.061706E-3
1.269479E-1	9.062287E-3
1.270481E-1	9.064572E-3
1.270289E-1	9.063307E-3
1.270455E-1	9.064276E-3
1.269859E-1	9.065618E-3
1.269378E-1	9.065141E-3
1.271200E-1	9.066470E-3
1.272721E-1	9.065980E-3
1.271402E-1	9.066612E-3
1.268955E-1	9.066341E-3
1.270863E-1	9.067981E-3
1.271004E-1	9.068665E-3
1.270179E-1	9.068665E-3
1.271670E-1	9.068329E-3
1.272764E-1	9.068613E-3
1.272015E-1	9.069995E-3
1.273963E-1	9.071312E-3
1.273791E-1	9.071505E-3
1.271915E-1	9.071170E-3
1.273478E-1	9.071557E-3
1.273042E-1	9.072073E-3
1.273741E-1	9.072809E-3
1.271234E-1	9.073958E-3
1.273089E-1	9.074229E-3
1.272035E-1	9.075223E-3
1.271081E-1	9.075081E-3
1.270992E-1	9.075094E-3
1.272555E-1	9.074539E-3
1.272091E-1	9.075301E-3
1.272819E-1	9.076940E-3
1.273788E-1	9.076876E-3
1.274219E-1	9.076605E-3
1.274144E-1	9.077018E-3
1.273016E-1	9.078244E-3
1.274402E-1	9.078361E-3
1.274504E-1	9.078051E-3
1.273656E-1	9.079148E-3
1.273888E-1	9.078722E-3
1.275173E-1	9.079781E-3
1.275745E-1	9.081524E-3
1.276126E-1	9.080065E-3
1.276612E-1	9.081433E-3
1.275150E-1	9.081975E-3
1.277276E-1	9.082130E-3
1.277286E-1	9.082350E-3
1.276918E-1	9.084118E-3
1.276906E-1	9.083847E-3
1.273498E-1	9.083796E-3
1.276577E-1	9.083989E-3
1.277477E-1	9.084338E-3
1.276853E-1	9.085203E-3
1.277412E-1	9.082401E-3
1.278142E-1	9.089360E-3
1.276643E-1	9.091761E-3
1.277090E-1	9.089218E-3
1.276882E-1	9.083395E-3
1.274547E-1	9.082647E-3
1.276255E-1	9.083473E-3
1.276630E-1	9.083421E-3
1.277061E-1	9.082634E-3
1.277903E-1	9.082892E-3
1.277116E-1	9.083189E-3
1.275600E-1	9.082117E-3
1.276615E-1	9.082543E-3
1.277252E-1	9.081666E-3
1.278646E-1	9.083228E-3
1.278790E-1	9.083266E-3
1.280158E-1	9.085087E-3
1.276736E-1	9.083667E-3
1.276662E-1	9.084364E-3
1.280004E-1	9.083486E-3
1.279477E-1	9.085074E-3
1.278484E-1	9.083925E-3
1.278573E-1	9.085603E-3
1.279352E-1	9.085384E-3
1.280711E-1	9.086597E-3
1.280743E-1	9.086894E-3
1.279542E-1	9.087423E-3
1.279680E-1	9.086920E-3
1.279331E-1	9.088469E-3
1.280470E-1	9.088185E-3
1.278938E-1	9.086713E-3
1.281178E-1	9.089179E-3
1.279877E-1	9.088947E-3
1.281762E-1	9.089425E-3
1.282255E-1	9.090160E-3
1.283118E-1	9.089515E-3
1.280746E-1	9.090044E-3
1.279940E-1	9.091787E-3
1.281983E-1	9.091529E-3
1.282386E-1	9.093401E-3
1.280643E-1	9.092781E-3
1.282667E-1	9.095324E-3
1.281725E-1	9.095544E-3
1.281987E-1	9.095918E-3
1.281711E-1	9.097945E-3
1.279556E-1	9.096861E-3
1.284065E-1	9.098487E-3
1.282974E-1	9.099572E-3
1.280700E-1	9.099055E-3
1.282602E-1	9.099314E-3
1.284528E-1	9.102270E-3
1.282326E-1	9.099830E-3
1.283415E-1	9.101057E-3
1.282549E-1	9.102115E-3
1.283905E-1	9.103561E-3
1.283003E-1	9.102735E-3
1.282707E-1	9.103690E-3
1.283239E-1	9.104839E-3
1.283896E-1	9.102877E-3
1.285098E-1	9.104684E-3
1.285180E-1	9.104904E-3
1.283864E-1	9.106221E-3
1.284532E-1	9.105614E-3
1.284685E-1	9.106311E-3
1.283902E-1	9.107821E-3
1.283715E-1	9.107925E-3
1.284289E-1	9.107163E-3
1.283952E-1	9.107370E-3
1.283795E-1	9.109164E-3
1.286302E-1	9.108648E-3
1.285031E-1	9.109461E-3
1.284316E-1	9.109655E-3
1.285717E-1	9.109319E-3
1.285150E-1	9.109319E-3
1.284859E-1	9.111423E-3
1.284357E-1	9.110972E-3
1.285145E-1	9.112108E-3
1.286303E-1	9.111359E-3
1.287326E-1	9.112405E-3
1.286735E-1	9.112456E-3
1.286638E-1	9.112960E-3
1.285837E-1	9.113941E-3
1.285082E-1	9.113566E-3
1.286312E-1	9.113709E-3
1.286239E-1	9.114057E-3
1.284745E-1	9.114651E-3
1.287572E-1	9.115284E-3
1.286617E-1	9.115580E-3
1.288853E-1	9.115400E-3
1.287572E-1	9.116265E-3
1.286790E-1	9.116807E-3
1.287612E-1	9.117298E-3
1.286966E-1	9.118175E-3
1.287976E-1	9.117440E-3
1.288912E-1	9.117917E-3
1.286903E-1	9.117414E-3
1.285620E-1	9.119441E-3
1.287725E-1	9.121029E-3
1.288716E-1	9.121338E-3
1.289990E-1	9.120318E-3
1.291071E-1	9.120564E-3
1.289614E-1	9.121390E-3
1.290003E-1	9.120228E-3
1.286932E-1	9.122358E-3
1.284231E-1	9.122784E-3
1.289365E-1	9.123533E-3
1.291047E-1	9.124101E-3
1.290206E-1	9.123249E-3
1.287102E-1	9.125676E-3
1.289410E-1	9.124579E-3
1.290144E-1	9.124734E-3
1.290515E-1	9.124772E-3
1.290114E-1	9.125302E-3
1.289785E-1	9.125444E-3
1.289710E-1	9.127290E-3
1.289170E-1	9.127148E-3
1.290236E-1	9.126774E-3
1.291003E-1	9.129084E-3
1.291448E-1	9.127277E-3
1.290011E-1	9.127651E-3
1.290549E-1	9.128775E-3
1.291981E-1	9.129278E-3
1.290604E-1	9.129601E-3
1.291483E-1	9.130556E-3
1.291055E-1	9.130724E-3
1.290591E-1	9.130130E-3
1.290439E-1	9.130130E-3
1.291134E-1	9.129937E-3
1.291386E-1	9.130866E-3
1.291371E-1	9.132389E-3
1.290444E-1	9.131886E-3
1.290583E-1	9.132144E-3
1.292257E-1	9.133048E-3
1.290068E-1	9.133655E-3
1.289868E-1	9.133848E-3
1.291996E-1	9.133629E-3
1.291241E-1	9.134339E-3
1.292438E-1	9.134507E-3
1.291853E-1	9.136637E-3
1.292321E-1	9.135514E-3
1.292430E-1	9.136611E-3
1.291625E-1	9.136559E-3
1.291656E-1	9.137515E-3
1.294194E-1	9.139516E-3
1.295517E-1	9.138535E-3
1.291851E-1	9.138754E-3
1.291121E-1	9.138083E-3
1.291267E-1	9.138496E-3
1.294526E-1	9.139451E-3
1.295798E-1	9.140342E-3
1.295432E-1	9.140278E-3
1.294811E-1	9.141039E-3
1.294871E-1	9.142150E-3
1.294037E-1	9.141181E-3
1.295078E-1	9.142446E-3
1.294884E-1	9.144151E-3
1.293535E-1	9.143686E-3
1.292664E-1	9.143905E-3
1.294769E-1	9.145041E-3
1.295150E-1	9.144435E-3
1.295127E-1	9.145338E-3
1.293842E-1	9.147120E-3
1.294184E-1	9.146707E-3
1.295927E-1	9.147172E-3
1.295816E-1	9.147985E-3
1.297478E-1	9.146926E-3
1.295021E-1	9.148514E-3
1.295705E-1	9.148114E-3
1.293917E-1	9.148914E-3
1.293984E-1	9.150335E-3
1.295937E-1	9.149495E-3
1.296624E-1	9.150477E-3
1.295284E-1	9.151406E-3
1.294979E-1	9.150774E-3
1.294155E-1	9.152813E-3
1.296847E-1	9.152813E-3
1.295485E-1	9.152788E-3
1.296811E-1	9.155886E-3
1.296300E-1	9.154918E-3
1.297556E-1	9.156286E-3
1.296449E-1	9.155628E-3
1.297454E-1	9.157706E-3
1.298246E-1	9.157164E-3
1.298656E-1	9.157706E-3
1.298444E-1	9.160947E-3
1.297376E-1	9.160288E-3
1.297418E-1	9.161825E-3
1.298933E-1	9.161411E-3
1.297223E-1	9.162122E-3
1.299418E-1	9.163283E-3
1.299206E-1	9.163864E-3
1.297522E-1	9.165362E-3
1.295877E-1	9.167208E-3
1.295861E-1	9.167079E-3
1.295856E-1	9.166601E-3
1.297105E-1	9.167931E-3
1.296823E-1	9.168719E-3
1.298113E-1	9.168757E-3
1.296491E-1	9.170010E-3
1.298757E-1	9.170629E-3
1.296076E-1	9.172295E-3
1.298771E-1	9.174038E-3
1.299215E-1	9.174296E-3
1.297931E-1	9.176465E-3
1.298310E-1	9.176400E-3
1.297874E-1	9.177188E-3
1.299876E-1	9.179163E-3
1.298580E-1	9.180118E-3
1.297905E-1	9.181099E-3
1.300012E-1	9.181952E-3
1.298630E-1	9.183139E-3
1.298377E-1	9.184275E-3
1.299152E-1	9.186122E-3
1.298393E-1	9.185437E-3
1.299142E-1	9.188200E-3
1.299341E-1	9.189685E-3
1.298372E-1	9.190279E-3
1.299038E-1	9.191879E-3
1.299939E-1	9.192383E-3
1.301446E-1	9.193777E-3
1.300850E-1	9.197250E-3
1.300008E-1	9.196204E-3
1.300110E-1	9.198670E-3
1.301109E-1	9.198928E-3
1.302078E-1	9.202311E-3
1.302236E-1	9.203511E-3
1.302425E-1	9.205964E-3
1.301785E-1	9.205358E-3
1.303161E-1	9.209256E-3
1.302362E-1	9.210599E-3
1.300163E-1	9.211438E-3
1.300734E-1	9.213233E-3
1.301393E-1	9.213323E-3
1.301426E-1	9.217196E-3
1.301299E-1	9.219352E-3
1.299737E-1	9.219559E-3
1.299883E-1	9.220747E-3
1.301971E-1	9.224155E-3
1.303422E-1	9.226737E-3
1.303454E-1	9.226414E-3
1.302242E-1	9.229487E-3
1.301134E-1	9.231901E-3
1.302375E-1	9.232185E-3
1.302243E-1	9.234560E-3
1.302250E-1	9.237349E-3
1.302591E-1	9.239350E-3
1.302323E-1	9.242022E-3
1.303189E-1	9.242991E-3
1.304666E-1	9.245999E-3
1.303175E-1	9.247032E-3
1.302811E-1	9.249484E-3
1.300328E-1	9.251873E-3
1.301853E-1	9.255294E-3
1.303485E-1	9.256598E-3
1.302633E-1	9.258806E-3
1.304832E-1	9.261349E-3
1.304022E-1	9.263544E-3
1.303929E-1	9.267572E-3
1.304064E-1	9.267468E-3
1.302515E-1	9.272284E-3
1.302787E-1	9.273484E-3
1.302031E-1	9.276931E-3
1.303158E-1	9.278752E-3
1.301545E-1	9.281089E-3
1.304512E-1	9.282341E-3
1.304446E-1	9.286846E-3
1.303680E-1	9.287673E-3
1.306173E-1	9.290358E-3
1.304846E-1	9.294050E-3
1.305772E-1	9.295754E-3
1.304047E-1	9.297200E-3
1.305351E-1	9.303655E-3
1.305267E-1	9.302674E-3
1.304459E-1	9.306573E-3
1.304488E-1	9.309555E-3
1.304197E-1	9.311841E-3
1.304266E-1	9.313984E-3
1.305086E-1	9.317301E-3
1.304697E-1	9.320116E-3
1.302976E-1	9.323524E-3
1.304624E-1	9.324673E-3
1.306795E-1	9.328094E-3
1.307113E-1	9.329527E-3
1.306257E-1	9.333052E-3
1.306173E-1	9.337519E-3
1.305449E-1	9.340191E-3
1.306924E-1	9.339972E-3
1.308599E-1	9.341134E-3
1.309234E-1	9.345484E-3
1.307128E-1	9.349435E-3
1.306454E-1	9.350752E-3
1.306090E-1	9.354379E-3
1.305817E-1	9.357646E-3
1.307672E-1	9.357375E-3
1.306740E-1	9.361209E-3
1.306371E-1	9.364695E-3
1.307727E-1	9.367729E-3
1.306038E-1	9.368413E-3
1.306772E-1	9.372028E-3
1.305382E-1	9.374248E-3
1.306241E-1	9.376714E-3
1.304797E-1	9.377966E-3
1.306902E-1	9.380639E-3
1.308745E-1	9.380768E-3
1.309221E-1	9.386784E-3
1.307202E-1	9.385880E-3
1.306288E-1	9.389572E-3
1.306503E-1	9.392735E-3
1.308178E-1	9.393019E-3
1.306892E-1	9.397112E-3
1.306721E-1	9.398390E-3
1.310064E-1	9.398622E-3
1.311451E-1	9.399565E-3
1.310997E-1	9.404368E-3
1.308782E-1	9.406046E-3
1.307291E-1	9.404148E-3
1.307583E-1	9.408692E-3
1.307526E-1	9.411907E-3
1.308806E-1	9.413572E-3
1.309050E-1	9.413805E-3
1.310214E-1	9.415302E-3
1.308735E-1	9.417174E-3
1.309709E-1	9.417497E-3
1.308798E-1	9.421796E-3
1.311336E-1	9.423423E-3
1.309535E-1	9.422829E-3
1.307818E-1	9.424417E-3
1.306714E-1	9.425037E-3
1.309973E-1	9.427167E-3
1.311428E-1	9.426844E-3
1.309943E-1	9.428703E-3
1.308981E-1	9.431208E-3
1.310068E-1	9.428897E-3
1.310640E-1	9.432034E-3
1.310937E-1	9.434151E-3
1.309926E-1	9.435584E-3
1.310795E-1	9.436062E-3
1.310939E-1	9.436333E-3
1.310331E-1	9.436656E-3
1.310472E-1	9.438192E-3
1.312094E-1	9.437921E-3
1.312988E-1	9.439806E-3
1.313588E-1	9.440671E-3
1.311841E-1	9.441549E-3
1.309241E-1	9.442078E-3
1.310331E-1	9.441897E-3
1.308926E-1	9.442969E-3
1.310749E-1	9.446351E-3
1.311756E-1	9.447462E-3
1.309900E-1	9.446597E-3
1.311473E-1	9.445667E-3
1.309816E-1	9.447384E-3
1.309417E-1	9.448817E-3
1.309926E-1	9.450147E-3
1.309370E-1	9.449153E-3
1.310654E-1	9.450534E-3
1.310634E-1	9.452419E-3
1.312945E-1	9.453374E-3
1.312762E-1	9.454214E-3
1.312053E-1	9.453994E-3
1.312535E-1	9.452522E-3
1.308620E-1	9.454214E-3
1.309236E-1	9.457170E-3
1.313084E-1	9.455208E-3
1.311611E-1	9.456654E-3
1.311451E-1	9.458112E-3
1.310286E-1	9.456266E-3
1.310848E-1	9.456654E-3
1.311966E-1	9.459287E-3
1.311346E-1	9.459545E-3
1.311409E-1	9.459429E-3
1.311166E-1	9.460256E-3
1.311055E-1	9.460307E-3
1.311603E-1	9.461469E-3
1.311853E-1	9.461650E-3
1.312950E-1	9.461224E-3
1.312370E-1	9.461456E-3
1.312678E-1	9.464271E-3
1.311840E-1	9.462631E-3
1.312381E-1	9.464180E-3
1.311480E-1	9.463780E-3
1.313271E-1	9.463857E-3
1.314940E-1	9.465432E-3
1.314342E-1	9.466711E-3
1.314775E-1	9.464374E-3
1.313758E-1	9.465032E-3
1.315422E-1	9.465368E-3
1.313891E-1	9.467382E-3
1.314128E-1	9.465200E-3
1.314042E-1	9.468815E-3
1.312827E-1	9.468027E-3
1.313391E-1	9.468157E-3
1.312070E-1	9.467821E-3
1.314492E-1	9.470016E-3
1.314008E-1	9.468570E-3
1.314713E-1	9.471113E-3
1.314079E-1	9.470919E-3
1.314748E-1	9.471152E-3
1.313737E-1	9.470713E-3
1.312979E-1	9.470325E-3
1.313674E-1	9.469719E-3
1.314627E-1	9.470881E-3
1.315062E-1	9.470635E-3
1.315189E-1	9.470751E-3
1.313598E-1	9.473734E-3
1.314097E-1	9.471087E-3
1.314876E-1	9.473527E-3
1.314388E-1	9.472688E-3
1.314805E-1	9.471733E-3
1.313393E-1	9.472120E-3
1.315361E-1	9.471500E-3
1.314541E-1	9.472494E-3
1.315911E-1	9.474340E-3
1.315231E-1	9.473630E-3
1.316176E-1	9.473308E-3
1.317570E-1	9.474018E-3
1.316834E-1	9.475180E-3
1.315428E-1	9.477142E-3
1.315180E-1	9.476613E-3
1.315564E-1	9.475838E-3
1.315464E-1	9.474818E-3
1.316459E-1	9.476561E-3
1.315807E-1	9.475257E-3
1.317032E-1	9.476806E-3
1.315415E-1	9.479053E-3
1.315439E-1	9.477181E-3
1.315280E-1	9.477813E-3
1.314894E-1	9.480228E-3
1.314792E-1	9.479918E-3
1.315808E-1	9.480641E-3
1.315765E-1	9.479556E-3
1.315457E-1	9.480098E-3
1.315941E-1	9.479530E-3
1.318443E-1	9.480679E-3
1.315546E-1	9.482254E-3
1.314045E-1	9.481906E-3
1.315719E-1	9.482939E-3
1.316218E-1	9.481661E-3
1.317336E-1	9.484488E-3
1.317184E-1	9.483558E-3
1.316207E-1	9.483855E-3
1.316834E-1	9.485611E-3
1.316353E-1	9.487754E-3
1.316554E-1	9.481996E-3
1.318654E-1	9.473579E-3
1.319976E-1	9.473785E-3
1.318545E-1	9.481867E-3
1.316807E-1	9.485172E-3
1.316247E-1	9.475012E-3
1.317709E-1	9.491614E-3
1.317275E-1	9.492105E-3
1.318937E-1	9.494571E-3
1.319268E-1	9.494829E-3
1.317351E-1	9.496197E-3
1.316059E-1	9.496030E-3
1.317426E-1	9.498470E-3
1.317325E-1	9.495746E-3
1.317087E-1	9.498521E-3
1.317456E-1	9.501052E-3
1.315401E-1	9.500664E-3
1.315393E-1	9.503466E-3
1.317192E-1	9.503505E-3
1.318485E-1	9.506784E-3
1.318154E-1	9.506164E-3
1.317107E-1	9.508733E-3
1.316168E-1	9.509676E-3
1.317578E-1	9.510773E-3
1.318154E-1	9.511702E-3
1.317553E-1	9.514620E-3
1.318420E-1	9.515446E-3
1.318658E-1	9.517370E-3
1.319733E-1	9.516582E-3
1.318858E-1	9.517589E-3
1.319386E-1	9.519461E-3
1.318302E-1	9.520623E-3
1.320622E-1	9.524174E-3
1.320652E-1	9.524199E-3
1.320194E-1	9.527621E-3
1.318585E-1	9.525994E-3
1.318755E-1	9.528860E-3
1.319621E-1	9.528563E-3
1.318997E-1	9.531274E-3
1.317557E-1	9.532449E-3
1.319771E-1	9.533792E-3
1.320056E-1	9.534850E-3
1.318498E-1	9.536606E-3
1.318349E-1	9.538323E-3
1.319784E-1	9.540131E-3
1.321525E-1	9.542351E-3
1.318905E-1	9.542183E-3
1.318825E-1	9.545269E-3
1.319683E-1	9.545166E-3
1.320588E-1	9.548471E-3
1.321501E-1	9.550769E-3
1.321173E-1	9.549671E-3
1.320457E-1	9.552976E-3
1.320542E-1	9.554061E-3
1.320031E-1	9.555933E-3
1.320209E-1	9.554771E-3
1.319428E-1	9.558592E-3
1.317307E-1	9.559031E-3
1.319134E-1	9.561549E-3
1.319841E-1	9.563937E-3
1.320504E-1	9.564712E-3
1.321503E-1	9.567384E-3
1.321771E-1	9.567823E-3
1.319924E-1	9.569450E-3
1.320476E-1	9.569062E-3
1.321764E-1	9.571748E-3
1.321873E-1	9.575272E-3
1.321060E-1	9.577079E-3
1.322094E-1	9.576176E-3
1.321024E-1	9.577286E-3
1.320585E-1	9.581805E-3
1.320254E-1	9.581624E-3
1.322478E-1	9.582902E-3
1.323032E-1	9.583831E-3
1.321796E-1	9.586646E-3
1.321302E-1	9.586465E-3
1.320699E-1	9.590506E-3
1.321551E-1	9.589680E-3
1.322656E-1	9.589525E-3
1.322008E-1	9.590893E-3
1.323160E-1	9.596070E-3
1.322423E-1	9.594508E-3
1.320806E-1	9.596922E-3
1.321719E-1	9.599130E-3
1.320036E-1	9.608451E-3
1.323223E-1	9.617630E-3
1.323614E-1	9.607780E-3
1.321878E-1	9.606424E-3
1.320907E-1	9.608012E-3
1.319885E-1	9.611885E-3
1.319635E-1	9.626357E-3
1.321209E-1	9.631070E-3
1.321027E-1	9.642818E-3
1.323262E-1	9.657419E-3
1.322935E-1	9.671298E-3
1.323356E-1	9.682181E-3
1.324199E-1	9.698706E-3
1.322503E-1	9.711048E-3
1.323729E-1	9.729639E-3
1.323655E-1	9.743543E-3
1.322464E-1	9.765787E-3
1.323231E-1	9.783384E-3
1.323601E-1	9.799263E-3
1.322139E-1	9.819028E-3
1.321810E-1	9.840627E-3
1.322893E-1	9.864537E-3
1.322865E-1	9.887065E-3
1.325425E-1	9.918088E-3
1.325088E-1	9.942759E-3
1.325468E-1	9.955773E-3
1.325210E-1	9.996711E-3
1.326488E-1	1.002180E-2
1.326388E-1	1.004432E-2
1.326664E-1	1.007411E-2
1.324609E-1	1.010520E-2
1.323865E-1	1.014374E-2
1.327171E-1	1.014582E-2
1.327718E-1	1.020822E-2
1.326976E-1	1.024109E-2
1.326005E-1	1.026816E-2
1.326773E-1	1.028831E-2
1.327086E-1	1.034510E-2
1.326812E-1	1.037959E-2
1.327018E-1	1.040365E-2
1.326904E-1	1.042223E-2
1.327248E-1	1.049405E-2
1.329255E-1	1.051624E-2
1.327380E-1	1.053397E-2
1.328635E-1	1.060359E-2
1.329370E-1	1.064038E-2
1.329391E-1	1.066497E-2
1.329431E-1	1.069966E-2
1.332055E-1	1.075444E-2
1.331215E-1	1.079327E-2
1.330139E-1	1.082677E-2
1.330120E-1	1.085847E-2
1.329095E-1	1.089962E-2
1.327425E-1	1.092763E-2
1.329356E-1	1.094724E-2
1.330814E-1	1.100054E-2
1.329294E-1	1.103135E-2
1.331113E-1	1.104486E-2
1.331468E-1	1.109382E-2
1.331072E-1	1.110882E-2
1.332265E-1	1.113875E-2
1.331041E-1	1.116361E-2
1.329169E-1	1.119266E-2
1.330651E-1	1.121636E-2
1.330679E-1	1.124325E-2
1.331881E-1	1.127879E-2
1.331330E-1	1.131821E-2
1.330549E-1	1.135281E-2
1.331386E-1	1.138595E-2
1.331206E-1	1.138275E-2
1.330606E-1	1.141624E-2
1.334192E-1	1.145921E-2
1.333112E-1	1.148776E-2
1.333967E-1	1.150870E-2
1.332709E-1	1.150967E-2
1.334427E-1	1.153226E-2
1.333735E-1	1.156176E-2
1.333482E-1	1.157827E-2
1.333036E-1	1.162719E-2
1.333994E-1	1.162990E-2
1.331162E-1	1.166392E-2
1.330714E-1	1.169862E-2
1.333091E-1	1.167693E-2
1.331821E-1	1.173956E-2
1.334218E-1	1.173973E-2
1.336239E-1	1.177887E-2
1.335662E-1	1.177714E-2
1.335963E-1	1.181754E-2
1.334674E-1	1.184498E-2
1.334800E-1	1.182060E-2
1.337078E-1	1.188178E-2
1.335793E-1	1.185655E-2
1.335378E-1	1.189908E-2
1.335938E-1	1.191821E-2
1.335002E-1	1.193471E-2
1.337008E-1	1.197935E-2
1.336451E-1	1.199675E-2
1.337128E-1	1.201566E-2
1.338477E-1	1.202900E-2
1.337658E-1	1.202876E-2
1.336835E-1	1.207607E-2
1.336961E-1	1.209278E-2
1.335310E-1	1.209951E-2
1.336044E-1	1.213347E-2
1.336146E-1	1.214468E-2
1.339593E-1	1.215222E-2
1.338821E-1	1.218029E-2
1.338480E-1	1.217109E-2
1.339139E-1	1.218159E-2
1.340436E-1	1.222816E-2
1.339508E-1	1.222222E-2
1.338983E-1	1.227434E-2
1.338240E-1	1.227042E-2
1.339490E-1	1.231110E-2
1.338509E-1	1.230531E-2
1.338139E-1	1.234836E-2
1.338332E-1	1.233089E-2
1.338812E-1	1.235376E-2
1.338902E-1	1.235722E-2
1.339100E-1	1.238806E-2
1.340466E-1	1.239920E-2
1.339039E-1	1.242265E-2
1.336788E-1	1.246869E-2
1.339064E-1	1.244494E-2
1.339293E-1	1.246262E-2
1.341447E-1	1.248875E-2
1.340854E-1	1.249595E-2
1.340612E-1	1.254505E-2
1.339001E-1	1.253768E-2
1.339291E-1	1.257571E-2
1.340967E-1	1.257173E-2
1.342472E-1	1.260973E-2
1.342171E-1	1.259574E-2
1.342848E-1	1.264239E-2
1.342502E-1	1.262974E-2
1.342223E-1	1.267642E-2
1.342054E-1	1.265199E-2
1.340998E-1	1.266424E-2
1.342647E-1	1.268577E-2
1.342435E-1	1.270585E-2
1.342592E-1	1.274431E-2
1.343378E-1	1.273217E-2
1.343309E-1	1.277751E-2
1.344423E-1	1.276637E-2
1.343950E-1	1.273287E-2
1.343623E-1	1.278851E-2
1.342768E-1	1.283628E-2
1.342323E-1	1.279378E-2
1.342174E-1	1.285896E-2
1.342346E-1	1.287339E-2
1.345885E-1	1.285480E-2
1.344591E-1	1.290632E-2
1.344131E-1	1.290828E-2
1.345699E-1	1.293246E-2
1.346050E-1	1.291064E-2
1.345249E-1	1.292004E-2
1.344196E-1	1.296730E-2
1.345072E-1	1.298034E-2
1.345349E-1	1.296277E-2
1.345131E-1	1.297754E-2
1.346621E-1	1.297825E-2
1.344729E-1	1.299555E-2
1.345518E-1	1.302659E-2
1.344831E-1	1.302292E-2
1.346280E-1	1.302105E-2
1.346304E-1	1.303788E-2
1.346925E-1	1.308153E-2
1.346918E-1	1.306622E-2
1.346923E-1	1.307395E-2
1.346779E-1	1.311124E-2
1.347134E-1	1.308756E-2
1.349007E-1	1.313579E-2
1.347246E-1	1.310990E-2
1.347076E-1	1.311431E-2
1.346965E-1	1.313954E-2
1.346982E-1	1.317177E-2
1.346740E-1	1.317724E-2
1.349160E-1	1.315491E-2
1.349349E-1	5.835313E-3
1.346644E-1	5.829181E-3
1.347593E-1	5.882706E-3
1.348383E-1	5.857958E-3
1.347076E-1	5.897101E-3
1.347083E-1	5.918377E-3
1.348164E-1	5.887147E-3
1.348410E-1	5.898508E-3
1.346923E-1	5.933482E-3
1.349207E-1	5.944171E-3
1.348503E-1	5.959147E-3
1.346411E-1	5.965731E-3
1.349156E-1	5.936128E-3
1.350715E-1	5.981443E-3
1.349443E-1	5.993385E-3
1.347753E-1	6.001673E-3
1.350255E-1	6.008541E-3
1.351013E-1	5.977131E-3
1.350118E-1	5.993088E-3
1.349180E-1	6.034504E-3
1.348853E-1	6.034775E-3
1.348419E-1	6.016197E-3
1.349110E-1	6.020380E-3
1.349446E-1	6.026254E-3
1.351574E-1	6.037241E-3
1.352648E-1	6.042521E-3
1.353029E-1	6.083317E-3
1.352021E-1	6.092186E-3
1.351362E-1	6.059072E-3
1.354065E-1	6.100578E-3
1.353787E-1	6.075506E-3
1.351278E-1	6.082646E-3
1.352165E-1	6.076488E-3
1.351015E-1	6.130710E-3
1.350488E-1	6.097725E-3
1.349443E-1	6.148087E-3
1.350683E-1	6.167878E-3
1.352909E-1	6.134338E-3
1.352395E-1	6.172823E-3
1.352026E-1	6.141916E-3
1.350845E-1	6.180621E-3
1.353207E-1	6.180944E-3
1.352768E-1	6.153484E-3
1.352586E-1	6.197094E-3
1.353992E-1	6.203627E-3
1.352462E-1	6.221339E-3
1.351791E-1	6.222566E-3
1.353483E-1	6.190433E-3
1.355117E-1	6.225664E-3
1.354243E-1	6.218744E-3
1.353847E-1	6.201032E-3
1.352352E-1	6.225768E-3
1.353474E-1	6.219971E-3
1.352290E-1	6.232507E-3
1.351640E-1	6.233862E-3
1.355369E-1	-1.055381E-3
1.354414E-1	-8.423180E-3
1.354721E-1	-8.425310E-3
1.354768E-1	-8.416350E-3
1.353293E-1	-8.412180E-3
1.354243E-1	-8.373527E-3
1.354621E-1	-8.357312E-3
1.353640E-1	-8.358564E-3
1.353836E-1	-8.376367E-3
1.355483E-1	-8.336953E-3
1.356939E-1	-8.367550E-3
1.356931E-1	-8.359907E-3
1.354651E-1	-1.569925E-2
1.356291E-1	-1.565299E-2
1.355597E-1	-1.568014E-2
1.356500E-1	-1.568376E-2
1.356900E-1	-1.567475E-2
1.354776E-1	-1.561950E-2
1.355166E-1	-1.565117E-2
1.355899E-1	-1.564601E-2
1.354516E-1	-1.560373E-2
1.356034E-1	-1.560236E-2
1.356380E-1	-1.563609E-2
1.355252E-1	-1.558301E-2
1.354022E-1	-1.561493E-2
1.354069E-1	-2.295094E-2
1.355144E-1	-2.291088E-2
1.354990E-1	-2.294380E-2
1.355805E-1	-2.289444E-2
1.354541E-1	-2.292667E-2
1.356540E-1	-2.289473E-2
1.359246E-1	-2.288461E-2
1.359568E-1	-2.291114E-2
1.360089E-1	-2.287755E-2
1.359517E-1	-1.556560E-2
1.357692E-1	-1.551396E-2
1.358273E-1	-1.556133E-2
1.357840E-1	-2.288084E-2
1.357341E-1	-2.287556E-2
1.360350E-1	-2.283102E-2
1.358779E-1	-2.283546E-2
1.358277E-1	-2.281797E-2
1.359383E-1	-2.281846E-2
1.360488E-1	-2.281919E-2
1.360608E-1	-2.280984E-2
1.360162E-1	-2.280340E-2
1.360175E-1	-2.280274E-2
1.360960E-1	-2.279258E-2
1.360201E-1	-2.283006E-2
1.360347E-1	-2.282141E-2
1.360966E-1	-2.281633E-2
1.359752E-1	-2.281640E-2
1.360463E-1	-2.276111E-2
1.359909E-1	-2.279854E-2
1.360130E-1	-2.280300E-2
1.358571E-1	-2.279265E-2
1.359932E-1	-2.278046E-2
1.360099E-1	-2.278733E-2
1.360771E-1	-1.540642E-2
1.362452E-1	-1.542870E-2
1.362251E-1	-1.539192E-2
1.361505E-1	-1.541583E-2
1.361416E-1	-1.538699E-2
1.361925E-1	-1.540203E-2
1.362373E-1	-1.536810E-2
1.360527E-1	-1.540831E-2
1.358735E-1	-1.536401E-2
1.362504E-1	-1.539370E-2
1.363267E-1	-1.539286E-2
1.363139E-1	-1.538361E-2
1.361598E-1	-1.534790E-2
1.361928E-1	-1.534284E-2
1.361671E-1	-1.533136E-2
1.362779E-1	-1.536272E-2
1.362834E-1	-1.536479E-2
1.361497E-1	-1.533257E-2
1.361802E-1	-1.535541E-2
1.364647E-1	-1.531504E-2
1.362805E-1	-1.535757E-2
1.361296E-1	-1.529912E-2
1.362874E-1	-1.533742E-2
1.363508E-1	-1.528797E-2
1.362327E-1	-1.532960E-2
1.364453E-1	-1.527967E-2
1.362664E-1	-1.531961E-2
1.364223E-1	-1.532168E-2
1.364735E-1	-1.531161E-2
1.363942E-1	-1.526742E-2
1.362734E-1	-1.530557E-2
1.363508E-1	-1.525527E-2
1.364889E-1	-1.524937E-2
1.365467E-1	-1.527605E-2
1.364172E-1	-1.524317E-2
1.366141E-1	-1.527978E-2
1.364689E-1	-1.523586E-2
1.365307E-1	-1.526620E-2
1.364383E-1	-1.526328E-2
1.366330E-1	-1.522619E-2
1.364946E-1	-1.521944E-2
1.364323E-1	-1.524821E-2
1.365087E-1	-1.524462E-2
1.365094E-1	-1.523637E-2
1.363131E-1	-1.523859E-2
1.365146E-1	-1.519542E-2
1.365010E-1	-1.522701E-2
1.360525E-1	-1.518739E-2
1.364078E-1	-1.519710E-2
1.364908E-1	-1.522067E-2
1.367423E-1	-1.520502E-2
1.364239E-1	-1.521379E-2
1.365052E-1	-1.516447E-2
1.366409E-1	-1.516069E-2
1.365759E-1	-1.519294E-2
1.366396E-1	-7.850872E-3
1.368291E-1	-7.803440E-3
1.366708E-1	-7.803298E-3
1.365031E-1	-7.803853E-3
1.367279E-1	-7.794674E-3
1.367575E-1	-7.792492E-3
1.366288E-1	-7.816647E-3
1.365585E-1	-7.827143E-3
1.367228E-1	-7.783287E-3
1.367110E-1	-7.815291E-3
1.364553E-1	-7.825490E-3
1.366193E-1	-7.770932E-3
1.367610E-1	-7.803918E-3
1.367849E-1	-7.760953E-3
1.368554E-1	-7.753891E-3
1.368534E-1	-4.120270E-4
1.368692E-1	-4.650750E-4
1.368921E-1	-4.117950E-4
1.368359E-1	-4.397710E-4
1.368285E-1	-4.325160E-4
1.367849E-1	-4.400680E-4
1.368582E-1	-3.926100E-4
1.368285E-1	-4.289910E-4
1.368914E-1	-4.202770E-4
1.370572E-1	-4.222390E-4
1.369562E-1	-4.182500E-4
1.367302E-1	-4.130340E-4
1.368127E-1	-4.076250E-4
1.368340E-1	-3.668930E-4
1.370210E-1	-4.017770E-4
1.369081E-1	-4.019440E-4
1.369787E-1	-3.852130E-4
1.369401E-1	-3.764600E-4
1.370197E-1	-3.542930E-4
1.367948E-1	-3.719280E-4
1.370055E-1	-3.830700E-4
1.369816E-1	-3.752720E-4
1.369701E-1	-3.246510E-4
1.370515E-1	-3.222890E-4
1.373613E-1	-3.248060E-4
1.372375E-1	-3.481480E-4
1.369902E-1	-3.129030E-4
1.371675E-1	-3.498780E-4
1.371495E-1	-3.054150E-4
1.371430E-1	-3.319330E-4
1.372600E-1	-3.428680E-4
1.371003E-1	-3.004840E-4
1.372666E-1	-3.329140E-4
1.373634E-1	-3.465600E-4
1.373020E-1	-2.872250E-4
1.372018E-1	-3.301250E-4
1.372467E-1	-3.212430E-4
1.371535E-1	7.061469E-3
1.372217E-1	7.064710E-3
1.371880E-1	7.069486E-3
1.370618E-1	7.020337E-3
1.372838E-1	7.041794E-3
1.372383E-1	7.046984E-3
1.371398E-1	7.078756E-3
1.372032E-1	7.040787E-3
1.371900E-1	7.056628E-3
1.372553E-1	7.091821E-3
1.373270E-1	7.088090E-3
1.372438E-1	7.093499E-3
1.373261E-1	7.109998E-3
1.373428E-1	7.108681E-3
1.372480E-1	7.076471E-3
1.370771E-1	7.074341E-3
1.374056E-1	7.079750E-3
1.372202E-1	7.075683E-3
1.372296E-1	7.125219E-3
1.373918E-1	1.445605E-2
1.374149E-1	1.446860E-2
1.372404E-1	1.443640E-2
1.373605E-1	1.447650E-2
1.371080E-1	1.447533E-2
1.372417E-1	2.124021E-2
1.373299E-1	2.178434E-2
1.374267E-1	2.178029E-2
1.374564E-1	2.179840E-2
1.374522E-1	2.182932E-2
1.375157E-1	2.179409E-2
1.374070E-1	2.180106E-2
1.375726E-1	2.183159E-2
1.374886E-1	2.180295E-2
1.372793E-1	2.181907E-2
1.372490E-1	2.185949E-2
1.375254E-1	2.182949E-2
1.374860E-1	2.916074E-2
1.373294E-1	2.916579E-2
1.375015E-1	2.920708E-2
1.373336E-1	2.920515E-2
1.375411E-1	2.916415E-2
1.375249E-1	2.916226E-2
1.374579E-1	2.917506E-2
1.373971E-1	2.917606E-2
1.374828E-1	2.921840E-2
1.373496E-1	2.923214E-2
1.374810E-1	2.918986E-2
1.374543E-1	2.923651E-2
1.376233E-1	2.919728E-2
1.374932E-1	2.920686E-2
1.375381E-1	2.920633E-2
1.376698E-1	2.921023E-2
1.377017E-1	2.925263E-2
1.376403E-1	2.921471E-2
1.375830E-1	2.921388E-2
1.374886E-1	2.922382E-2
1.377467E-1	2.926467E-2
1.376721E-1	2.923215E-2
1.375987E-1	2.922436E-2
1.377776E-1	2.926792E-2
1.377139E-1	2.923487E-2
1.377416E-1	2.924147E-2
1.377685E-1	2.924405E-2
1.376175E-1	2.923536E-2
1.374705E-1	2.928524E-2
1.377220E-1	2.928831E-2
1.375750E-1	2.929586E-2
1.374506E-1	2.929668E-2
1.376139E-1	2.930122E-2
1.375556E-1	2.926967E-2
1.377296E-1	2.925785E-2
1.378667E-1	2.931022E-2
1.377389E-1	2.931470E-2
1.378646E-1	2.926996E-2
1.379571E-1	2.932321E-2
1.380398E-1	2.928570E-2
1.378703E-1	3.665264E-2
1.379034E-1	3.662208E-2
1.377833E-1	3.663330E-2
1.376616E-1	3.663148E-2
1.377309E-1	3.663701E-2
1.378057E-1	3.663422E-2
1.378338E-1	3.664554E-2
1.378461E-1	3.668344E-2
1.377727E-1	3.665357E-2
1.377385E-1	3.668758E-2
1.378102E-1	3.666395E-2
1.376471E-1	4.402455E-2
1.378390E-1	4.400068E-2
1.378757E-1	4.403904E-2
1.378991E-1	4.404228E-2
1.378771E-1	4.403491E-2
1.378913E-1	4.405136E-2
1.378589E-1	4.401211E-2
1.379802E-1	4.401110E-2
1.379078E-1	4.405461E-2
1.378726E-1	4.401592E-2
1.379099E-1	4.405508E-2
1.379514E-1	4.403411E-2
1.380913E-1	4.403944E-2
1.379795E-1	4.402349E-2
1.378944E-1	4.404006E-2
1.376893E-1	4.403253E-2
1.375822E-1	4.407957E-2
1.377967E-1	4.408601E-2
1.379991E-1	4.408677E-2
1.380952E-1	4.404530E-2
1.378093E-1	4.409050E-2
1.377126E-1	4.405153E-2
1.378422E-1	4.408729E-2
1.381341E-1	4.406003E-2
1.381276E-1	4.407542E-2
1.380302E-1	4.411875E-2
1.380617E-1	4.410652E-2
1.381007E-1	4.411671E-2
1.380681E-1	4.407931E-2
1.381816E-1	4.407494E-2
1.379816E-1	4.411256E-2
1.380393E-1	4.407572E-2
1.380837E-1	4.409639E-2
1.382559E-1	4.412815E-2
1.382709E-1	4.413758E-2
1.381383E-1	4.413091E-2
1.382308E-1	4.409772E-2
1.380197E-1	4.409934E-2
1.380052E-1	4.410754E-2
1.381041E-1	4.414290E-2
1.382360E-1	4.415080E-2
1.379614E-1	4.411233E-2
1.381341E-1	4.410998E-2
1.381488E-1	4.410670E-2
1.381700E-1	4.413406E-2
1.384119E-1	4.415890E-2
1.383564E-1	4.416846E-2
1.383243E-1	4.413152E-2
1.384188E-1	4.413743E-2
1.384136E-1	4.412842E-2
1.382793E-1	4.417979E-2
1.381099E-1	4.412735E-2
1.381273E-1	4.414887E-2
1.383538E-1	4.418490E-2
1.382322E-1	5.152747E-2
1.382942E-1	5.152420E-2
1.384069E-1	5.149718E-2
1.381747E-1	5.149900E-2
1.382614E-1	5.154091E-2
1.383060E-1	5.154046E-2
1.383015E-1	5.154340E-2
1.383090E-1	5.150106E-2
1.384180E-1	4.421125E-2
1.383792E-1	4.417420E-2
1.383609E-1	4.418511E-2
1.383561E-1	3.683337E-2
1.382843E-1	3.688517E-2
1.382377E-1	3.683255E-2
1.381416E-1	3.685262E-2
1.383640E-1	3.688885E-2
1.381693E-1	3.685443E-2
1.383068E-1	3.689492E-2
1.383734E-1	4.423285E-2
1.382209E-1	4.423216E-2
1.382511E-1	4.419298E-2
1.382822E-1	4.420316E-2
1.382595E-1	5.153014E-2
1.383984E-1	5.159210E-2
1.381892E-1	5.154002E-2
1.384768E-1	5.887609E-2
1.387203E-1	5.889794E-2
1.383885E-1	5.889184E-2
1.387254E-1	6.627181E-2
1.385721E-1	6.622856E-2
1.384732E-1	6.628053E-2
1.383298E-1	6.622940E-2
1.385165E-1	6.628741E-2
1.384038E-1	6.623542E-2
1.382574E-1	6.624686E-2
1.383369E-1	6.629167E-2
1.384470E-1	6.630061E-2
1.385907E-1	6.624587E-2
1.386144E-1	6.630060E-2
1.386385E-1	6.625215E-2
1.382244E-1	6.630436E-2
1.384180E-1	6.630209E-2
1.385380E-1	6.626905E-2
1.387122E-1	6.630595E-2
1.386885E-1	6.627593E-2
1.385920E-1	7.361033E-2
1.386050E-1	7.365277E-2
1.385822E-1	7.366421E-2
1.388808E-1	7.365798E-2
1.387876E-1	7.361849E-2
1.387404E-1	7.366604E-2
1.387033E-1	7.361830E-2
1.385380E-1	7.363122E-2
1.387349E-1	7.367772E-2
1.387576E-1	7.367544E-2
1.386246E-1	7.363982E-2
1.386544E-1	7.368273E-2
1.386265E-1	8.097414E-2
1.387826E-1	8.097202E-2
1.388033E-1	8.098360E-2
1.389104E-1	8.102924E-2
1.387879E-1	8.102841E-2
1.385648E-1	8.832344E-2
1.385635E-1	8.833520E-2
1.388130E-1	8.837340E-2
1.386983E-1	8.833168E-2
1.386254E-1	8.833542E-2
1.389060E-1	8.833556E-2
1.387676E-1	9.571900E-2
1.388508E-1	9.567854E-2
1.386317E-1	9.567364E-2
1.385737E-1	9.568927E-2
1.387199E-1	9.568793E-2
1.387432E-1	9.573557E-2
1.389086E-1	9.572463E-2
1.387487E-1	9.570147E-2
1.386104E-1	9.568695E-2
1.390322E-1	9.570547E-2
1.388591E-1	9.569153E-2
1.389459E-1	9.574170E-2
1.386871E-1	9.569628E-2
1.387028E-1	9.570266E-2
1.387224E-1	9.570929E-2
1.390923E-1	9.570337E-2
1.390352E-1	1.030563E-1
1.388806E-1	1.030387E-1
1.387574E-1	1.030632E-1
1.387490E-1	1.030953E-1
1.387136E-1	1.104044E-1
1.387455E-1	1.104371E-1
1.390822E-1	1.103856E-1
1.390031E-1	1.104406E-1
1.389197E-1	1.104389E-1
1.387917E-1	1.104433E-1
1.388029E-1	1.104419E-1
1.388067E-1	1.104122E-1
1.386721E-1	1.104041E-1
1.384876E-1	1.104214E-1
1.387671E-1	1.104383E-1
1.389765E-1	1.104183E-1
1.389467E-1	1.104171E-1
1.389729E-1	1.104622E-1
1.389955E-1	1.104656E-1
1.388908E-1	1.104237E-1
1.389744E-1	1.104265E-1
1.391062E-1	1.104398E-1
1.388829E-1	1.104611E-1
1.389159E-1	1.104358E-1
1.388616E-1	1.104369E-1
1.388050E-1	1.104339E-1
1.390373E-1	1.104753E-1
1.390005E-1	1.104356E-1
1.391083E-1	1.104887E-1
1.391013E-1	1.250469E-1
1.391224E-1	1.325004E-1
1.390903E-1	1.397849E-1
1.389489E-1	1.398405E-1
1.390041E-1	1.398416E-1
1.391441E-1	1.398427E-1
1.391455E-1	1.398425E-1
1.388498E-1	1.398530E-1
1.389400E-1	1.398470E-1
1.390932E-1	1.398562E-1
1.391430E-1	1.398571E-1
1.391152E-1	1.398601E-1
1.390519E-1	1.398523E-1
1.389514E-1	1.398588E-1
1.392446E-1	1.398656E-1
1.390985E-1	1.398276E-1
1.391139E-1	1.471642E-1
1.388625E-1	1.472010E-1
1.389569E-1	1.472024E-1
1.388893E-1	1.471687E-1
1.388671E-1	1.471642E-1
1.390658E-1	1.472189E-1
1.389624E-1	1.472162E-1
1.390934E-1	1.471816E-1
1.392496E-1	1.545550E-1
1.392539E-1	1.545655E-1
1.392815E-1	1.618526E-1
1.392518E-1	1.618555E-1
1.391443E-1	1.619037E-1
1.390534E-1	1.619059E-1
1.391595E-1	1.618478E-1
1.391881E-1	1.618972E-1
1.390494E-1	1.618727E-1
1.390924E-1	1.619139E-1
1.391235E-1	1.619163E-1
1.390530E-1	1.618749E-1
1.392289E-1	1.618858E-1
1.393090E-1	1.618783E-1
1.391443E-1	1.619162E-1
1.390784E-1	1.618659E-1
1.390721E-1	1.692311E-1
1.391548E-1	1.692668E-1
1.390913E-1	1.692298E-1
1.391720E-1	1.692234E-1
1.390062E-1	1.692629E-1
1.390739E-1	1.692414E-1
1.393327E-1	1.692339E-1
1.394200E-1	1.692744E-1
1.391734E-1	1.692317E-1
1.391722E-1	1.692787E-1
1.391285E-1	1.692349E-1
1.391039E-1	1.692794E-1
1.391750E-1	1.692815E-1
1.392135E-1	1.692398E-1
1.390789E-1	1.692789E-1
1.392167E-1	1.692369E-1
1.391716E-1	1.692894E-1
1.391889E-1	1.692903E-1
1.393120E-1	1.692453E-1
1.393787E-1	1.692540E-1
1.393024E-1	1.693029E-1
1.392873E-1	1.692495E-1
1.394159E-1	1.619236E-1
1.393393E-1	1.619599E-1
1.395078E-1	1.619652E-1
1.397133E-1	1.619238E-1
1.395650E-1	1.619682E-1
1.393881E-1	1.619189E-1
1.393293E-1	1.545893E-1
1.392957E-1	1.545800E-1
1.392687E-1	1.545931E-1
1.392366E-1	1.545966E-1
1.393009E-1	1.545817E-1
1.395070E-1	1.546007E-1
1.394779E-1	1.546424E-1
1.394475E-1	1.545848E-1
1.393810E-1	1.546048E-1
1.394134E-1	1.546541E-1
1.396847E-1	1.546445E-1
1.393742E-1	1.546079E-1
1.394502E-1	1.546497E-1
1.394113E-1	1.545994E-1
1.393704E-1	1.546205E-1
1.395456E-1	1.546216E-1
1.397509E-1	1.546565E-1
1.396015E-1	1.546052E-1
1.395657E-1	1.546675E-1
1.394058E-1	1.546127E-1
1.392771E-1	1.546663E-1
1.394931E-1	1.546510E-1
1.394973E-1	1.546616E-1
1.394288E-1	1.546163E-1
1.395561E-1	1.546147E-1
1.394278E-1	1.546351E-1
1.394155E-1	1.619628E-1
1.395057E-1	1.620099E-1
1.395692E-1	1.619722E-1
1.394053E-1	1.619584E-1
1.392446E-1	1.620068E-1
1.393399E-1	1.620167E-1
1.394936E-1	1.620095E-1
1.395853E-1	1.619826E-1
1.394830E-1	1.620142E-1
1.395847E-1	1.620190E-1
1.395540E-1	1.693572E-1
1.393645E-1	1.693571E-1
1.396965E-1	1.693224E-1
1.395832E-1	1.693581E-1
1.395613E-1	1.693266E-1
1.393168E-1	1.620261E-1
1.393975E-1	1.620300E-1
1.394928E-1	1.619851E-1
1.395952E-1	1.619941E-1
1.395798E-1	1.693257E-1
1.394999E-1	1.693296E-1
1.394562E-1	1.693375E-1
1.394411E-1	1.693346E-1
1.395792E-1	1.693232E-1
1.394944E-1	1.693764E-1
1.395359E-1	1.693377E-1
1.396892E-1	1.693597E-1
1.396587E-1	1.693830E-1
1.396668E-1	1.693351E-1
1.396480E-1	1.693820E-1
1.396952E-1	1.767127E-1
1.397159E-1	1.766773E-1
1.397793E-1	1.767141E-1
1.397579E-1	1.766829E-1
1.396219E-1	1.766736E-1
1.393915E-1	1.767383E-1
1.396621E-1	1.766864E-1
1.396689E-1	1.766864E-1
1.394797E-1	1.767307E-1
1.396953E-1	1.767318E-1
1.396319E-1	1.767349E-1
1.396989E-1	1.767243E-1
1.396104E-1	1.767042E-1
1.397780E-1	1.840732E-1
1.396296E-1	1.840416E-1
1.397799E-1	1.840316E-1
1.399074E-1	1.840794E-1
1.396736E-1	1.840295E-1
1.397196E-1	1.767065E-1
1.396659E-1	1.767567E-1
1.396879E-1	1.987168E-1
1.397210E-1	1.987669E-1
1.395228E-1	1.987134E-1
1.395578E-1	2.060424E-1
1.397018E-1	2.060555E-1
1.396588E-1	2.060500E-1
1.397396E-1	2.061054E-1
1.396965E-1	2.060641E-1
1.396693E-1	2.060629E-1
1.396112E-1	2.060985E-1
1.396764E-1	2.134534E-1
1.398498E-1	2.134076E-1
1.399436E-1	2.134122E-1
1.398071E-1	2.207893E-1
1.398230E-1	2.281195E-1
1.396806E-1	2.280823E-1
1.398225E-1	2.354127E-1
1.399303E-1	2.427953E-1
1.398117E-1	2.427644E-1
1.396863E-1	2.427629E-1
1.397694E-1	2.427634E-1
1.396033E-1	2.428015E-1
1.396981E-1	2.428041E-1
1.396413E-1	2.427746E-1
1.396532E-1	2.427602E-1
1.397519E-1	2.427720E-1
1.396560E-1	2.428066E-1
1.397739E-1	2.428040E-1
1.398658E-1	2.501074E-1
1.398522E-1	2.501048E-1
1.398782E-1	2.501137E-1
1.398509E-1	2.501518E-1
1.398909E-1	2.501205E-1
1.398564E-1	2.501070E-1
1.398539E-1	2.501194E-1
1.397903E-1	2.501245E-1
1.396655E-1	2.501558E-1
1.399458E-1	2.574922E-1
1.399557E-1	2.648398E-1
1.398253E-1	2.648341E-1
1.397637E-1	2.721682E-1
1.399386E-1	2.721349E-1
1.400107E-1	2.647981E-1
1.398689E-1	2.647989E-1
1.398388E-1	2.647938E-1
1.397696E-1	2.647845E-1
1.398335E-1	2.647855E-1
1.396490E-1	2.647956E-1
1.397490E-1	2.648550E-1
1.398551E-1	2.647929E-1
1.397878E-1	2.648140E-1
1.397219E-1	2.647980E-1
1.395054E-1	2.648557E-1
1.397450E-1	2.574638E-1
1.400500E-1	2.574753E-1
1.398650E-1	2.575109E-1
1.398365E-1	2.648005E-1
1.400120E-1	2.648091E-1
1.399957E-1	2.648533E-1
1.399976E-1	2.648265E-1
1.399637E-1	2.648078E-1
1.399183E-1	2.648242E-1
1.399285E-1	2.648123E-1
1.399083E-1	2.648682E-1
1.400819E-1	2.648070E-1
1.400178E-1	2.648224E-1
1.398408E-1	2.648677E-1
1.398695E-1	2.648205E-1
1.398964E-1	2.648635E-1
1.397420E-1	2.648661E-1
1.399500E-1	2.648634E-1
1.398606E-1	2.722042E-1
1.400054E-1	2.721722E-1
1.399389E-1	2.721583E-1
1.399564E-1	2.795503E-1
1.399539E-1	2.795477E-1
1.398309E-1	2.795530E-1
1.401415E-1	2.794873E-1
1.398107E-1	2.795198E-1
1.399913E-1	2.795527E-1
1.399898E-1	2.795530E-1
1.399676E-1	2.795432E-1
1.399875E-1	2.795424E-1
1.400912E-1	2.795170E-1
1.400453E-1	2.795082E-1
1.399924E-1	2.722212E-1
1.397700E-1	2.722120E-1
1.397853E-1	2.721784E-1
1.398581E-1	2.721723E-1
1.400931E-1	2.721868E-1
1.400996E-1	2.722228E-1
1.399593E-1	2.795501E-1
1.400372E-1	2.795569E-1
1.397708E-1	2.795571E-1
1.397592E-1	2.795255E-1
1.401980E-1	2.795589E-1
1.401711E-1	2.868569E-1
1.400789E-1	2.868525E-1
1.402204E-1	2.942120E-1
1.402610E-1	2.941868E-1
1.401551E-1	3.015784E-1
1.399862E-1	3.015357E-1
1.399478E-1	3.015445E-1
1.399941E-1	3.015751E-1
1.402114E-1	3.015324E-1
1.402543E-1	3.015837E-1
1.399729E-1	3.015833E-1
1.400214E-1	3.015857E-1
1.401957E-1	3.015862E-1
1.399282E-1	3.015775E-1
1.399923E-1	2.942422E-1
1.399267E-1	2.942029E-1
1.399280E-1	2.942463E-1
1.400661E-1	2.942502E-1
1.401050E-1	3.015788E-1
1.400457E-1	3.015329E-1
1.400345E-1	3.015769E-1
1.402208E-1	3.089213E-1
1.402314E-1	3.088772E-1
1.401492E-1	3.088720E-1
1.399855E-1	3.089332E-1
1.401296E-1	3.089272E-1
1.399831E-1	3.088839E-1
1.401683E-1	3.089209E-1
1.400857E-1	3.089023E-1
1.402121E-1	3.088822E-1
1.399606E-1	3.088842E-1
1.400283E-1	3.088883E-1
1.400196E-1	3.089301E-1
1.401160E-1	3.089255E-1
1.400309E-1	3.162200E-1
1.400962E-1	3.235707E-1
1.403007E-1	3.236102E-1
1.400067E-1	3.235741E-1
1.401283E-1	3.235628E-1
1.401669E-1	3.236074E-1
1.402625E-1	3.309517E-1
1.401075E-1	3.309345E-1
1.400471E-1	3.308992E-1
1.403072E-1	3.382838E-1
1.403919E-1	3.382431E-1
1.400097E-1	3.455815E-1
1.400609E-1	3.456282E-1
1.400099E-1	3.455820E-1
1.399110E-1	3.455789E-1
1.401195E-1	3.456205E-1
1.402106E-1	3.456263E-1
1.401774E-1	3.529186E-1
1.402477E-1	3.529093E-1
1.402581E-1	3.529206E-1
1.401653E-1	3.602502E-1
1.403482E-1	3.602986E-1
1.403796E-1	3.603006E-1
1.400942E-1	3.602608E-1
1.400899E-1	3.675905E-1
1.401196E-1	3.675961E-1
1.402228E-1	3.749220E-1
1.401505E-1	3.749249E-1
1.401435E-1	3.749872E-1
1.401931E-1	3.749497E-1
1.402511E-1	3.749242E-1
1.402962E-1	3.823217E-1
1.401367E-1	3.896587E-1
1.402508E-1	3.896540E-1
1.402164E-1	3.896146E-1
1.401758E-1	3.896161E-1
1.401711E-1	3.896169E-1
1.400821E-1	3.970023E-1
1.401839E-1	3.970076E-1
1.400194E-1	3.969424E-1
1.400059E-1	3.969562E-1
1.400472E-1	3.969616E-1
1.402069E-1	3.970094E-1
1.402367E-1	4.043304E-1
1.402490E-1	4.042992E-1
1.404277E-1	4.042930E-1
1.401839E-1	4.043436E-1
1.401605E-1	4.116363E-1
1.402428E-1	4.189888E-1
1.402684E-1	4.189851E-1
1.403389E-1	4.189709E-1
1.403931E-1	4.190224E-1
1.401215E-1	4.190163E-1
1.401692E-1	4.189818E-1
1.402012E-1	4.263074E-1
1.402635E-1	4.263626E-1
1.403894E-1	4.263177E-1
1.403926E-1	4.263229E-1
1.401990E-1	4.410398E-1
1.402712E-1	4.410371E-1
1.402372E-1	4.409919E-1
1.403177E-1	4.557102E-1
1.401445E-1	4.556691E-1
1.403508E-1	4.630107E-1
1.403646E-1	4.630470E-1
1.405416E-1	4.630057E-1
1.403404E-1	4.630015E-1
1.402062E-1	4.630491E-1
1.402166E-1	4.630198E-1
1.403464E-1	4.630500E-1
1.404825E-1	4.630486E-1
1.403804E-1	4.630060E-1
1.402821E-1	4.630580E-1
1.402949E-1	4.698113E-1
1.401734E-1	4.703555E-1
1.402538E-1	4.703557E-1
1.403010E-1	4.703654E-1
1.403461E-1	4.703608E-1
1.402362E-1	4.703501E-1
1.402532E-1	4.777335E-1
1.404078E-1	4.777360E-1
1.401403E-1	4.777447E-1
1.401672E-1	4.850810E-1
1.403495E-1	4.850310E-1
1.403198E-1	4.850867E-1
1.404968E-1	4.850305E-1
1.402524E-1	4.850345E-1
1.404467E-1	4.850431E-1
1.403496E-1	4.924146E-1
1.403024E-1	4.923706E-1
1.402164E-1	4.924205E-1
1.401183E-1	4.924256E-1
1.401114E-1	4.923853E-1
1.402855E-1	4.924111E-1
1.403555E-1	4.924176E-1
1.402557E-1	4.923851E-1
1.404067E-1	4.997142E-1
1.403192E-1	4.997225E-1
1.403422E-1	4.997056E-1
1.403464E-1	4.997203E-1
1.404971E-1	4.997636E-1
1.403286E-1	4.997672E-1
1.402307E-1	5.070731E-1
1.402039E-1	5.070537E-1
1.401535E-1	5.217437E-1
1.404080E-1	5.217394E-1
1.402542E-1	5.217181E-1
1.403253E-1	5.217675E-1
1.403998E-1	5.217335E-1
1.403422E-1	5.217357E-1
1.403422E-1	5.285401E-1
1.403339E-1	5.364114E-1
1.401534E-1	5.364569E-1
1.401601E-1	5.510989E-1
1.403929E-1	5.510819E-1
1.402783E-1	5.510783E-1
1.404957E-1	5.510852E-1
1.405073E-1	5.510867E-1
1.402983E-1	5.511303E-1
1.404697E-1	5.511197E-1
1.404169E-1	5.584687E-1
1.403137E-1	5.584518E-1
1.402568E-1	5.657575E-1
1.403978E-1	5.657543E-1
1.401800E-1	5.657738E-1
1.402975E-1	5.657997E-1
1.402748E-1	5.657700E-1
1.403163E-1	5.658051E-1
1.403161E-1	5.658013E-1
1.403338E-1	5.730936E-1
1.403672E-1	5.730966E-1
1.405209E-1	5.731489E-1
1.404837E-1	5.731434E-1
1.403466E-1	5.730989E-1
1.403148E-1	5.730842E-1
1.403456E-1	5.730809E-1
1.403676E-1	5.730911E-1
1.404697E-1	5.730932E-1
1.405476E-1	5.877706E-1
1.405351E-1	5.878099E-1
1.405156E-1	5.951080E-1
1.402532E-1	5.951489E-1
1.404288E-1	5.950986E-1
1.404362E-1	5.950946E-1
1.403826E-1	5.877663E-1
1.404406E-1	5.950942E-1
1.405321E-1	5.951023E-1
1.404943E-1	5.951446E-1
1.405198E-1	6.024790E-1
1.403178E-1	6.097648E-1
1.402388E-1	6.098130E-1
1.402220E-1	6.171520E-1
1.402581E-1	6.171484E-1
1.403187E-1	6.171546E-1
1.403396E-1	6.171518E-1
1.404171E-1	6.171124E-1
1.405036E-1	6.171159E-1
1.405277E-1	6.171544E-1
1.405342E-1	6.171540E-1
1.404868E-1	6.171185E-1
1.403698E-1	6.244562E-1
1.403453E-1	6.171068E-1
1.404197E-1	6.244492E-1
1.404777E-1	6.318328E-1
1.404576E-1	6.318351E-1
1.404914E-1	6.391660E-1
1.407110E-1	6.391089E-1
1.404266E-1	6.391259E-1
1.404806E-1	6.391384E-1
1.402393E-1	6.537956E-1
1.403733E-1	6.538091E-1
1.404605E-1	6.538451E-1
1.406065E-1	6.538519E-1
1.405175E-1	6.538054E-1
1.405861E-1	6.538393E-1
1.406907E-1	6.538463E-1
1.407650E-1	6.537989E-1
1.406585E-1	6.538112E-1
1.404688E-1	6.611461E-1
1.404175E-1	6.758598E-1
1.405086E-1	6.831894E-1
1.404655E-1	6.758204E-1
1.403957E-1	6.831936E-1
1.405451E-1	6.832029E-1
1.405765E-1	6.758560E-1
1.406247E-1	6.758154E-1
1.406183E-1	6.758074E-1
1.406574E-1	6.831945E-1
1.405280E-1	6.904839E-1
1.405571E-1	6.904889E-1
1.404397E-1	6.905352E-1
1.405207E-1	6.831513E-1
1.405976E-1	6.831572E-1
1.404511E-1	6.831633E-1
1.405574E-1	6.978074E-1
1.405543E-1	6.978733E-1
1.405047E-1	6.904926E-1
1.406899E-1	6.978642E-1
1.405392E-1	6.978226E-1
1.405153E-1	6.978297E-1
1.403816E-1	7.125394E-1
1.405752E-1	7.125516E-1
1.406370E-1	7.125427E-1
1.406060E-1	7.272232E-1
1.405835E-1	7.345087E-1
1.405815E-1	7.345142E-1
1.407269E-1	7.345599E-1
1.406780E-1	7.345540E-1
1.406989E-1	7.345147E-1
1.405213E-1	7.418861E-1
1.406451E-1	7.419089E-1
1.407235E-1	7.418991E-1
1.405501E-1	7.491954E-1
1.406204E-1	7.491829E-1
1.404495E-1	7.491974E-1
1.403593E-1	7.565165E-1
1.406333E-1	7.638604E-1
1.406713E-1	7.712429E-1
1.406308E-1	7.712400E-1
1.404411E-1	7.712506E-1
1.405012E-1	7.712138E-1
1.404332E-1	7.712521E-1
1.405941E-1	7.853327E-1
1.403176E-1	7.859301E-1
1.404655E-1	7.858779E-1
1.404364E-1	7.932227E-1
1.405283E-1	7.859197E-1
1.406781E-1	7.858812E-1
1.406418E-1	8.005586E-1
1.405603E-1	8.005637E-1
1.404621E-1	7.932704E-1
1.405548E-1	7.932239E-1
1.402816E-1	8.005558E-1
1.401562E-1	7.932185E-1
1.403072E-1	7.932137E-1
1.405088E-1	7.932160E-1
1.406932E-1	8.079416E-1
1.406416E-1	8.152295E-1
1.406352E-1	8.152326E-1
1.407021E-1	8.152237E-1
1.405418E-1	8.152385E-1
1.407038E-1	8.079525E-1
1.405355E-1	8.079398E-1
1.404374E-1	8.078970E-1
1.404960E-1	8.152375E-1
1.406146E-1	8.152398E-1
1.405283E-1	8.152877E-1
1.406716E-1	8.152908E-1
1.405485E-1	8.225656E-1
1.405937E-1	8.225783E-1
1.405603E-1	8.372953E-1
1.405823E-1	8.372529E-1
1.406157E-1	8.372951E-1
1.405702E-1	8.372954E-1
1.406632E-1	8.519585E-1
1.404359E-1	8.519737E-1
1.405298E-1	8.593014E-1
1.406339E-1	8.593019E-1
1.406674E-1	8.665912E-1
1.406708E-1	8.665977E-1
1.406527E-1	8.739391E-1
1.402995E-1	8.807420E-1
1.405307E-1	8.886101E-1
1.405783E-1	8.960024E-1
1.406233E-1	9.032922E-1
1.405935E-1	9.032859E-1
1.405723E-1	9.106187E-1
1.405971E-1	9.033113E-1
1.405078E-1	9.032860E-1
1.406340E-1	9.033317E-1
1.406301E-1	9.032813E-1
1.406947E-1	8.959425E-1
1.405519E-1	8.959930E-1
1.405854E-1	9.032864E-1
1.405075E-1	9.180105E-1
1.406603E-1	9.180035E-1
1.405886E-1	9.179470E-1
1.407188E-1	9.326825E-1
1.407841E-1	9.400162E-1
1.406525E-1	9.400143E-1
1.404960E-1	9.400078E-1
1.406391E-1	9.473580E-1
1.406907E-1	9.620134E-1
1.405842E-1	9.620261E-1
1.405650E-1	9.687711E-1
1.408067E-1	9.766580E-1
1.406477E-1	9.766499E-1
1.406776E-1	9.840068E-1
1.405768E-1	9.839885E-1
1.407216E-1	9.839841E-1
1.406252E-1	9.840452E-1
1.407091E-1	9.913114E-1
1.406477E-1	9.986566E-1
1.405943E-1	9.986593E-1
1.406280E-1	9.986612E-1
1.406972E-1	9.986512E-1
1.407487E-1	9.987124E-1
1.407383E-1	1.006063E+0
1.405095E-1	1.013454E+0
1.404863E-1	1.021147E+0
1.406828E-1	1.028429E+0
1.406425E-1	1.028154E+0
1.404951E-1	1.028073E+0
1.407869E-1	1.028101E+0
1.406772E-1	1.028128E+0
1.407102E-1	1.028186E+0
1.409270E-1	1.028359E+0
1.410385E-1	1.028399E+0
1.410988E-1	1.028328E+0
1.411207E-1	1.035723E+0
1.412381E-1	1.035706E+0
1.414979E-1	1.043056E+0
1.416309E-1	1.043151E+0
1.416068E-1	1.043145E+0
1.418886E-1	1.043182E+0
1.418865E-1	1.043230E+0
1.419566E-1	1.043281E+0
1.421295E-1	1.043261E+0
1.422672E-1	1.043288E+0
1.420508E-1	1.043314E+0
1.421234E-1	1.043325E+0
1.422280E-1	1.050721E+0
1.422750E-1	1.050713E+0
1.425623E-1	1.050747E+0
1.427610E-1	1.050744E+0
1.427825E-1	1.050837E+0
1.429588E-1	1.050973E+0
1.429619E-1	1.058352E+0
1.429400E-1	1.065688E+0
1.433346E-1	1.065648E+0
1.435218E-1	1.065748E+0
1.437681E-1	1.065721E+0
1.436912E-1	1.065796E+0
1.434789E-1	1.080441E+0
1.436133E-1	1.080525E+0
1.439201E-1	1.080485E+0
1.438985E-1	1.080537E+0
1.440209E-1	1.080604E+0
1.441563E-1	1.080635E+0
1.441471E-1	1.080663E+0
1.442288E-1	1.080625E+0
1.442385E-1	1.080719E+0
1.444968E-1	1.095361E+0
1.446056E-1	1.102721E+0
1.448722E-1	1.102752E+0
1.446374E-1	1.102836E+0
1.447641E-1	1.110193E+0
1.449873E-1	1.110184E+0
1.451903E-1	1.117529E+0
1.454854E-1	1.117612E+0
1.452741E-1	1.117588E+0
1.452862E-1	1.117671E+0
1.455293E-1	1.125036E+0
1.455734E-1	1.125055E+0
1.457135E-1	1.132356E+0
1.455665E-1	1.132392E+0
1.459250E-1	1.139744E+0
1.457733E-1	1.147179E+0
1.459248E-1	1.147202E+0
1.462812E-1	1.147223E+0
1.462799E-1	1.154587E+0
1.462193E-1	1.154587E+0
1.463476E-1	1.154577E+0
1.465368E-1	1.161936E+0
1.466839E-1	1.161961E+0
1.465589E-1	1.169338E+0
1.466545E-1	1.176750E+0
1.468453E-1	1.176728E+0
1.470348E-1	1.184113E+0
1.470384E-1	1.198790E+0
1.472166E-1	1.198783E+0
1.472565E-1	1.206067E+0
1.474558E-1	1.213586E+0
1.474615E-1	1.220898E+0
1.475893E-1	1.213563E+0
1.475528E-1	1.220971E+0
1.477781E-1	1.220998E+0
1.477434E-1	1.228328E+0
1.479902E-1	1.243001E+0
1.479560E-1	1.243063E+0
1.481766E-1	1.243080E+0
1.483427E-1	1.250454E+0
1.483869E-1	1.257804E+0
1.484778E-1	1.265164E+0
1.484122E-1	1.265124E+0
1.486395E-1	1.265157E+0
1.488093E-1	1.265192E+0
1.487972E-1	1.272618E+0
1.486264E-1	1.279955E+0
1.489137E-1	1.294687E+0
1.491543E-1	1.294721E+0
1.492715E-1	1.294711E+0
1.492715E-1	1.302062E+0
1.494366E-1	1.302196E+0
1.494442E-1	1.302298E+0
1.495218E-1	1.302349E+0
1.496699E-1	1.302339E+0
1.497067E-1	1.309712E+0
1.498075E-1	1.317088E+0
1.497589E-1	1.331766E+0
1.498916E-1	1.331873E+0
1.499969E-1	1.331880E+0
1.501298E-1	1.331914E+0
1.502063E-1	1.331864E+0
1.501531E-1	1.339240E+0
1.502920E-1	1.339267E+0
1.504941E-1	1.339279E+0
1.507350E-1	1.339291E+0
1.506316E-1	1.339370E+0
1.508109E-1	1.339340E+0
1.508605E-1	1.339435E+0
1.510800E-1	1.339462E+0
1.512148E-1	1.339481E+0
1.511712E-1	1.339444E+0
1.511628E-1	1.354195E+0
1.514016E-1	1.354171E+0
1.516008E-1	1.354185E+0
1.517071E-1	1.354172E+0
1.517079E-1	1.361593E+0
1.517468E-1	1.368888E+0
1.518379E-1	1.369018E+0
1.518464E-1	1.368961E+0
1.522202E-1	1.368996E+0
1.522902E-1	1.369036E+0
1.523263E-1	1.369089E+0
1.523166E-1	1.376407E+0
1.524940E-1	1.377813E+0
1.525512E-1	1.391127E+0
1.527519E-1	1.391215E+0
1.528340E-1	1.391181E+0
1.528995E-1	1.391185E+0
1.529289E-1	1.391301E+0
1.531211E-1	1.391242E+0
1.532282E-1	1.398614E+0
1.530179E-1	1.398686E+0
1.533066E-1	1.398713E+0
1.531653E-1	1.408259E+0
1.534609E-1	1.413434E+0
1.535989E-1	1.413461E+0
1.536722E-1	1.420748E+0
1.537420E-1	1.420775E+0
1.536971E-1	1.420866E+0
1.537331E-1	1.420826E+0
1.539397E-1	1.420824E+0
1.540132E-1	1.428205E+0
1.541980E-1	1.428219E+0
1.542405E-1	1.442977E+0
1.541494E-1	1.450276E+0
1.541405E-1	1.450363E+0
1.544607E-1	1.457727E+0
1.545226E-1	1.457734E+0
1.547073E-1	1.457776E+0
1.549824E-1	1.465054E+0
1.549718E-1	1.465136E+0
1.549846E-1	1.465089E+0
1.549607E-1	1.465113E+0
1.549994E-1	1.487229E+0
1.552687E-1	1.494573E+0
1.552302E-1	1.494549E+0
1.554493E-1	1.516622E+0
1.556491E-1	1.538671E+0
1.556651E-1	1.553287E+0
1.557389E-1	1.560631E+0
1.558349E-1	1.575336E+0
1.559533E-1	1.604695E+0
1.558675E-1	1.612140E+0
1.558638E-1	1.618840E+0
1.560801E-1	1.634124E+0
1.561787E-1	1.641452E+0
1.563371E-1	1.641470E+0
1.563067E-1	1.670918E+0
1.567338E-1	1.685613E+0
1.566325E-1	1.700220E+0
1.565544E-1	1.707665E+0
1.567879E-1	1.721828E+0
1.569591E-1	1.744328E+0
1.569591E-1	1.773756E+0
1.569856E-1	1.788382E+0
1.570590E-1	1.812354E+0
1.571530E-1	1.833311E+0
1.574320E-1	1.865820E+0
1.574073E-1	1.902147E+0
1.575814E-1	1.935187E+0
1.574808E-1	1.937898E+0
1.575195E-1	1.965365E+0
1.577924E-1	1.986674E+0
1.579187E-1	2.004245E+0
1.579583E-1	2.019156E+0
1.579792E-1	2.036338E+0
1.580034E-1	2.104145E+0
1.582467E-1	2.111400E+0
1.583094E-1	2.130177E+0
1.584585E-1	2.165961E+0
1.584705E-1	2.207464E+0
1.585488E-1	2.214258E+0
1.585112E-1	2.268376E+0
1.587037E-1	2.292072E+0
1.587068E-1	2.390382E+0
1.588541E-1	2.405003E+0
1.591106E-1	2.449138E+0
1.591793E-1	2.493109E+0
1.591002E-1	2.507809E+0
1.594013E-1	2.522557E+0
1.595414E-1	2.581009E+0
1.595267E-1	2.632566E+0
1.594679E-1	2.671526E+0
1.595695E-1	2.725438E+0
1.595987E-1	2.772089E+0
1.597343E-1	2.812018E+0
1.598958E-1	2.883150E+0
1.598629E-1	2.941167E+0
1.602484E-1	2.981654E+0
1.601023E-1	3.004982E+0
1.601705E-1	3.074327E+0
1.604925E-1	3.130189E+0
1.604503E-1	3.153651E+0
1.604968E-1	3.209544E+0
1.607937E-1	3.225083E+0
1.607680E-1	3.324219E+0
1.609722E-1	3.351671E+0
1.610026E-1	3.430330E+0
1.608793E-1	3.551753E+0
1.610262E-1	3.594671E+0
1.609969E-1	3.647966E+0
1.613080E-1	3.744512E+0
1.613900E-1	3.826707E+0
1.614637E-1	3.940309E+0
1.615840E-1	4.008112E+0
1.617365E-1	4.130645E+0
1.618979E-1	4.241542E+0
1.617042E-1	4.327873E+0
1.617993E-1	4.355925E+0
1.618470E-1	4.457641E+0
1.618861E-1	4.540873E+0
1.621375E-1	4.567728E+0
1.623441E-1	4.671193E+0
1.624269E-1	4.792970E+0
1.625470E-1	4.825484E+0
1.626881E-1	4.950421E+0
1.624695E-1	5.058429E+0
1.626162E-1	5.167155E+0
1.628102E-1	5.294161E+0
1.627813E-1	5.384112E+0
1.628341E-1	5.530175E+0
1.630821E-1	5.529764E+0
1.630375E-1	5.529492E+0
1.630769E-1	5.528522E+0
1.632875E-1	5.527991E+0
1.633509E-1	5.528621E+0
1.635126E-1	5.528682E+0
1.636002E-1	5.528537E+0
1.637440E-1	5.528403E+0
1.638632E-1	5.528247E+0
1.636892E-1	5.528293E+0
1.637004E-1	5.528071E+0
1.637699E-1	5.528233E+0
1.638359E-1	5.528132E+0
1.640522E-1	5.528137E+0
1.643936E-1	5.528198E+0
1.643136E-1	5.528028E+0
1.643500E-1	5.528052E+0
1.644216E-1	5.528107E+0
1.644766E-1	5.527982E+0
1.647123E-1	5.528033E+0
1.647642E-1	5.527957E+0
1.647462E-1	5.527957E+0
1.649700E-1	5.527975E+0
1.648574E-1	5.527893E+0
1.650162E-1	5.528040E+0
1.651513E-1	5.527918E+0
1.652672E-1	5.527977E+0
1.654062E-1	5.528079E+0
1.654038E-1	5.527892E+0
1.656852E-1	5.528004E+0
1.654059E-1	5.527881E+0
1.656815E-1	5.527954E+0
1.657084E-1	5.527864E+0
1.658980E-1	5.527886E+0
1.658022E-1	5.527986E+0
1.660072E-1	5.527966E+0
1.660828E-1	5.527889E+0
1.662999E-1	5.527905E+0
1.661999E-1	5.528049E+0
1.662289E-1	5.527914E+0
1.664894E-1	5.528037E+0
1.666412E-1	5.527968E+0
1.667028E-1	5.528030E+0
1.667994E-1	5.528056E+0
1.669227E-1	5.528069E+0
1.669019E-1	5.527874E+0
1.669486E-1	5.528064E+0
1.671541E-1	5.528040E+0
1.670870E-1	5.528030E+0
1.672017E-1	5.527995E+0
1.672128E-1	5.528029E+0
1.672901E-1	5.527953E+0
1.676216E-1	5.528074E+0
1.675346E-1	5.528026E+0
1.675537E-1	5.528208E+0
1.677161E-1	5.528033E+0
1.679844E-1	5.528098E+0
1.679960E-1	5.528024E+0
1.676930E-1	5.528013E+0
1.678304E-1	5.528016E+0
1.680220E-1	5.528030E+0
1.682272E-1	5.528062E+0
1.683173E-1	5.528037E+0
1.684091E-1	5.528106E+0
1.684752E-1	5.528073E+0
1.685054E-1	5.528084E+0
1.686634E-1	5.528040E+0
1.688175E-1	5.528100E+0
1.690762E-1	5.528060E+0
1.689928E-1	5.528060E+0
1.689277E-1	5.528004E+0
1.691805E-1	5.528186E+0
1.690314E-1	5.528190E+0
1.692232E-1	5.528118E+0
1.693064E-1	5.528080E+0
1.692503E-1	5.528127E+0
1.694261E-1	5.528220E+0
1.693821E-1	5.528163E+0
1.696225E-1	5.528242E+0
1.699048E-1	5.528144E+0
1.698461E-1	5.528154E+0
1.699670E-1	5.528238E+0
1.698698E-1	5.528247E+0
1.699558E-1	5.528222E+0
1.702033E-1	5.528258E+0
1.704758E-1	5.528253E+0
1.701028E-1	5.528169E+0
1.703354E-1	5.528216E+0
1.705468E-1	5.528203E+0
1.707778E-1	5.528200E+0
1.707893E-1	5.528203E+0
1.707101E-1	5.528230E+0
1.708007E-1	5.528231E+0
1.707734E-1	5.528256E+0
1.709791E-1	5.528269E+0
1.710823E-1	5.528264E+0
1.710995E-1	5.528273E+0
1.712466E-1	5.528278E+0
1.713256E-1	5.528291E+0
1.712561E-1	5.528262E+0
1.713675E-1	5.528316E+0
1.714229E-1	5.528344E+0
1.716051E-1	5.528309E+0
1.716509E-1	5.528329E+0
1.717287E-1	5.528353E+0
1.720442E-1	5.528344E+0
1.718426E-1	5.528349E+0
1.718731E-1	5.528452E+0
1.720806E-1	5.528444E+0
1.723571E-1	5.528377E+0
1.723704E-1	5.528357E+0
1.724508E-1	5.528463E+0
1.724033E-1	5.528469E+0
1.726482E-1	5.528395E+0
1.724999E-1	5.528427E+0
1.726321E-1	5.528522E+0
1.728006E-1	5.528506E+0
1.729196E-1	5.528460E+0
1.731211E-1	5.528528E+0
1.731746E-1	5.528454E+0
1.731891E-1	5.528538E+0
1.732644E-1	5.528497E+0
1.732521E-1	5.528494E+0
1.734752E-1	5.528506E+0
1.733754E-1	5.528512E+0
1.732723E-1	5.528576E+0
1.732739E-1	5.528604E+0
1.735153E-1	5.528484E+0
1.738242E-1	5.528531E+0
1.738166E-1	5.528617E+0
1.738702E-1	5.528614E+0
1.739009E-1	5.528572E+0
1.739848E-1	5.528576E+0
1.741019E-1	5.528572E+0
1.743304E-1	5.528661E+0
1.745045E-1	5.528665E+0
1.746095E-1	5.528598E+0
1.742998E-1	5.528567E+0
1.742685E-1	5.528689E+0
1.745161E-1	5.528620E+0
1.745095E-1	5.528624E+0
1.747221E-1	5.528706E+0
1.747022E-1	5.528652E+0
1.748882E-1	5.528676E+0
1.751799E-1	5.528693E+0
1.752777E-1	5.528607E+0
1.754382E-1	5.528676E+0
1.753772E-1	5.528685E+0
1.752812E-1	5.528713E+0
1.751680E-1	5.528696E+0
1.755349E-1	5.528733E+0
1.757267E-1	5.528780E+0
1.755966E-1	5.528794E+0
1.756710E-1	5.528778E+0
1.756641E-1	5.528751E+0
1.757627E-1	5.528794E+0
1.760819E-1	5.528746E+0
1.760899E-1	5.528831E+0
1.762140E-1	5.528826E+0
1.759876E-1	5.528840E+0
1.762166E-1	5.528818E+0
1.763925E-1	5.528802E+0
1.766096E-1	5.528791E+0
1.766392E-1	5.528756E+0
1.766579E-1	5.528847E+0
1.766178E-1	5.528835E+0
1.766731E-1	5.528874E+0
1.769712E-1	5.528845E+0
1.768988E-1	5.528847E+0
1.768429E-1	5.528849E+0
1.768022E-1	5.528897E+0
1.770405E-1	5.528796E+0
1.772116E-1	5.528834E+0
1.772895E-1	5.528866E+0
1.774589E-1	5.528939E+0
1.773964E-1	5.528928E+0
1.773985E-1	5.528874E+0
1.774976E-1	5.528910E+0
1.776448E-1	5.528896E+0
1.776215E-1	5.528963E+0
1.776003E-1	5.528912E+0
1.781737E-1	5.528980E+0
1.780898E-1	5.528967E+0
1.778119E-1	5.529005E+0
1.780365E-1	5.528982E+0
1.782160E-1	5.528992E+0
1.782552E-1	5.528645E+0
1.782917E-1	5.529016E+0
1.784533E-1	5.529004E+0
1.783734E-1	5.528985E+0
1.784447E-1	5.528973E+0
1.788410E-1	5.528988E+0
1.790243E-1	5.528674E+0
1.789667E-1	5.529052E+0
1.788400E-1	5.529026E+0
1.789644E-1	5.529014E+0
1.791395E-1	5.529044E+0
1.789021E-1	5.529027E+0
1.791901E-1	5.529007E+0
1.791242E-1	5.528638E+0
1.792077E-1	5.529049E+0
1.793379E-1	5.528682E+0
1.794720E-1	5.529103E+0
1.796809E-1	5.528860E+0
1.796005E-1	5.528774E+0
1.796822E-1	5.529093E+0
1.794568E-1	5.528813E+0
1.795765E-1	5.528745E+0
1.797906E-1	5.528819E+0
1.796135E-1	5.528830E+0
1.799016E-1	5.529088E+0
1.802342E-1	5.528827E+0
1.802920E-1	5.528834E+0
1.803496E-1	5.528899E+0
1.803668E-1	5.528773E+0
1.804431E-1	5.528880E+0
1.806772E-1	5.529219E+0
1.807535E-1	5.528863E+0
1.806816E-1	5.528891E+0
1.807570E-1	5.528915E+0
1.807210E-1	5.528933E+0
1.808741E-1	5.528936E+0
1.807197E-1	5.528951E+0
1.810605E-1	5.528863E+0
1.810935E-1	5.528965E+0
1.810681E-1	5.528986E+0
1.811729E-1	5.528982E+0
1.813013E-1	5.528871E+0
1.813775E-1	5.528889E+0
1.815414E-1	5.528964E+0
1.816446E-1	5.528992E+0
1.817216E-1	5.528943E+0
1.816399E-1	5.528949E+0
1.819470E-1	5.528978E+0
1.818240E-1	5.529030E+0
1.820410E-1	5.529048E+0
1.820102E-1	5.528949E+0
1.822303E-1	5.528986E+0
1.821508E-1	5.529088E+0
1.823937E-1	5.528970E+0
1.823435E-1	5.529070E+0
1.824633E-1	5.529098E+0
1.825225E-1	5.529028E+0
1.823337E-1	5.529115E+0
1.824548E-1	5.528982E+0
1.826921E-1	5.529034E+0
1.826948E-1	5.529137E+0
1.828602E-1	5.529150E+0
1.828064E-1	5.529174E+0
1.829415E-1	5.529070E+0
1.830268E-1	5.529159E+0
1.830467E-1	5.529179E+0
1.832074E-1	5.529190E+0
1.831168E-1	5.529066E+0
1.833139E-1	5.529189E+0
1.833916E-1	5.529198E+0
1.836011E-1	5.529235E+0
1.836170E-1	5.529247E+0
1.835309E-1	5.529227E+0
1.836444E-1	5.529261E+0
1.837722E-1	5.529217E+0
1.838215E-1	5.529248E+0
1.838732E-1	5.529199E+0
1.840002E-1	5.529189E+0
1.841815E-1	5.529232E+0
1.841256E-1	5.529292E+0
1.841259E-1	5.529301E+0
1.840412E-1	5.529227E+0
1.842906E-1	5.529302E+0
1.842611E-1	5.529271E+0
1.844556E-1	5.529259E+0
1.842976E-1	5.529249E+0
1.844622E-1	5.529152E+0
1.846540E-1	5.529339E+0
1.849464E-1	5.529276E+0
1.846883E-1	5.529382E+0
1.846651E-1	5.529299E+0
1.847790E-1	5.529295E+0
1.848404E-1	5.529194E+0
1.850700E-1	5.529230E+0
1.851463E-1	5.529138E+0
1.852890E-1	5.529323E+0
1.851480E-1	5.529278E+0
1.853821E-1	5.529346E+0
1.854529E-1	5.529272E+0
1.853499E-1	5.529284E+0
1.855121E-1	5.529247E+0
1.856276E-1	5.529261E+0
1.857462E-1	5.529281E+0
1.856680E-1	5.529231E+0
1.856951E-1	5.529293E+0
1.858808E-1	5.529163E+0
1.859486E-1	5.529290E+0
1.860344E-1	5.529236E+0
1.859405E-1	5.529074E+0
1.860808E-1	5.529357E+0
1.861763E-1	5.529352E+0
1.862842E-1	5.529472E+0
1.864551E-1	5.529370E+0
1.866078E-1	5.529235E+0
1.866228E-1	5.529266E+0
1.866585E-1	5.528939E+0
1.866585E-1	5.529314E+0
1.866585E-1	5.529120E+0
1.867501E-1	5.529212E+0
1.868147E-1	5.529183E+0
1.868395E-1	5.529139E+0
1.868397E-1	5.529141E+0
1.869520E-1	5.529399E+0
1.870982E-1	5.529328E+0
1.870196E-1	5.529005E+0
1.872887E-1	5.528980E+0
1.872776E-1	5.529245E+0
1.872318E-1	5.529186E+0
1.872556E-1	5.529107E+0
1.875329E-1	5.529316E+0
1.875139E-1	5.529093E+0
1.875991E-1	5.529043E+0
1.875679E-1	5.528936E+0
1.875533E-1	5.528829E+0
1.879151E-1	5.529163E+0
1.878349E-1	5.529007E+0
1.879461E-1	5.529031E+0
1.879758E-1	5.529093E+0
1.880490E-1	5.529248E+0
1.881589E-1	5.529057E+0
1.883542E-1	5.528907E+0
1.884321E-1	5.528723E+0
1.885580E-1	5.529134E+0
1.888116E-1	5.528945E+0
1.886125E-1	5.528645E+0
1.888057E-1	5.528928E+0
1.887230E-1	5.528987E+0
1.888290E-1	5.528952E+0
1.887937E-1	5.528852E+0
1.889886E-1	5.528798E+0
1.890643E-1	5.528866E+0
1.891411E-1	5.528986E+0
1.892291E-1	5.528847E+0
1.891628E-1	5.528390E+0
1.893064E-1	5.528905E+0
1.891969E-1	5.528754E+0
1.893889E-1	5.528795E+0
1.892784E-1	5.529093E+0
1.893491E-1	5.528852E+0
1.896930E-1	5.528224E+0
1.896718E-1	5.528907E+0
1.898360E-1	5.528876E+0
1.896331E-1	5.528636E+0
1.897754E-1	5.528740E+0
1.897309E-1	5.528992E+0
1.895824E-1	5.528807E+0
1.897776E-1	5.528634E+0
1.899397E-1	5.528843E+0
1.900634E-1	5.528684E+0
1.899482E-1	5.528713E+0
1.902414E-1	5.528657E+0
1.902939E-1	5.528845E+0
1.904564E-1	5.528771E+0
1.905530E-1	5.529183E+0
1.907038E-1	5.528491E+0
1.906010E-1	5.528798E+0
1.906920E-1	5.528774E+0
1.908186E-1	5.528702E+0
1.906514E-1	5.528869E+0
1.904418E-1	5.528660E+0
1.907182E-1	5.529299E+0
1.908064E-1	5.528725E+0
1.909092E-1	5.528818E+0
1.910046E-1	5.529268E+0
1.910253E-1	5.528836E+0
1.912695E-1	5.529163E+0
1.911709E-1	5.528745E+0
1.911049E-1	5.528939E+0
1.914212E-1	5.529106E+0
1.913587E-1	5.528571E+0
1.915815E-1	5.528866E+0
1.913811E-1	5.529039E+0
1.915501E-1	5.528875E+0
1.916520E-1	5.528943E+0
1.917661E-1	5.528671E+0
1.917699E-1	5.529225E+0
1.917570E-1	5.529214E+0
1.920201E-1	5.529145E+0
1.921466E-1	5.529533E+0
1.922267E-1	5.529617E+0
1.921870E-1	5.529894E+0
1.917800E-1	5.529305E+0
1.922614E-1	5.529881E+0
1.924304E-1	5.530002E+0
1.925405E-1	5.530022E+0
1.923920E-1	5.530361E+0
