1.116666E-1	8.979224E-3
1.127602E-1	8.980515E-3
1.130038E-1	8.980721E-3
1.136588E-1	9.091748E-3
1.114004E-1	8.975054E-3
1.121996E-1	8.980979E-3
1.132946E-1	8.982051E-3
1.133812E-1	8.982128E-3
1.134269E-1	8.982490E-3
1.139011E-1	8.981844E-3
1.139422E-1	8.983329E-3
1.137761E-1	8.982412E-3
1.138902E-1	8.982412E-3
1.140706E-1	8.982942E-3
1.141041E-1	8.982619E-3
1.141490E-1	8.982296E-3
1.141332E-1	8.978991E-3
1.143946E-1	8.980618E-3
1.143793E-1	8.980863E-3
1.144635E-1	8.981883E-3
1.145353E-1	8.982993E-3
1.146647E-1	8.982709E-3
1.149065E-1	8.982541E-3
1.149323E-1	8.983316E-3
1.149060E-1	8.981560E-3
1.151231E-1	8.982232E-3
1.151138E-1	8.982128E-3
1.154104E-1	8.982374E-3
1.154164E-1	8.981948E-3
1.154159E-1	8.982671E-3
1.153467E-1	8.982851E-3
1.156609E-1	8.982877E-3
1.157751E-1	8.983174E-3
1.158853E-1	8.983097E-3
1.157417E-1	8.982813E-3
1.158320E-1	8.983071E-3
1.159243E-1	8.982012E-3
1.160225E-1	8.982658E-3
1.160884E-1	8.982980E-3
1.161774E-1	8.983019E-3
1.162643E-1	8.983794E-3
1.164564E-1	8.984788E-3
1.163724E-1	8.982735E-3
1.167324E-1	8.980450E-3
1.167718E-1	8.982361E-3
1.167836E-1	8.983097E-3
1.168750E-1	8.981857E-3
1.170635E-1	8.983303E-3
1.171135E-1	8.983277E-3
1.173044E-1	8.983652E-3
1.172684E-1	8.984478E-3
1.172240E-1	8.983936E-3
1.173353E-1	8.985950E-3
1.175734E-1	8.985033E-3
1.175951E-1	8.983587E-3
1.177753E-1	8.985369E-3
1.177952E-1	8.983303E-3
1.178873E-1	8.986582E-3
1.178910E-1	8.984530E-3
1.180660E-1	8.984220E-3
1.181596E-1	8.985278E-3
1.180587E-1	8.984839E-3
1.182663E-1	8.984801E-3
1.184277E-1	8.985098E-3
1.184377E-1	8.987718E-3
1.182849E-1	8.985859E-3
1.186608E-1	8.985317E-3
1.186969E-1	8.986092E-3
1.188114E-1	8.985911E-3
1.190646E-1	8.986724E-3
1.190591E-1	8.987396E-3
1.190432E-1	8.985007E-3
1.192450E-1	8.982232E-3
1.193397E-1	8.983316E-3
1.193436E-1	8.980669E-3
1.194707E-1	8.980424E-3
1.194694E-1	8.981883E-3
1.195655E-1	8.983032E-3
1.197154E-1	8.983820E-3
1.198196E-1	8.985446E-3
1.198756E-1	8.984439E-3
1.198736E-1	8.985007E-3
1.198615E-1	8.985201E-3
1.201185E-1	8.985227E-3
1.202185E-1	8.986234E-3
1.201860E-1	8.985201E-3
1.203538E-1	8.985265E-3
1.203986E-1	8.985278E-3
1.205837E-1	8.984413E-3
1.206225E-1	8.986466E-3
1.206564E-1	8.986621E-3
1.205118E-1	8.984852E-3
1.207857E-1	8.984891E-3
1.208720E-1	8.985433E-3
1.210401E-1	8.985524E-3
1.212995E-1	8.986118E-3
1.214930E-1	8.985175E-3
1.212757E-1	8.986040E-3
1.213363E-1	8.985846E-3
1.212172E-1	8.986402E-3
1.215189E-1	8.985085E-3
1.214761E-1	8.985666E-3
1.216835E-1	8.985188E-3
1.219005E-1	8.984956E-3
1.218770E-1	8.984168E-3
1.220277E-1	8.984478E-3
1.222873E-1	8.984000E-3
1.222510E-1	8.983419E-3
1.221217E-1	8.985072E-3
1.221645E-1	8.984994E-3
1.223578E-1	8.984943E-3
1.225884E-1	8.983729E-3
1.225137E-1	8.984400E-3
1.227242E-1	8.983445E-3
1.225686E-1	8.984581E-3
1.228384E-1	8.984413E-3
1.228228E-1	8.984413E-3
1.230171E-1	8.986027E-3
1.231278E-1	8.985498E-3
1.231843E-1	8.985214E-3
1.231633E-1	8.986092E-3
1.232762E-1	8.984594E-3
1.233082E-1	8.985679E-3
1.232993E-1	8.984994E-3
1.236029E-1	8.984581E-3
1.236279E-1	8.984994E-3
1.236765E-1	8.985227E-3
1.237371E-1	8.985123E-3
1.238442E-1	8.986853E-3
1.238314E-1	8.985149E-3
1.239481E-1	8.987305E-3
1.239539E-1	8.985924E-3
1.240962E-1	8.988648E-3
1.242839E-1	8.989707E-3
1.244363E-1	8.990326E-3
1.245197E-1	8.991579E-3
1.245643E-1	8.993296E-3
1.248667E-1	8.994922E-3
1.248301E-1	8.996794E-3
1.249211E-1	8.996988E-3
1.249475E-1	8.997336E-3
1.249319E-1	9.000048E-3
1.250052E-1	9.001429E-3
1.250801E-1	9.002991E-3
1.250909E-1	9.003030E-3
1.252896E-1	9.006929E-3
1.254324E-1	9.007858E-3
1.254698E-1	9.010234E-3
1.254077E-1	9.012080E-3
1.254445E-1	9.012738E-3
1.256498E-1	9.015940E-3
1.257029E-1	9.016727E-3
1.260294E-1	9.020588E-3
1.259578E-1	9.022627E-3
1.260182E-1	9.026333E-3
1.262865E-1	9.028372E-3
1.262373E-1	9.031987E-3
1.261282E-1	9.036364E-3
1.262353E-1	9.038855E-3
1.264670E-1	9.041967E-3
1.265165E-1	9.049054E-3
1.265186E-1	9.052463E-3
1.267698E-1	9.055652E-3
1.267008E-1	9.059254E-3
1.267770E-1	9.062171E-3
1.267753E-1	9.064895E-3
1.269273E-1	9.067103E-3
1.273047E-1	9.069336E-3
1.271866E-1	9.074397E-3
1.271923E-1	9.076179E-3
1.272704E-1	9.080271E-3
1.275053E-1	9.082453E-3
1.274180E-1	9.085242E-3
1.277599E-1	9.088624E-3
1.275985E-1	9.091684E-3
1.276173E-1	9.093336E-3
1.278306E-1	9.097132E-3
1.277998E-1	9.098604E-3
1.280465E-1	9.100940E-3
1.281966E-1	9.102619E-3
1.281598E-1	9.104788E-3
1.281668E-1	9.107034E-3
1.281344E-1	9.109448E-3
1.285397E-1	9.110597E-3
1.285016E-1	9.113424E-3
1.284409E-1	9.114845E-3
1.285169E-1	9.117878E-3
1.288321E-1	9.120409E-3
1.289460E-1	9.125108E-3
1.288801E-1	9.127664E-3
1.289469E-1	9.132183E-3
1.292833E-1	9.136353E-3
1.293430E-1	9.142085E-3
1.294951E-1	9.145054E-3
1.295059E-1	9.149857E-3
1.295845E-1	9.154246E-3
1.295902E-1	9.162767E-3
1.296709E-1	9.170513E-3
1.297982E-1	9.179279E-3
1.298852E-1	9.189336E-3
1.297208E-1	9.200929E-3
1.298591E-1	9.216228E-3
1.300813E-1	9.233876E-3
1.301722E-1	9.256495E-3
1.301711E-1	9.279501E-3
1.303257E-1	9.304959E-3
1.303231E-1	9.331090E-3
1.304048E-1	9.358382E-3
1.304703E-1	9.384834E-3
1.303113E-1	9.404406E-3
1.307181E-1	9.415057E-3
1.307436E-1	9.436991E-3
1.307275E-1	9.447216E-3
1.309065E-1	9.454627E-3
1.310141E-1	9.462308E-3
1.312118E-1	9.468725E-3
1.312142E-1	9.472843E-3
1.312718E-1	9.478885E-3
1.314240E-1	9.484023E-3
1.313459E-1	9.486760E-3
1.314880E-1	9.491395E-3
1.315168E-1	9.499283E-3
1.314872E-1	9.514452E-3
1.316798E-1	9.532165E-3
1.318709E-1	9.550394E-3
1.318729E-1	9.579145E-3
1.320902E-1	9.613680E-3
1.320806E-1	9.667696E-3
1.321966E-1	9.739128E-3
1.321161E-1	9.833268E-3
1.322771E-1	9.948905E-3
1.322945E-1	1.007577E-2
1.321569E-1	1.023237E-2
1.327168E-1	1.031948E-2
1.326433E-1	1.061729E-2
1.326391E-1	1.082854E-2
1.328320E-1	1.102418E-2
1.329716E-1	1.119099E-2
1.327987E-1	1.132472E-2
1.331212E-1	1.146249E-2
1.332341E-1	1.160691E-2
1.330950E-1	1.174925E-2
1.333192E-1	1.187109E-2
1.334015E-1	1.197853E-2
1.333139E-1	1.199998E-2
1.334002E-1	1.216190E-2
1.336454E-1	1.227258E-2
1.337969E-1	1.232871E-2
1.340202E-1	1.234517E-2
1.339897E-1	1.251328E-2
1.339881E-1	1.266352E-2
1.338990E-1	1.272108E-2
1.340600E-1	1.281650E-2
1.340063E-1	1.286197E-2
1.343178E-1	1.297084E-2
1.342454E-1	1.302339E-2
1.344370E-1	1.307554E-2
1.343833E-1	1.313688E-2
1.346380E-1	1.319549E-2
1.346298E-1	1.327873E-2
1.349074E-1	1.338168E-2
1.348595E-1	1.339715E-2
1.348512E-1	1.344852E-2
1.349819E-1	1.349113E-2
1.351462E-1	1.355211E-2
1.352819E-1	1.362421E-2
1.351485E-1	1.366664E-2
1.354054E-1	1.370941E-2
1.356119E-1	1.373372E-2
1.355149E-1	1.379059E-2
1.354690E-1	1.384471E-2
1.355533E-1	1.387760E-2
1.357503E-1	1.392573E-2
1.359501E-1	1.389752E-2
1.359843E-1	1.390772E-2
1.359062E-1	1.401202E-2
1.360958E-1	1.406560E-2
1.362126E-1	1.408068E-2
1.364937E-1	1.407272E-2
1.364268E-1	1.416618E-2
1.366303E-1	1.419256E-2
1.364364E-1	1.424118E-2
1.366053E-1	1.427154E-2
1.368893E-1	1.426305E-2
1.365997E-1	1.432387E-2
1.367077E-1	1.433545E-2
1.367451E-1	1.435857E-2
1.370204E-1	1.440600E-2
1.370254E-1	1.442651E-2
1.369054E-1	1.450458E-2
1.369996E-1	1.449983E-2
1.372417E-1	1.453825E-2
1.374477E-1	1.455942E-2
1.373485E-1	1.458919E-2
1.372827E-1	1.466852E-2
1.375115E-1	1.471506E-2
1.374504E-1	1.479363E-2
1.377207E-1	1.485339E-2
1.378826E-1	1.478414E-2
1.379435E-1	1.483499E-2
1.381337E-1	1.490317E-2
1.380469E-1	1.490675E-2
1.380550E-1	1.484810E-2
1.381414E-1	1.494265E-2
1.382174E-1	1.507627E-2
1.382729E-1	1.511318E-2
1.384084E-1	1.504806E-2
1.384416E-1	1.512351E-2
1.386301E-1	1.514517E-2
1.386417E-1	1.513429E-2
1.386551E-1	1.505650E-2
1.387706E-1	1.510537E-2
1.390692E-1	1.516982E-2
1.390244E-1	1.519863E-2
1.390123E-1	1.523522E-2
1.392582E-1	1.530650E-2
1.395566E-1	1.536338E-2
1.392886E-1	1.536360E-2
1.395458E-1	1.532129E-2
1.396728E-1	1.535886E-2
1.397036E-1	1.540463E-2
1.397488E-1	1.546547E-2
1.395774E-1	1.554264E-2
1.397841E-1	1.557971E-2
1.398462E-1	1.561690E-2
1.401442E-1	1.567648E-2
1.400556E-1	1.565386E-2
1.401326E-1	1.567206E-2
1.401810E-1	1.574853E-2
1.403664E-1	1.573685E-2
1.405540E-1	1.581497E-2
1.407125E-1	1.581477E-2
1.409729E-1	1.577567E-2
1.410592E-1	1.580300E-2
1.412817E-1	1.586915E-2
1.412791E-1	1.595330E-2
1.416170E-1	1.600431E-2
1.416437E-1	1.611171E-2
1.416495E-1	1.610684E-2
1.419276E-1	1.617520E-2
1.422839E-1	1.626272E-2
1.423383E-1	1.645258E-2
1.427419E-1	1.652451E-2
1.430884E-1	1.655816E-2
1.431778E-1	1.652780E-2
1.432844E-1	1.664799E-2
1.434435E-1	1.665653E-2
1.437535E-1	1.675170E-2
1.439055E-1	1.677517E-2
1.441518E-1	1.687879E-2
1.444665E-1	1.691903E-2
1.447988E-1	1.695069E-2
1.446044E-1	1.700291E-2
1.446980E-1	1.704452E-2
1.449815E-1	1.715691E-2
1.452180E-1	1.718947E-2
1.453277E-1	1.722914E-2
1.455539E-1	1.722150E-2
1.456839E-1	1.732269E-2
1.459511E-1	1.730823E-2
1.462316E-1	1.735426E-2
1.463065E-1	1.741972E-2
1.465056E-1	1.749234E-2
1.468185E-1	1.756707E-2
1.469574E-1	1.770403E-2
1.472972E-1	1.768077E-2
1.473905E-1	1.776956E-2
1.475602E-1	1.779835E-2
1.478857E-1	1.763878E-2
1.479549E-1	1.773544E-2
1.480625E-1	1.783114E-2
1.483735E-1	1.801862E-2
1.485311E-1	1.803475E-2
1.487964E-1	1.805477E-2
1.489822E-1	1.802867E-2
1.492151E-1	3.283079E-2
1.495408E-1	3.287905E-2
1.496887E-1	3.292334E-2
1.497568E-1	3.291046E-2
1.497471E-1	3.296292E-2
1.500896E-1	3.299532E-2
1.503274E-1	4.044749E-2
1.507526E-1	4.041152E-2
1.507098E-1	4.052017E-2
1.509511E-1	4.060595E-2
1.511027E-1	4.064361E-2
1.514573E-1	4.059923E-2
1.514618E-1	4.071886E-2
1.517630E-1	4.070089E-2
1.521319E-1	4.079717E-2
1.523899E-1	4.819019E-2
1.524256E-1	5.550189E-2
1.528440E-1	5.560450E-2
1.528336E-1	5.559385E-2
1.530909E-1	5.569173E-2
1.534774E-1	5.574625E-2
1.534340E-1	6.304869E-2
1.534871E-1	6.971775E-2
1.537445E-1	7.044648E-2
1.537809E-1	7.792318E-2
1.542713E-1	7.795559E-2
1.546715E-1	7.799987E-2
1.547893E-1	8.536588E-2
1.549321E-1	1.147000E-1
1.551205E-1	1.293359E-1
1.551022E-1	1.470859E-1
1.554052E-1	1.571154E-1
1.557805E-1	1.810139E-1
1.557782E-1	1.809728E-1
1.560816E-1	1.958742E-1
1.561091E-1	2.105445E-1
1.564621E-1	2.252417E-1
1.568892E-1	2.425849E-1
1.570338E-1	2.820601E-1
1.571796E-1	3.207910E-1
1.572883E-1	3.320556E-1
1.574993E-1	3.766454E-1
1.576419E-1	4.016044E-1
1.581231E-1	4.208852E-1
1.582400E-1	4.605525E-1
1.582253E-1	5.003429E-1
1.584218E-1	5.527794E-1
1.591441E-1	5.794167E-1
1.592370E-1	6.645309E-1
1.593044E-1	7.320955E-1
1.594308E-1	8.096457E-1
1.597464E-1	8.643322E-1
1.598963E-1	9.768116E-1
1.601378E-1	1.082198E+0
1.605622E-1	1.172756E+0
1.606612E-1	1.292221E+0
1.606617E-1	1.451640E+0
1.610347E-1	1.502084E+0
1.612307E-1	1.767911E+0
1.613163E-1	1.923782E+0
1.614160E-1	2.120976E+0
1.618467E-1	2.317306E+0
1.622006E-1	2.529938E+0
1.622960E-1	2.821211E+0
1.622497E-1	3.095021E+0
1.626148E-1	3.358149E+0
1.626797E-1	3.735041E+0
1.632281E-1	4.011145E+0
1.632107E-1	4.318880E+0
1.633588E-1	4.593400E+0
1.636558E-1	4.937097E+0
1.637765E-1	5.294597E+0
1.641247E-1	5.530916E+0
1.643207E-1	5.530878E+0
1.644433E-1	5.530842E+0
1.646210E-1	5.530802E+0
1.648381E-1	5.529556E+0
1.652307E-1	5.529339E+0
1.653210E-1	5.529435E+0
1.654135E-1	5.529862E+0
1.657907E-1	5.529641E+0
1.661737E-1	5.530572E+0
1.663629E-1	5.530260E+0
1.663988E-1	5.528413E+0
1.665049E-1	5.528435E+0
1.666997E-1	5.528423E+0
1.670346E-1	5.528295E+0
1.672290E-1	5.528400E+0
1.675614E-1	5.528200E+0
1.675758E-1	5.528288E+0
1.679710E-1	5.528209E+0
1.682931E-1	5.528242E+0
1.685658E-1	5.528238E+0
1.685965E-1	5.528373E+0
1.688552E-1	5.528354E+0
1.691249E-1	5.528363E+0
1.694823E-1	5.528078E+0
1.694920E-1	5.528466E+0
1.698035E-1	5.528252E+0
1.699179E-1	5.528359E+0
1.702558E-1	5.528324E+0
1.704475E-1	5.528556E+0
1.705517E-1	5.528504E+0
1.707712E-1	5.528676E+0
1.709244E-1	5.528618E+0
1.711010E-1	5.528701E+0
1.714173E-1	5.528672E+0
1.718141E-1	5.528630E+0
