1.163777E-1	8.981044E-3
1.164384E-1	8.981522E-3
1.165478E-1	8.980876E-3
1.164406E-1	8.980889E-3
1.162926E-1	8.979069E-3
1.165722E-1	8.980076E-3
1.165345E-1	8.978100E-3
1.166183E-1	8.980760E-3
1.164012E-1	8.980011E-3
1.163148E-1	8.981522E-3
1.164261E-1	8.981793E-3
1.163863E-1	8.981392E-3
1.164919E-1	8.982361E-3
1.163553E-1	8.981070E-3
1.164582E-1	8.981134E-3
1.166206E-1	8.980863E-3
1.165679E-1	8.981431E-3
1.164734E-1	8.980850E-3
1.165238E-1	8.981948E-3
1.165005E-1	8.982567E-3
1.165130E-1	8.981702E-3
1.165913E-1	8.981392E-3
1.166053E-1	8.981857E-3
1.166005E-1	8.982309E-3
1.165189E-1	8.982503E-3
1.164141E-1	8.981147E-3
1.165955E-1	8.982425E-3
1.164741E-1	8.982541E-3
1.164925E-1	8.982077E-3
1.166450E-1	8.981470E-3
1.168421E-1	8.983239E-3
1.167144E-1	8.982761E-3
1.165058E-1	8.982244E-3
1.164778E-1	8.981767E-3
1.167500E-1	8.982141E-3
1.167413E-1	8.982374E-3
1.166608E-1	8.981070E-3
1.168174E-1	8.981018E-3
1.166970E-1	8.982903E-3
1.165340E-1	8.982438E-3
1.166501E-1	8.981160E-3
1.167005E-1	8.982077E-3
1.167628E-1	8.981896E-3
1.166002E-1	8.982399E-3
1.166540E-1	8.982219E-3
1.167470E-1	8.982374E-3
1.166954E-1	8.982580E-3
1.166899E-1	8.982128E-3
1.167805E-1	8.981057E-3
1.166959E-1	8.981689E-3
1.165293E-1	8.981896E-3
1.166204E-1	8.980631E-3
1.166847E-1	8.982877E-3
1.167246E-1	8.981534E-3
1.165979E-1	8.980979E-3
1.167004E-1	8.981315E-3
1.165117E-1	8.981651E-3
1.166429E-1	8.982761E-3
1.166866E-1	8.981315E-3
1.165621E-1	8.981496E-3
1.165027E-1	8.981831E-3
1.168355E-1	8.981212E-3
1.168399E-1	8.981005E-3
1.166290E-1	8.981496E-3
1.165561E-1	8.981664E-3
1.166053E-1	8.981664E-3
1.168338E-1	8.981509E-3
1.167582E-1	8.982554E-3
1.167555E-1	8.980811E-3
1.167008E-1	8.982038E-3
1.167891E-1	8.981250E-3
1.165760E-1	8.982554E-3
1.167789E-1	8.980695E-3
1.167567E-1	8.981560E-3
1.166983E-1	8.981818E-3
1.166933E-1	8.981741E-3
1.166866E-1	8.981225E-3
1.167963E-1	8.981405E-3
1.167050E-1	8.981173E-3
1.167705E-1	8.980295E-3
1.167186E-1	8.980502E-3
1.167453E-1	8.980127E-3
1.167896E-1	8.980450E-3
1.166896E-1	8.980579E-3
1.166723E-1	8.981238E-3
1.164714E-1	8.981121E-3
1.166847E-1	8.981083E-3
1.166909E-1	8.982387E-3
1.170119E-1	8.981302E-3
1.170149E-1	8.982206E-3
1.168241E-1	8.982283E-3
1.168562E-1	8.982490E-3
1.167868E-1	8.981547E-3
1.166198E-1	8.981483E-3
1.167365E-1	8.982335E-3
1.166090E-1	8.982270E-3
1.165543E-1	8.982412E-3
1.168831E-1	8.983329E-3
1.168122E-1	8.982180E-3
1.168487E-1	8.982825E-3
1.167726E-1	8.982283E-3
1.166369E-1	8.981767E-3
1.167207E-1	8.982929E-3
1.167674E-1	8.982399E-3
1.168072E-1	8.981767E-3
1.167663E-1	8.981341E-3
1.169038E-1	8.980450E-3
1.168365E-1	8.982683E-3
1.168513E-1	8.982374E-3
1.168690E-1	8.981509E-3
1.167391E-1	8.981509E-3
1.165556E-1	8.981405E-3
1.165159E-1	8.981689E-3
1.167430E-1	8.982567E-3
1.166695E-1	8.981780E-3
1.166149E-1	8.981160E-3
1.168881E-1	8.982477E-3
1.169464E-1	8.980295E-3
1.170249E-1	8.981121E-3
1.168017E-1	8.981689E-3
1.167556E-1	8.982012E-3
1.168219E-1	8.981108E-3
1.168119E-1	8.982387E-3
1.168712E-1	8.982399E-3
1.167729E-1	8.983019E-3
1.167717E-1	8.983471E-3
1.169035E-1	8.982038E-3
1.168382E-1	8.982077E-3
1.168931E-1	8.982516E-3
1.167665E-1	8.982955E-3
1.170334E-1	8.982219E-3
1.169656E-1	8.983135E-3
1.169202E-1	8.983239E-3
1.170876E-1	8.982335E-3
1.169474E-1	8.982645E-3
1.170534E-1	8.983536E-3
1.169681E-1	8.982309E-3
1.170143E-1	8.984297E-3
1.170033E-1	8.982813E-3
1.170083E-1	8.982167E-3
1.168161E-1	8.983703E-3
1.170490E-1	8.983381E-3
1.169301E-1	8.982825E-3
1.167870E-1	8.982813E-3
1.166619E-1	8.982696E-3
1.167975E-1	8.982309E-3
1.169698E-1	8.983368E-3
1.169715E-1	8.982025E-3
1.172209E-1	8.982580E-3
1.172038E-1	8.984078E-3
1.170398E-1	8.983342E-3
1.167199E-1	8.981483E-3
1.169337E-1	8.983006E-3
1.169283E-1	8.983884E-3
1.168847E-1	8.982619E-3
1.170030E-1	8.984297E-3
1.168776E-1	8.983213E-3
1.168033E-1	8.983355E-3
1.169098E-1	8.983458E-3
1.168429E-1	8.982283E-3
1.170671E-1	8.982967E-3
1.170384E-1	8.983858E-3
1.170762E-1	8.981534E-3
1.168802E-1	8.982696E-3
1.169592E-1	8.983239E-3
1.169148E-1	8.984852E-3
1.170691E-1	8.981935E-3
1.171072E-1	8.982993E-3
1.170261E-1	8.982064E-3
1.170770E-1	8.982038E-3
1.170013E-1	8.982025E-3
1.169910E-1	8.981676E-3
1.169594E-1	8.982064E-3
1.169893E-1	8.981793E-3
1.168035E-1	8.983355E-3
1.169098E-1	8.983613E-3
1.169299E-1	8.983523E-3
1.169199E-1	8.983071E-3
1.170498E-1	8.982425E-3
1.170075E-1	8.982787E-3
1.169719E-1	8.983807E-3
1.169797E-1	8.982813E-3
1.171031E-1	8.982012E-3
1.170047E-1	8.982451E-3
1.169792E-1	8.982658E-3
1.171106E-1	8.982180E-3
1.170990E-1	8.982554E-3
1.171623E-1	8.982167E-3
1.170668E-1	8.982128E-3
1.170104E-1	8.982141E-3
1.170263E-1	8.982180E-3
1.168581E-1	8.981457E-3
1.170172E-1	8.982490E-3
1.169213E-1	8.983290E-3
1.170879E-1	8.982038E-3
1.169552E-1	8.982774E-3
1.169293E-1	8.982141E-3
1.167283E-1	8.982399E-3
1.167225E-1	8.982335E-3
1.168742E-1	8.981586E-3
1.167953E-1	8.983135E-3
1.168038E-1	8.982425E-3
1.168914E-1	8.983871E-3
1.170072E-1	8.982102E-3
1.168805E-1	8.982658E-3
1.170907E-1	8.983587E-3
1.172766E-1	8.982993E-3
1.171842E-1	8.982825E-3
1.171563E-1	8.983122E-3
1.168953E-1	8.982335E-3
1.169822E-1	8.982877E-3
1.170372E-1	8.982735E-3
1.168041E-1	8.982503E-3
1.168432E-1	8.981534E-3
1.169276E-1	8.982193E-3
1.169617E-1	8.982387E-3
1.170106E-1	8.982632E-3
1.170127E-1	8.983226E-3
1.168999E-1	8.982090E-3
1.170043E-1	8.982619E-3
1.170524E-1	8.981844E-3
1.169888E-1	8.981844E-3
1.168614E-1	8.981689E-3
1.170191E-1	8.981431E-3
1.169761E-1	8.981315E-3
1.169572E-1	8.982593E-3
1.170805E-1	8.981973E-3
1.170955E-1	8.981973E-3
1.169583E-1	8.981612E-3
1.168893E-1	8.981238E-3
1.169668E-1	8.982503E-3
1.167047E-1	8.982064E-3
1.171032E-1	8.981625E-3
1.170756E-1	8.982102E-3
1.168167E-1	8.982012E-3
1.173619E-1	8.981444E-3
1.170715E-1	8.982012E-3
1.170190E-1	8.982115E-3
1.172650E-1	8.982593E-3
1.170447E-1	8.981728E-3
1.169931E-1	8.981638E-3
1.171500E-1	8.982399E-3
1.171764E-1	8.982464E-3
1.171671E-1	8.983794E-3
1.170811E-1	8.981883E-3
1.169871E-1	8.982632E-3
1.168650E-1	8.981935E-3
1.171291E-1	8.982864E-3
1.171212E-1	8.981689E-3
1.172162E-1	8.982864E-3
1.171703E-1	8.981831E-3
1.172059E-1	8.982012E-3
1.171490E-1	8.982567E-3
1.171194E-1	8.982658E-3
1.169634E-1	8.983109E-3
1.170300E-1	8.983342E-3
1.170070E-1	8.982671E-3
1.170287E-1	8.983109E-3
1.172857E-1	8.983845E-3
1.172004E-1	8.983200E-3
1.170087E-1	8.982580E-3
1.172104E-1	8.981909E-3
1.170858E-1	8.982671E-3
1.169826E-1	8.983303E-3
1.170437E-1	8.983497E-3
1.171290E-1	8.983897E-3
1.171362E-1	8.982955E-3
1.171634E-1	8.982141E-3
1.169050E-1	8.982322E-3
1.167492E-1	8.982438E-3
1.169387E-1	8.984426E-3
1.171637E-1	8.982645E-3
1.171584E-1	8.983355E-3
1.170001E-1	8.983832E-3
1.171051E-1	8.983251E-3
1.174541E-1	8.982567E-3
1.172450E-1	8.982619E-3
1.171456E-1	8.982671E-3
1.170398E-1	8.982787E-3
1.170873E-1	8.982877E-3
1.170851E-1	8.982387E-3
1.173282E-1	8.982916E-3
1.173245E-1	8.983484E-3
1.170479E-1	8.981547E-3
1.171211E-1	8.982477E-3
1.171558E-1	8.983303E-3
1.169283E-1	8.982154E-3
1.168305E-1	8.981986E-3
1.170532E-1	8.983497E-3
1.170782E-1	8.982322E-3
1.169765E-1	8.982361E-3
1.171482E-1	8.982244E-3
1.172096E-1	8.981625E-3
1.171078E-1	8.981444E-3
1.171720E-1	8.983277E-3
1.172410E-1	8.982283E-3
1.172418E-1	8.981199E-3
1.170600E-1	8.982438E-3
1.170733E-1	8.982296E-3
1.170242E-1	8.983639E-3
1.171553E-1	8.982477E-3
1.171439E-1	8.981186E-3
1.171313E-1	8.981638E-3
1.171257E-1	8.981999E-3
1.171283E-1	8.982322E-3
1.169826E-1	8.982529E-3
1.169453E-1	8.983006E-3
1.170536E-1	8.982464E-3
1.172936E-1	8.982619E-3
1.170343E-1	8.982283E-3
1.171354E-1	8.982374E-3
1.170887E-1	8.982154E-3
1.170378E-1	8.982270E-3
1.170148E-1	8.983316E-3
1.172054E-1	8.984258E-3
1.170856E-1	8.984323E-3
1.171023E-1	8.983006E-3
1.171837E-1	8.982541E-3
1.173814E-1	8.981831E-3
1.173039E-1	8.982696E-3
1.172871E-1	8.982219E-3
1.171939E-1	8.983716E-3
1.171879E-1	8.982929E-3
1.171904E-1	8.982387E-3
1.172650E-1	8.982567E-3
1.170808E-1	8.982154E-3
1.169975E-1	8.982916E-3
1.170605E-1	8.983936E-3
1.170477E-1	8.982955E-3
1.172342E-1	8.982761E-3
1.170516E-1	8.981612E-3
1.170485E-1	8.981922E-3
1.171366E-1	8.982813E-3
1.172799E-1	8.981883E-3
1.173100E-1	8.979856E-3
1.172359E-1	8.981728E-3
1.168992E-1	8.982012E-3
1.170008E-1	8.981909E-3
1.169818E-1	8.981935E-3
1.171023E-1	8.983548E-3
1.169657E-1	8.982219E-3
1.171566E-1	8.981212E-3
1.172616E-1	8.981754E-3
1.172582E-1	8.982658E-3
1.171453E-1	8.982438E-3
1.171608E-1	8.983910E-3
1.170495E-1	8.983213E-3
1.172545E-1	8.983148E-3
1.173414E-1	8.981651E-3
1.171760E-1	8.981457E-3
1.171786E-1	8.982825E-3
1.171096E-1	8.981728E-3
1.169190E-1	8.981625E-3
1.171514E-1	8.982503E-3
1.172177E-1	8.982361E-3
1.171002E-1	8.982516E-3
1.172836E-1	8.982825E-3
1.173295E-1	8.982580E-3
1.174611E-1	8.982890E-3
1.174413E-1	8.982632E-3
1.172929E-1	8.981844E-3
1.172417E-1	8.982219E-3
1.171464E-1	8.982090E-3
1.170913E-1	8.982322E-3
1.173264E-1	8.983019E-3
1.171033E-1	8.982800E-3
1.173355E-1	8.982412E-3
1.174536E-1	8.982219E-3
1.172219E-1	8.981483E-3
1.172994E-1	8.983187E-3
1.172950E-1	8.982374E-3
1.172653E-1	8.982477E-3
1.170868E-1	8.983187E-3
1.171761E-1	8.983962E-3
1.169775E-1	8.982477E-3
1.169994E-1	8.981302E-3
1.170784E-1	8.981793E-3
1.171566E-1	8.982361E-3
1.170686E-1	8.981547E-3
1.171377E-1	8.983316E-3
1.172415E-1	8.981780E-3
1.171671E-1	8.981806E-3
1.171258E-1	8.982800E-3
1.170858E-1	8.981896E-3
1.171438E-1	8.982064E-3
1.170691E-1	8.981612E-3
1.169742E-1	8.981031E-3
1.171698E-1	8.982800E-3
1.174179E-1	8.982051E-3
1.171855E-1	8.981134E-3
1.169772E-1	8.981509E-3
1.169796E-1	8.981728E-3
1.170770E-1	8.982064E-3
1.170846E-1	8.982309E-3
1.170999E-1	8.982490E-3
1.173441E-1	8.981612E-3
1.173860E-1	8.982244E-3
1.172842E-1	8.983161E-3
1.172286E-1	8.983122E-3
1.171444E-1	8.981083E-3
1.173782E-1	8.983058E-3
1.172558E-1	8.982645E-3
1.172920E-1	8.982477E-3
1.173188E-1	8.982244E-3
1.171816E-1	8.982825E-3
1.172666E-1	8.981457E-3
1.172660E-1	8.982438E-3
1.171931E-1	8.982593E-3
1.171355E-1	8.981173E-3
1.171997E-1	8.981767E-3
1.173282E-1	8.982180E-3
1.171521E-1	8.983187E-3
1.171953E-1	8.982348E-3
1.172509E-1	8.981612E-3
1.172833E-1	8.981806E-3
1.173023E-1	8.982955E-3
1.173409E-1	8.982541E-3
1.173700E-1	8.983729E-3
1.171406E-1	8.982270E-3
1.171527E-1	8.981857E-3
1.171957E-1	8.980863E-3
1.172858E-1	8.981883E-3
1.174511E-1	8.981405E-3
1.173209E-1	8.981405E-3
1.171729E-1	8.982787E-3
1.170075E-1	8.982825E-3
1.170765E-1	8.981534E-3
1.173702E-1	8.982374E-3
1.174392E-1	8.981973E-3
1.174350E-1	8.981857E-3
1.173471E-1	8.981986E-3
1.172887E-1	8.980941E-3
1.172668E-1	8.982399E-3
1.171267E-1	8.982942E-3
1.171991E-1	8.982283E-3
1.173204E-1	8.981392E-3
1.172285E-1	8.982451E-3
1.171296E-1	8.981857E-3
1.171955E-1	8.982541E-3
1.171968E-1	8.982283E-3
1.172967E-1	8.981418E-3
1.173120E-1	8.982219E-3
1.173642E-1	8.980153E-3
1.171621E-1	8.980773E-3
1.171868E-1	8.981083E-3
1.174002E-1	8.981095E-3
1.172765E-1	8.981780E-3
1.173708E-1	8.980424E-3
1.172808E-1	8.980566E-3
1.172375E-1	8.981483E-3
1.171417E-1	8.982077E-3
1.171936E-1	8.982490E-3
1.171358E-1	8.982270E-3
1.171893E-1	8.982051E-3
1.171256E-1	8.981702E-3
1.170621E-1	8.981780E-3
1.173776E-1	8.982232E-3
1.176025E-1	8.981276E-3
1.172378E-1	8.982425E-3
1.171401E-1	8.980566E-3
1.172899E-1	8.980734E-3
1.174185E-1	8.981392E-3
1.172747E-1	8.981018E-3
1.172836E-1	8.982387E-3
1.170707E-1	8.981431E-3
1.172041E-1	8.980837E-3
1.170869E-1	8.982374E-3
1.170314E-1	8.981392E-3
1.172834E-1	8.980411E-3
1.170947E-1	8.980902E-3
1.172584E-1	8.982593E-3
1.171486E-1	8.981831E-3
1.173052E-1	8.981547E-3
1.174112E-1	8.981018E-3
1.174404E-1	8.981612E-3
1.172193E-1	8.983161E-3
1.171269E-1	8.981470E-3
1.171913E-1	8.981741E-3
1.172709E-1	8.981896E-3
1.173224E-1	8.981857E-3
1.172714E-1	8.981522E-3
1.173663E-1	8.983574E-3
1.173090E-1	8.982567E-3
1.172003E-1	8.982025E-3
1.172292E-1	8.982787E-3
1.172702E-1	8.981999E-3
1.173536E-1	8.980476E-3
1.173350E-1	8.981522E-3
1.172094E-1	8.981083E-3
1.170723E-1	8.982658E-3
1.173492E-1	8.981625E-3
1.172668E-1	8.981689E-3
1.172777E-1	8.981767E-3
1.173054E-1	8.981741E-3
1.172896E-1	8.981522E-3
1.173269E-1	8.983045E-3
1.173088E-1	8.983097E-3
1.173544E-1	8.981599E-3
1.172197E-1	8.981483E-3
1.172260E-1	8.982658E-3
1.171561E-1	8.981289E-3
1.172400E-1	8.981496E-3
1.172523E-1	8.981341E-3
1.173543E-1	8.981534E-3
1.171815E-1	8.981664E-3
1.174816E-1	8.982903E-3
1.170420E-1	8.983548E-3
1.171493E-1	8.983174E-3
1.173193E-1	8.982864E-3
1.172992E-1	8.982438E-3
1.171360E-1	8.981986E-3
1.171232E-1	8.982257E-3
1.174214E-1	8.981999E-3
1.173556E-1	8.982387E-3
1.173282E-1	8.983329E-3
1.172650E-1	8.982141E-3
1.171677E-1	8.982851E-3
1.171239E-1	8.982593E-3
1.171881E-1	8.981250E-3
1.173389E-1	8.981651E-3
1.173548E-1	8.981392E-3
1.172713E-1	8.982580E-3
1.173932E-1	8.981405E-3
1.171548E-1	8.982064E-3
1.171461E-1	8.981948E-3
1.172900E-1	8.984052E-3
1.174450E-1	8.982477E-3
1.171644E-1	8.982025E-3
1.172673E-1	8.981328E-3
1.172214E-1	8.981121E-3
1.170757E-1	8.982387E-3
1.171438E-1	8.983652E-3
1.172529E-1	8.980953E-3
1.173156E-1	8.982361E-3
1.174070E-1	8.982671E-3
1.173445E-1	8.980218E-3
1.171472E-1	8.979133E-3
1.171932E-1	8.981134E-3
1.168569E-1	8.982154E-3
1.171208E-1	8.982090E-3
1.169539E-1	8.981612E-3
1.170072E-1	8.981418E-3
1.172862E-1	8.981728E-3
1.172326E-1	8.982554E-3
1.172791E-1	8.982864E-3
1.171012E-1	8.981522E-3
1.173154E-1	8.981367E-3
1.174320E-1	8.982761E-3
1.174028E-1	8.982503E-3
1.171566E-1	8.982748E-3
1.172781E-1	8.982374E-3
1.171757E-1	8.983536E-3
1.174442E-1	8.983122E-3
1.173510E-1	8.983032E-3
1.171929E-1	8.982955E-3
1.173196E-1	8.983342E-3
1.174209E-1	8.982980E-3
1.171809E-1	8.983058E-3
1.173418E-1	8.983368E-3
1.173760E-1	8.982206E-3
1.173019E-1	8.980721E-3
1.172709E-1	8.982438E-3
1.174476E-1	8.982180E-3
1.175060E-1	8.982399E-3
1.173167E-1	8.982580E-3
1.172125E-1	8.982012E-3
1.171808E-1	8.982593E-3
1.173048E-1	8.982232E-3
1.172684E-1	8.982903E-3
1.172096E-1	8.982748E-3
1.171655E-1	8.983290E-3
1.170873E-1	8.982180E-3
1.172527E-1	8.981315E-3
1.173170E-1	8.981134E-3
1.172292E-1	8.981702E-3
1.171897E-1	8.981509E-3
1.172646E-1	8.981573E-3
1.174225E-1	8.982916E-3
1.174424E-1	8.982141E-3
1.173289E-1	8.982541E-3
1.173514E-1	8.982219E-3
1.173065E-1	8.982503E-3
1.172389E-1	8.983058E-3
1.172705E-1	8.982322E-3
1.173549E-1	8.982541E-3
1.171555E-1	8.983187E-3
1.173357E-1	8.984065E-3
1.172916E-1	8.983458E-3
1.172775E-1	8.981199E-3
1.170981E-1	8.982296E-3
1.171918E-1	8.984181E-3
1.171942E-1	8.982412E-3
1.170724E-1	8.982554E-3
1.169448E-1	8.983213E-3
1.172128E-1	8.983832E-3
1.172548E-1	8.982193E-3
1.172543E-1	8.981883E-3
1.172952E-1	8.982735E-3
1.173080E-1	8.981638E-3
1.173041E-1	8.981676E-3
1.173070E-1	8.982244E-3
1.173350E-1	8.983135E-3
1.173414E-1	8.981831E-3
1.174556E-1	8.983303E-3
1.172755E-1	8.982374E-3
1.174335E-1	8.981844E-3
1.171260E-1	8.981986E-3
1.171782E-1	8.980618E-3
1.172926E-1	8.982128E-3
1.173115E-1	8.982438E-3
1.175152E-1	8.982696E-3
1.174031E-1	8.983393E-3
1.172914E-1	8.983794E-3
1.172431E-1	8.981754E-3
1.173012E-1	8.981625E-3
1.173517E-1	8.983949E-3
1.173162E-1	8.982425E-3
1.172859E-1	8.981289E-3
1.174345E-1	8.981702E-3
1.172865E-1	8.982838E-3
1.174078E-1	8.984013E-3
1.171737E-1	8.980837E-3
1.172072E-1	8.981121E-3
1.172031E-1	8.982838E-3
1.172497E-1	8.982993E-3
1.172867E-1	8.982128E-3
1.171905E-1	8.981612E-3
1.170553E-1	8.982167E-3
1.171752E-1	8.981638E-3
1.171427E-1	8.980889E-3
1.174172E-1	8.982270E-3
1.172582E-1	8.981973E-3
1.174290E-1	8.982335E-3
1.173540E-1	8.983032E-3
1.172535E-1	8.981922E-3
1.173613E-1	8.982387E-3
1.173351E-1	8.982632E-3
1.172376E-1	8.982090E-3
1.172268E-1	8.982529E-3
1.172226E-1	8.983148E-3
1.172086E-1	8.981586E-3
1.172595E-1	8.981909E-3
1.171978E-1	8.982993E-3
1.173912E-1	8.982283E-3
1.173804E-1	8.982399E-3
1.173569E-1	8.982374E-3
1.172485E-1	8.982257E-3
1.171495E-1	8.982903E-3
1.172976E-1	8.981031E-3
1.170833E-1	8.982206E-3
1.171756E-1	8.980941E-3
1.173852E-1	8.981509E-3
1.173429E-1	8.981560E-3
1.173107E-1	8.980850E-3
1.173473E-1	8.982012E-3
1.171868E-1	8.982025E-3
1.171521E-1	8.981380E-3
1.170943E-1	8.981392E-3
1.170913E-1	8.981689E-3
1.169094E-1	8.982864E-3
1.169965E-1	8.983006E-3
1.170364E-1	8.982335E-3
1.171808E-1	8.982141E-3
1.173026E-1	8.981121E-3
1.172265E-1	8.982567E-3
1.170369E-1	8.982580E-3
1.173227E-1	8.981948E-3
1.171184E-1	8.982064E-3
1.171931E-1	8.981121E-3
1.170587E-1	8.981664E-3
1.171944E-1	8.982025E-3
1.173052E-1	8.981586E-3
1.172198E-1	8.980140E-3
1.173301E-1	8.982012E-3
1.171332E-1	8.981612E-3
1.173149E-1	8.981960E-3
1.173473E-1	8.981676E-3
1.171940E-1	8.980566E-3
1.170960E-1	8.981676E-3
1.172324E-1	8.982206E-3
1.173619E-1	8.983045E-3
1.172912E-1	8.983187E-3
1.171360E-1	8.982115E-3
1.174230E-1	8.983187E-3
1.172094E-1	8.982593E-3
1.169852E-1	8.982374E-3
1.171686E-1	8.980953E-3
1.172764E-1	8.981715E-3
1.172245E-1	8.981973E-3
1.171583E-1	8.981741E-3
1.171328E-1	8.981263E-3
1.171929E-1	8.981922E-3
1.173261E-1	8.982632E-3
1.173159E-1	8.982709E-3
1.173109E-1	8.983406E-3
1.171372E-1	8.982877E-3
1.172677E-1	8.982309E-3
1.173451E-1	8.981534E-3
1.174548E-1	8.982309E-3
1.174637E-1	8.983303E-3
1.172067E-1	8.982025E-3
1.172951E-1	8.983445E-3
1.173854E-1	8.982942E-3
1.171779E-1	8.983045E-3
1.172261E-1	8.982619E-3
1.170842E-1	8.982774E-3
1.171257E-1	8.982154E-3
1.171485E-1	8.981676E-3
1.171193E-1	8.981960E-3
1.171123E-1	8.982722E-3
1.171756E-1	8.982451E-3
1.173467E-1	8.982490E-3
1.173455E-1	8.982890E-3
1.173026E-1	8.982993E-3
1.172214E-1	8.982102E-3
1.173185E-1	8.981083E-3
1.173232E-1	8.982374E-3
1.171610E-1	8.981444E-3
1.171024E-1	8.981070E-3
1.171099E-1	8.981948E-3
1.169501E-1	8.982232E-3
1.170665E-1	8.981496E-3
1.169464E-1	8.981896E-3
1.171820E-1	8.981547E-3
1.170469E-1	8.983161E-3
1.171342E-1	8.983058E-3
1.170422E-1	8.982335E-3
1.170401E-1	8.982257E-3
1.172571E-1	8.982219E-3
1.172783E-1	8.983832E-3
1.172078E-1	8.982877E-3
1.173130E-1	8.982632E-3
1.174010E-1	8.983032E-3
1.172288E-1	8.983820E-3
1.173075E-1	8.983703E-3
1.173838E-1	8.982219E-3
1.172653E-1	8.983032E-3
1.170987E-1	8.982322E-3
1.170453E-1	8.983161E-3
1.173852E-1	8.984116E-3
1.172726E-1	8.983213E-3
1.170894E-1	8.981780E-3
1.172076E-1	8.981496E-3
1.171833E-1	8.982193E-3
1.171669E-1	8.981806E-3
1.172990E-1	8.982090E-3
1.171836E-1	8.982671E-3
1.171879E-1	8.982477E-3
1.172164E-1	8.981999E-3
1.172116E-1	8.982800E-3
1.169967E-1	8.982993E-3
1.173342E-1	8.982503E-3
1.171527E-1	8.982361E-3
1.172736E-1	8.982219E-3
1.171116E-1	8.982296E-3
1.171203E-1	8.983510E-3
1.171978E-1	8.981483E-3
1.172211E-1	8.982916E-3
1.172031E-1	8.982813E-3
1.170262E-1	8.983200E-3
1.172749E-1	8.981483E-3
1.170644E-1	8.982180E-3
1.170733E-1	8.981418E-3
1.170669E-1	8.981715E-3
1.169356E-1	8.982606E-3
1.171478E-1	8.982774E-3
1.172600E-1	8.981767E-3
1.173823E-1	8.981960E-3
1.173261E-1	8.983355E-3
1.172312E-1	8.981263E-3
1.173128E-1	8.982632E-3
1.170737E-1	8.980953E-3
1.171618E-1	8.982012E-3
1.170676E-1	8.981999E-3
1.170663E-1	8.981470E-3
1.171999E-1	8.981560E-3
1.172096E-1	8.981509E-3
1.171427E-1	8.981806E-3
1.170707E-1	8.981728E-3
1.171091E-1	8.982387E-3
1.170952E-1	8.981108E-3
1.172646E-1	8.980721E-3
1.173624E-1	8.983071E-3
1.172917E-1	8.981651E-3
1.172023E-1	8.980760E-3
1.172951E-1	8.982374E-3
1.171142E-1	8.981225E-3
1.170741E-1	8.983303E-3
1.171900E-1	8.980902E-3
1.172731E-1	8.981418E-3
1.173349E-1	8.983097E-3
1.172438E-1	8.981044E-3
1.170859E-1	8.982438E-3
1.170122E-1	8.981793E-3
1.169672E-1	8.982709E-3
1.171689E-1	8.982554E-3
1.173272E-1	8.981986E-3
1.173564E-1	8.983910E-3
1.170684E-1	8.982490E-3
1.169931E-1	8.981173E-3
1.171786E-1	8.982335E-3
1.171947E-1	8.983148E-3
1.170152E-1	8.981638E-3
1.169839E-1	8.983161E-3
1.171660E-1	8.981973E-3
1.171681E-1	8.982374E-3
1.170114E-1	8.982942E-3
1.172065E-1	8.982335E-3
1.171699E-1	8.982412E-3
1.171481E-1	8.982516E-3
1.172671E-1	8.982438E-3
1.171495E-1	8.981121E-3
1.171519E-1	8.981431E-3
1.170894E-1	8.982296E-3
1.171167E-1	8.982090E-3
1.171277E-1	8.982438E-3
1.171453E-1	8.982270E-3
1.171080E-1	8.983703E-3
1.173632E-1	8.981199E-3
1.171940E-1	8.983200E-3
1.170676E-1	8.982296E-3
1.171398E-1	8.981263E-3
1.169393E-1	8.981302E-3
1.170165E-1	8.982774E-3
1.169720E-1	8.982825E-3
1.170593E-1	8.982864E-3
1.171086E-1	8.981225E-3
1.169678E-1	8.982244E-3
1.170740E-1	8.982412E-3
1.170482E-1	8.982219E-3
1.170668E-1	8.982077E-3
1.169483E-1	8.982825E-3
1.168165E-1	8.983006E-3
1.172052E-1	8.983187E-3
1.172850E-1	8.983393E-3
1.172616E-1	8.982529E-3
1.171449E-1	8.981922E-3
1.172324E-1	8.982503E-3
1.171126E-1	8.981999E-3
1.170508E-1	8.981573E-3
1.171142E-1	8.982619E-3
1.171520E-1	8.981625E-3
1.174196E-1	8.981147E-3
1.172317E-1	8.982425E-3
1.171910E-1	8.981741E-3
1.172346E-1	8.982606E-3
1.172783E-1	8.982283E-3
1.171984E-1	8.982012E-3
1.170385E-1	8.982206E-3
1.173062E-1	8.982374E-3
1.172789E-1	8.982761E-3
1.170375E-1	8.983510E-3
1.170841E-1	8.981960E-3
1.171059E-1	8.981250E-3
1.170238E-1	8.981005E-3
1.171421E-1	8.982787E-3
1.170458E-1	8.983122E-3
1.170887E-1	8.983523E-3
1.172067E-1	8.981431E-3
1.172091E-1	8.982335E-3
1.170856E-1	8.982387E-3
1.171093E-1	8.983406E-3
1.169897E-1	8.982632E-3
1.169634E-1	8.983006E-3
1.170280E-1	8.983342E-3
1.170707E-1	8.982645E-3
1.170753E-1	8.983019E-3
1.171854E-1	8.982671E-3
1.172095E-1	8.981418E-3
1.172349E-1	8.983032E-3
1.171397E-1	8.983510E-3
1.171122E-1	8.982516E-3
1.169651E-1	8.983368E-3
1.168941E-1	8.984078E-3
1.168183E-1	8.983690E-3
1.169155E-1	8.981018E-3
1.169686E-1	8.982503E-3
1.170711E-1	8.981173E-3
1.171341E-1	8.982387E-3
1.170835E-1	8.981380E-3
1.172429E-1	8.983987E-3
1.172595E-1	8.982645E-3
1.171767E-1	8.982632E-3
1.171542E-1	8.981754E-3
1.169293E-1	8.982335E-3
1.170506E-1	8.983032E-3
1.171879E-1	8.981715E-3
1.171349E-1	8.982244E-3
1.171879E-1	8.983019E-3
1.171309E-1	8.981509E-3
1.170754E-1	8.982696E-3
1.171009E-1	8.981715E-3
1.169892E-1	8.983045E-3
1.169957E-1	8.982851E-3
1.170043E-1	8.983329E-3
1.169775E-1	8.981405E-3
1.170321E-1	8.983316E-3
1.169526E-1	8.982425E-3
1.169584E-1	8.983161E-3
1.170996E-1	8.982645E-3
1.171236E-1	8.982322E-3
1.171756E-1	8.981780E-3
1.170217E-1	8.981173E-3
1.169408E-1	8.982219E-3
1.171224E-1	8.981986E-3
1.168980E-1	8.983329E-3
1.170393E-1	8.981793E-3
1.169343E-1	8.981470E-3
1.170224E-1	8.982567E-3
1.168293E-1	8.981728E-3
1.169241E-1	8.981676E-3
1.169820E-1	8.981418E-3
1.172666E-1	8.981960E-3
1.172230E-1	8.982374E-3
1.171067E-1	8.981651E-3
1.171125E-1	8.982115E-3
1.171271E-1	8.981483E-3
1.169721E-1	8.982064E-3
1.170529E-1	8.980953E-3
1.172345E-1	8.983368E-3
1.170440E-1	8.981948E-3
1.171185E-1	8.980915E-3
1.172031E-1	8.982012E-3
1.169440E-1	8.981767E-3
1.170020E-1	8.981857E-3
1.169771E-1	8.981263E-3
1.168766E-1	8.981638E-3
1.170608E-1	8.981896E-3
1.168942E-1	8.981599E-3
1.172036E-1	8.982090E-3
1.170529E-1	8.983097E-3
1.170310E-1	8.982257E-3
1.170972E-1	8.982115E-3
1.171561E-1	8.981754E-3
1.172824E-1	8.982671E-3
1.171960E-1	8.981392E-3
1.171017E-1	8.981586E-3
1.169983E-1	8.981509E-3
1.170708E-1	8.981444E-3
1.170975E-1	8.982064E-3
1.171398E-1	8.982942E-3
1.168778E-1	8.981986E-3
1.172224E-1	8.982283E-3
1.170616E-1	8.982632E-3
1.168537E-1	8.983290E-3
1.168499E-1	8.982593E-3
1.169529E-1	8.983122E-3
1.169931E-1	8.980760E-3
1.170490E-1	8.982438E-3
1.168366E-1	8.981638E-3
1.168311E-1	8.982387E-3
1.168771E-1	8.981702E-3
1.169837E-1	8.982632E-3
1.169118E-1	8.981986E-3
1.168728E-1	8.983510E-3
1.169145E-1	8.981392E-3
1.170453E-1	8.982232E-3
1.169464E-1	8.982942E-3
1.168826E-1	8.982244E-3
1.171482E-1	8.982193E-3
1.172673E-1	8.981263E-3
1.170752E-1	8.982851E-3
1.170750E-1	8.984142E-3
1.169787E-1	8.981922E-3
1.170999E-1	8.981676E-3
1.171978E-1	8.982567E-3
1.169367E-1	8.982825E-3
1.170818E-1	8.983832E-3
1.172451E-1	8.982051E-3
1.170547E-1	8.981689E-3
1.169753E-1	8.981599E-3
1.170136E-1	8.981973E-3
1.169714E-1	8.982115E-3
1.169293E-1	8.981818E-3
1.170109E-1	8.981354E-3
1.169674E-1	8.981444E-3
1.169513E-1	8.982270E-3
1.170077E-1	8.983652E-3
1.168539E-1	8.983406E-3
1.170718E-1	8.980411E-3
1.170847E-1	8.982683E-3
1.170454E-1	8.983368E-3
1.170673E-1	8.982283E-3
1.173522E-1	8.982335E-3
1.171404E-1	8.983445E-3
1.171046E-1	8.983742E-3
1.169754E-1	8.981973E-3
1.171744E-1	8.983071E-3
1.168379E-1	8.981973E-3
1.170801E-1	8.982787E-3
1.169212E-1	8.981831E-3
1.167416E-1	8.982335E-3
1.169835E-1	8.981599E-3
1.171686E-1	8.983445E-3
1.170148E-1	8.984891E-3
1.170203E-1	8.983071E-3
1.170076E-1	8.981573E-3
1.169424E-1	8.980605E-3
1.170788E-1	8.982064E-3
1.169988E-1	8.982477E-3
1.168177E-1	8.981922E-3
1.168135E-1	8.980824E-3
1.169626E-1	8.982335E-3
1.169127E-1	8.981973E-3
1.170468E-1	8.982825E-3
1.168897E-1	8.981418E-3
1.167972E-1	8.982348E-3
1.168810E-1	8.982877E-3
1.169986E-1	8.982606E-3
1.169924E-1	8.982683E-3
1.166104E-1	8.981870E-3
1.165718E-1	8.982322E-3
1.168463E-1	8.982244E-3
1.168201E-1	8.981986E-3
1.170075E-1	8.981496E-3
1.170046E-1	8.981754E-3
1.170469E-1	8.983006E-3
1.168041E-1	8.982451E-3
1.169225E-1	8.981741E-3
1.169202E-1	8.981625E-3
1.169793E-1	8.981392E-3
1.169657E-1	8.980515E-3
1.168304E-1	8.981573E-3
1.168648E-1	8.980992E-3
1.168654E-1	8.982077E-3
1.170214E-1	8.982761E-3
1.172020E-1	8.982541E-3
1.171172E-1	8.981909E-3
1.170066E-1	8.982980E-3
1.168978E-1	8.982696E-3
1.168891E-1	8.981767E-3
1.166729E-1	8.982025E-3
1.166928E-1	8.981057E-3
1.168776E-1	8.982193E-3
1.168319E-1	8.982296E-3
1.169673E-1	8.981057E-3
1.169174E-1	8.981560E-3
1.166780E-1	8.980876E-3
1.169372E-1	8.981354E-3
1.169158E-1	8.981057E-3
1.167593E-1	8.981676E-3
1.166771E-1	8.982748E-3
1.169923E-1	8.981470E-3
1.168017E-1	8.980966E-3
1.167314E-1	8.981844E-3
1.169500E-1	8.981095E-3
1.168076E-1	8.981793E-3
1.167696E-1	8.982696E-3
1.168105E-1	8.982825E-3
1.168558E-1	8.981909E-3
1.167188E-1	8.982193E-3
1.168738E-1	8.982735E-3
1.169665E-1	8.982955E-3
1.169652E-1	8.981315E-3
1.170382E-1	8.980966E-3
1.167106E-1	8.981741E-3
1.166513E-1	8.981741E-3
1.167330E-1	8.982270E-3
1.167932E-1	8.982283E-3
1.169416E-1	8.981715E-3
1.169678E-1	8.982825E-3
1.166912E-1	8.981315E-3
1.168542E-1	8.981651E-3
1.168355E-1	8.981431E-3
1.168038E-1	8.981509E-3
1.169977E-1	8.981883E-3
1.168937E-1	8.982490E-3
1.168876E-1	8.983148E-3
1.168171E-1	8.982593E-3
1.167694E-1	8.981999E-3
1.169009E-1	8.981005E-3
1.167065E-1	8.981870E-3
1.167324E-1	8.981780E-3
1.168747E-1	8.982219E-3
1.167159E-1	8.982554E-3
1.165993E-1	8.981250E-3
1.168219E-1	8.981276E-3
1.166818E-1	8.980953E-3
1.167111E-1	8.980889E-3
1.167904E-1	8.981999E-3
1.168991E-1	8.982180E-3
1.169327E-1	8.981289E-3
1.167982E-1	8.980889E-3
1.167347E-1	8.980915E-3
1.167415E-1	8.981986E-3
1.167510E-1	8.980953E-3
1.168330E-1	8.982167E-3
1.170800E-1	8.980515E-3
1.169954E-1	8.980308E-3
1.167293E-1	8.981664E-3
1.166473E-1	8.980231E-3
1.167108E-1	8.981818E-3
1.167648E-1	8.982025E-3
1.169064E-1	8.981186E-3
1.167781E-1	8.980411E-3
1.167474E-1	8.981728E-3
1.167481E-1	8.982244E-3
1.167971E-1	8.981121E-3
1.167674E-1	8.982296E-3
1.167666E-1	8.982554E-3
1.166852E-1	8.981547E-3
1.167587E-1	8.981741E-3
1.167421E-1	8.981857E-3
1.169658E-1	8.980941E-3
1.168072E-1	8.981070E-3
1.168800E-1	8.982283E-3
1.168106E-1	8.981392E-3
1.168089E-1	8.982012E-3
1.168523E-1	8.981960E-3
1.169059E-1	8.982128E-3
1.167894E-1	8.982490E-3
1.169762E-1	8.981818E-3
1.169361E-1	8.982141E-3
1.168669E-1	8.981509E-3
1.168059E-1	8.981263E-3
1.167217E-1	8.982593E-3
1.166400E-1	8.981431E-3
1.166684E-1	8.982102E-3
1.166873E-1	8.981986E-3
1.167501E-1	8.981793E-3
1.168493E-1	8.981664E-3
1.168546E-1	8.981031E-3
1.167267E-1	8.982064E-3
1.167377E-1	8.980824E-3
1.168454E-1	8.982464E-3
1.169086E-1	8.981457E-3
1.167750E-1	8.980811E-3
1.167726E-1	8.981522E-3
1.167440E-1	8.982038E-3
1.168682E-1	8.982141E-3
1.167764E-1	8.981948E-3
1.168017E-1	8.981057E-3
1.168280E-1	8.980540E-3
1.167738E-1	8.980269E-3
1.168489E-1	8.981315E-3
1.167563E-1	8.980773E-3
1.165647E-1	8.981160E-3
1.166941E-1	8.982387E-3
1.166612E-1	8.981909E-3
1.167872E-1	8.981212E-3
1.167902E-1	8.981586E-3
1.168658E-1	8.982529E-3
1.168781E-1	8.981948E-3
1.168215E-1	8.983329E-3
1.167252E-1	8.982102E-3
1.168119E-1	8.981857E-3
1.167106E-1	8.981354E-3
1.167068E-1	8.982012E-3
1.167328E-1	8.981380E-3
1.167546E-1	8.982451E-3
1.166775E-1	8.981044E-3
1.166886E-1	8.981044E-3
1.168084E-1	8.982296E-3
1.166585E-1	8.982012E-3
1.169474E-1	8.981664E-3
1.167966E-1	8.981715E-3
1.166953E-1	8.981057E-3
1.165697E-1	8.981948E-3
1.166017E-1	8.981160E-3
1.167716E-1	8.981522E-3
1.166620E-1	8.981806E-3
1.166236E-1	8.982219E-3
1.167070E-1	8.980502E-3
1.168041E-1	8.982077E-3
1.166060E-1	8.982154E-3
1.166238E-1	8.981831E-3
1.166502E-1	8.982077E-3
1.167910E-1	8.982128E-3
1.165179E-1	8.981522E-3
1.166843E-1	8.981612E-3
1.167171E-1	8.981664E-3
1.169153E-1	8.981857E-3
1.168531E-1	8.981780E-3
1.167118E-1	8.982090E-3
1.167836E-1	8.981651E-3
1.166204E-1	8.981896E-3
1.165776E-1	8.982348E-3
1.167802E-1	8.982257E-3
1.166991E-1	8.981147E-3
1.165677E-1	8.981367E-3
1.165323E-1	8.982425E-3
1.166823E-1	8.982283E-3
1.165608E-1	8.982270E-3
1.165026E-1	8.981857E-3
1.169297E-1	8.981664E-3
1.167724E-1	8.981999E-3
1.166189E-1	8.981212E-3
1.166200E-1	8.982412E-3
1.166188E-1	8.981806E-3
1.166667E-1	8.982322E-3
1.168669E-1	8.981380E-3
1.168301E-1	8.981547E-3
1.168351E-1	8.981238E-3
1.167495E-1	8.982154E-3
1.165583E-1	8.980979E-3
1.165462E-1	8.982270E-3
1.166921E-1	8.981509E-3
1.166111E-1	8.981005E-3
1.166198E-1	8.982748E-3
1.167053E-1	8.982645E-3
1.168808E-1	8.979946E-3
1.167621E-1	8.981818E-3
1.166230E-1	8.981767E-3
1.168036E-1	8.983316E-3
1.166962E-1	8.982967E-3
1.164577E-1	8.982503E-3
1.165619E-1	8.982438E-3
1.167191E-1	8.982955E-3
1.166371E-1	8.980863E-3
1.166301E-1	8.982658E-3
1.165882E-1	8.982490E-3
1.165293E-1	8.982361E-3
1.167590E-1	8.980889E-3
1.166015E-1	8.981741E-3
1.166311E-1	8.981831E-3
1.167280E-1	8.982877E-3
1.166703E-1	8.982219E-3
1.168440E-1	8.982387E-3
1.167544E-1	8.982438E-3
1.167393E-1	8.981922E-3
1.167366E-1	8.981651E-3
1.166198E-1	8.983807E-3
1.168632E-1	8.983897E-3
1.167089E-1	8.982244E-3
1.164306E-1	8.982554E-3
1.163976E-1	8.983716E-3
1.164169E-1	8.983264E-3
1.164519E-1	8.983768E-3
1.165621E-1	8.982890E-3
1.165465E-1	8.984142E-3
1.165327E-1	8.983832E-3
1.166487E-1	8.982335E-3
1.164240E-1	8.983239E-3
1.164287E-1	8.982554E-3
1.165486E-1	8.982851E-3
1.165422E-1	8.983703E-3
1.165543E-1	8.982825E-3
1.166264E-1	8.982903E-3
1.167708E-1	8.981534E-3
1.167657E-1	8.983264E-3
1.164516E-1	8.981806E-3
1.164688E-1	8.983381E-3
1.164833E-1	8.982774E-3
1.165506E-1	8.983355E-3
1.164916E-1	8.982864E-3
1.164952E-1	8.982580E-3
1.164825E-1	8.982942E-3
1.165052E-1	8.982102E-3
1.166848E-1	8.982219E-3
1.165820E-1	8.982193E-3
1.167066E-1	8.981818E-3
1.165861E-1	8.981328E-3
1.166857E-1	8.982335E-3
1.164470E-1	8.982787E-3
1.165613E-1	8.982335E-3
1.165883E-1	8.983251E-3
1.164773E-1	8.982593E-3
1.167556E-1	8.983200E-3
1.166186E-1	8.983406E-3
1.165340E-1	8.983213E-3
1.165502E-1	8.982903E-3
1.168034E-1	8.982632E-3
1.169913E-1	8.981212E-3
1.167319E-1	8.982864E-3
1.167658E-1	8.983471E-3
1.166828E-1	8.984555E-3
1.163720E-1	8.982916E-3
1.161551E-1	8.982916E-3
1.161499E-1	8.983794E-3
1.161643E-1	8.982554E-3
1.162390E-1	8.981960E-3
1.163015E-1	8.982257E-3
1.165674E-1	8.981689E-3
1.166204E-1	8.982464E-3
1.165831E-1	8.981522E-3
1.164168E-1	8.982361E-3
1.166972E-1	8.982632E-3
1.166233E-1	8.983071E-3
1.162905E-1	8.982387E-3
1.162657E-1	8.982825E-3
1.165519E-1	8.983290E-3
1.164532E-1	8.983316E-3
1.164476E-1	8.983264E-3
1.165264E-1	8.983497E-3
1.165130E-1	8.983148E-3
1.164323E-1	8.981948E-3
1.163299E-1	8.981754E-3
1.164188E-1	8.982180E-3
1.165523E-1	8.983445E-3
1.164529E-1	8.983329E-3
1.162941E-1	8.982593E-3
1.164973E-1	8.982309E-3
1.164888E-1	8.982425E-3
1.164700E-1	8.982012E-3
1.164971E-1	8.982683E-3
1.164571E-1	8.983587E-3
1.163953E-1	8.981935E-3
1.165705E-1	8.981638E-3
1.166653E-1	8.982064E-3
1.164645E-1	8.982477E-3
1.165880E-1	8.983406E-3
1.165771E-1	8.981612E-3
1.166504E-1	8.981857E-3
1.165505E-1	8.983200E-3
1.166138E-1	8.981676E-3
1.165980E-1	8.980721E-3
1.164461E-1	8.981986E-3
1.164705E-1	8.981586E-3
1.163591E-1	8.981547E-3
1.164057E-1	8.982774E-3
1.164522E-1	8.980463E-3
1.165143E-1	8.982683E-3
1.165676E-1	8.982102E-3
1.164600E-1	8.980953E-3
1.164624E-1	8.981870E-3
1.164702E-1	8.981818E-3
1.163044E-1	8.980024E-3
1.162089E-1	8.981302E-3
1.163031E-1	8.981108E-3
1.164684E-1	8.981689E-3
1.164781E-1	8.981935E-3
1.163150E-1	8.982980E-3
1.160534E-1	8.982322E-3
1.163887E-1	8.982529E-3
1.163841E-1	8.981922E-3
1.163864E-1	8.981328E-3
1.165122E-1	8.982167E-3
1.164107E-1	8.982683E-3
1.164774E-1	8.982296E-3
1.163626E-1	8.982593E-3
1.163739E-1	8.981418E-3
1.162703E-1	8.982825E-3
1.163608E-1	8.982244E-3
1.164603E-1	8.982244E-3
1.162259E-1	8.981431E-3
1.162445E-1	8.982102E-3
1.162866E-1	8.981793E-3
1.163734E-1	8.979792E-3
1.163316E-1	8.982141E-3
1.163527E-1	8.982115E-3
1.165637E-1	8.981005E-3
1.163141E-1	8.983781E-3
1.163078E-1	8.982102E-3
1.163719E-1	8.981483E-3
1.163885E-1	8.981638E-3
1.162975E-1	8.981638E-3
1.164804E-1	8.980747E-3
1.165406E-1	8.981160E-3
1.164757E-1	8.982051E-3
1.164859E-1	8.981522E-3
1.163493E-1	8.980708E-3
1.163542E-1	8.980786E-3
1.164450E-1	8.981005E-3
1.164232E-1	8.982296E-3
1.166069E-1	8.982257E-3
1.163288E-1	8.982038E-3
1.164096E-1	8.983200E-3
1.165086E-1	8.982348E-3
1.162346E-1	8.982890E-3
1.162498E-1	8.982645E-3
1.162240E-1	8.983174E-3
1.163300E-1	8.982503E-3
1.164404E-1	8.982593E-3
1.164248E-1	8.981625E-3
1.160936E-1	8.981806E-3
1.164053E-1	8.981057E-3
1.163775E-1	8.980566E-3
1.162814E-1	8.980050E-3
1.162397E-1	8.981689E-3
1.163900E-1	8.980811E-3
1.164582E-1	8.981793E-3
1.163542E-1	8.981057E-3
1.162438E-1	8.982102E-3
1.161693E-1	8.981070E-3
1.163714E-1	8.983226E-3
1.162588E-1	8.981547E-3
1.162176E-1	8.981806E-3
1.162417E-1	8.981896E-3
1.162269E-1	8.983239E-3
1.162936E-1	8.980760E-3
1.163686E-1	8.980321E-3
1.163278E-1	8.982683E-3
1.162915E-1	8.983109E-3
1.162021E-1	8.981973E-3
1.163353E-1	8.981405E-3
1.161499E-1	8.982206E-3
1.161687E-1	8.982038E-3
1.160961E-1	8.981444E-3
1.160497E-1	8.981935E-3
1.161881E-1	8.982632E-3
1.163519E-1	8.980631E-3
1.163558E-1	8.982064E-3
1.163482E-1	8.981676E-3
1.162056E-1	8.982890E-3
1.161778E-1	8.982929E-3
1.164889E-1	8.980682E-3
1.164135E-1	8.981341E-3
1.163012E-1	8.982361E-3
1.163915E-1	8.980915E-3
1.162545E-1	8.981741E-3
1.162732E-1	8.981522E-3
1.163372E-1	8.981315E-3
1.162842E-1	8.981522E-3
1.163089E-1	8.980721E-3
1.161651E-1	8.981341E-3
1.162219E-1	8.982619E-3
1.162564E-1	8.983122E-3
1.161148E-1	8.982438E-3
1.161860E-1	8.981534E-3
1.163931E-1	8.982219E-3
1.164986E-1	8.982658E-3
1.163074E-1	8.982877E-3
1.162699E-1	8.981586E-3
1.162977E-1	8.981263E-3
1.160679E-1	8.981289E-3
1.163774E-1	8.981108E-3
1.164476E-1	8.980902E-3
1.164647E-1	8.981522E-3
1.163942E-1	8.981754E-3
1.162464E-1	8.981405E-3
1.163304E-1	8.981689E-3
1.162564E-1	8.982438E-3
1.161088E-1	8.981728E-3
1.162011E-1	8.981960E-3
1.160924E-1	8.981818E-3
1.162167E-1	8.981999E-3
1.161314E-1	8.982451E-3
1.161321E-1	8.982361E-3
1.162661E-1	8.981986E-3
1.161585E-1	8.983445E-3
1.161380E-1	8.981560E-3
1.160681E-1	8.981070E-3
1.161306E-1	8.981715E-3
1.160671E-1	8.982645E-3
1.161744E-1	8.981664E-3
1.159917E-1	8.982387E-3
1.159209E-1	8.981960E-3
1.162427E-1	8.981560E-3
1.161304E-1	8.981470E-3
1.160737E-1	8.982580E-3
1.161444E-1	8.981263E-3
1.162761E-1	8.983613E-3
1.160986E-1	8.982774E-3
1.161348E-1	8.983303E-3
1.163189E-1	8.981238E-3
1.162327E-1	8.981986E-3
1.162074E-1	8.981973E-3
1.161539E-1	8.981392E-3
1.162372E-1	8.981044E-3
1.162826E-1	8.981754E-3
1.163209E-1	8.981302E-3
1.164235E-1	8.980644E-3
1.163240E-1	8.982296E-3
1.160601E-1	8.982102E-3
1.160821E-1	8.982387E-3
1.163051E-1	8.981367E-3
1.162661E-1	8.980734E-3
1.163190E-1	8.981612E-3
1.163176E-1	8.981986E-3
1.161403E-1	8.981664E-3
1.162712E-1	8.981638E-3
1.160415E-1	8.983355E-3
1.161170E-1	8.982154E-3
1.159832E-1	8.982890E-3
1.161453E-1	8.981147E-3
1.162242E-1	8.981973E-3
1.159886E-1	8.981960E-3
1.160975E-1	8.982038E-3
1.164070E-1	8.981780E-3
1.163188E-1	8.982232E-3
1.161153E-1	8.982955E-3
1.160016E-1	8.981470E-3
1.161962E-1	8.983045E-3
1.163256E-1	8.983058E-3
1.163507E-1	8.982761E-3
1.162688E-1	8.982090E-3
1.163993E-1	8.981018E-3
1.162448E-1	8.979908E-3
1.160907E-1	8.981108E-3
1.159260E-1	8.980101E-3
1.159843E-1	8.980850E-3
1.162286E-1	8.981405E-3
1.159800E-1	8.981276E-3
1.159175E-1	8.981689E-3
1.160385E-1	8.980256E-3
1.159183E-1	8.981922E-3
1.160417E-1	8.981560E-3
1.159776E-1	8.982516E-3
1.160641E-1	8.981999E-3
1.161132E-1	8.983303E-3
1.159787E-1	8.981483E-3
1.161219E-1	8.981470E-3
1.161353E-1	8.981522E-3
1.160965E-1	8.982606E-3
1.160263E-1	8.982554E-3
1.159953E-1	8.981509E-3
1.159383E-1	8.980941E-3
1.159488E-1	8.980979E-3
1.160538E-1	8.982141E-3
1.160315E-1	8.979985E-3
1.160906E-1	8.980682E-3
1.163117E-1	8.981134E-3
1.161490E-1	8.981496E-3
1.160221E-1	8.981354E-3
1.160385E-1	8.981044E-3
1.161389E-1	8.981883E-3
1.161568E-1	8.983277E-3
1.160202E-1	8.981070E-3
1.160026E-1	8.981250E-3
1.160719E-1	8.981147E-3
1.159847E-1	8.980799E-3
1.160603E-1	8.981238E-3
1.161331E-1	8.981108E-3
1.160243E-1	8.980476E-3
1.161699E-1	8.981263E-3
1.161032E-1	8.981173E-3
1.160747E-1	8.981199E-3
1.160935E-1	8.980966E-3
1.161384E-1	8.981547E-3
1.159753E-1	8.979934E-3
1.161375E-1	8.980540E-3
1.158894E-1	8.981754E-3
1.161226E-1	8.981483E-3
1.163406E-1	8.980992E-3
1.163137E-1	8.981586E-3
1.161513E-1	8.980876E-3
1.160213E-1	8.981586E-3
1.159510E-1	8.982012E-3
1.160380E-1	8.981225E-3
1.159699E-1	8.982090E-3
1.160202E-1	8.982206E-3
1.161204E-1	8.982038E-3
1.159925E-1	8.982632E-3
1.159364E-1	8.982193E-3
1.160738E-1	8.982412E-3
1.160314E-1	8.982051E-3
1.160332E-1	8.982825E-3
1.160755E-1	8.983536E-3
1.162595E-1	8.982335E-3
1.160094E-1	8.981922E-3
1.158779E-1	8.981999E-3
1.160421E-1	8.983548E-3
1.163210E-1	8.983445E-3
1.160403E-1	8.981883E-3
1.160609E-1	8.980889E-3
1.161597E-1	8.981431E-3
1.161634E-1	8.981612E-3
1.160369E-1	8.981522E-3
1.160064E-1	8.981418E-3
1.160369E-1	8.982296E-3
1.159794E-1	8.981212E-3
1.159298E-1	8.981018E-3
1.158705E-1	8.980308E-3
1.159214E-1	8.979804E-3
1.159358E-1	8.981857E-3
1.159492E-1	8.982348E-3
1.156807E-1	8.981147E-3
1.158064E-1	8.982929E-3
1.158036E-1	8.982955E-3
1.158483E-1	8.981276E-3
1.160064E-1	8.981651E-3
1.160753E-1	8.980682E-3
1.160382E-1	8.982490E-3
1.157090E-1	8.980773E-3
1.157577E-1	8.981960E-3
1.159205E-1	8.981780E-3
1.158175E-1	8.982838E-3
1.158798E-1	8.982541E-3
1.158183E-1	8.981986E-3
1.157125E-1	8.981173E-3
1.159275E-1	8.982348E-3
1.158549E-1	8.980889E-3
1.158150E-1	8.981367E-3
1.158779E-1	8.981457E-3
1.158129E-1	8.980734E-3
1.159157E-1	8.982219E-3
1.158779E-1	8.981586E-3
1.158099E-1	8.981689E-3
1.159561E-1	8.980966E-3
1.161406E-1	8.983329E-3
1.159319E-1	8.982606E-3
1.158337E-1	8.982696E-3
1.158426E-1	8.983135E-3
1.160440E-1	8.982128E-3
1.158926E-1	8.982541E-3
1.158555E-1	8.981134E-3
1.159703E-1	8.981973E-3
1.159984E-1	8.980786E-3
1.159462E-1	8.979598E-3
1.159574E-1	8.980295E-3
1.158748E-1	8.979520E-3
1.159008E-1	8.979366E-3
1.159553E-1	8.982115E-3
1.159267E-1	8.982154E-3
1.159498E-1	8.979301E-3
1.157403E-1	8.982425E-3
1.158733E-1	8.982955E-3
1.159036E-1	8.982567E-3
1.159578E-1	8.981935E-3
1.158005E-1	8.980140E-3
1.158383E-1	8.980773E-3
