4.524144E-1	9.057988E-3
4.513856E-1	9.194629E-3
4.510622E-1	9.200736E-3
4.510964E-1	9.213646E-3
4.509227E-1	9.222864E-3
4.504351E-1	9.228170E-3
4.503113E-1	9.232456E-3
4.503352E-1	9.235980E-3
4.502930E-1	9.237297E-3
4.499670E-1	9.240538E-3
4.498541E-1	9.241222E-3
4.501551E-1	9.240318E-3
4.496131E-1	9.243662E-3
4.495819E-1	9.246025E-3
4.496091E-1	9.246180E-3
4.495781E-1	9.246631E-3
4.494368E-1	9.247264E-3
4.495085E-1	9.246735E-3
4.495667E-1	9.246618E-3
4.492563E-1	9.246154E-3
4.492540E-1	9.246244E-3
4.492381E-1	9.247122E-3
4.493645E-1	9.246218E-3
4.494663E-1	9.245457E-3
4.495736E-1	9.242578E-3
4.498712E-1	9.242797E-3
4.496689E-1	9.242758E-3
4.495228E-1	9.241364E-3
4.494458E-1	9.242190E-3
4.495842E-1	9.240150E-3
4.497599E-1	9.240370E-3
4.496452E-1	9.236923E-3
4.497197E-1	9.236265E-3
4.501410E-1	9.234044E-3
4.501740E-1	9.233347E-3
4.502308E-1	9.230971E-3
4.500730E-1	9.229745E-3
4.501298E-1	9.227563E-3
4.502471E-1	9.224323E-3
4.504921E-1	9.221495E-3
4.504713E-1	9.218436E-3
4.508395E-1	9.216370E-3
4.507115E-1	9.211206E-3
4.506291E-1	9.206442E-3
4.509678E-1	9.202582E-3
4.513257E-1	9.196204E-3
4.510570E-1	9.192680E-3
4.512786E-1	9.187232E-3
4.509155E-1	9.179395E-3
4.513513E-1	9.170216E-3
4.514218E-1	9.162999E-3
4.513840E-1	9.156299E-3
4.515279E-1	9.146139E-3
4.513633E-1	9.138483E-3
4.516926E-1	9.133009E-3
4.516367E-1	9.117014E-3
4.519192E-1	9.106001E-3
4.522174E-1	9.096125E-3
4.522429E-1	9.085629E-3
4.522205E-1	9.075636E-3
4.524436E-1	9.072770E-3
4.522648E-1	9.056788E-3
4.523480E-1	9.037939E-3
4.526858E-1	9.033472E-3
4.529260E-1	9.022240E-3
4.528722E-1	9.011551E-3
4.532806E-1	9.005160E-3
4.531596E-1	8.996691E-3
4.532725E-1	8.991437E-3
4.534496E-1	8.984646E-3
4.533651E-1	8.977933E-3
4.535084E-1	8.973479E-3
4.535669E-1	8.965539E-3
4.538349E-1	8.960000E-3
4.538970E-1	8.952938E-3
4.539695E-1	8.948007E-3
4.541937E-1	8.942262E-3
4.545712E-1	8.935303E-3
4.543936E-1	8.929055E-3
4.543885E-1	8.924639E-3
4.546271E-1	8.919411E-3
4.545941E-1	8.911755E-3
4.551540E-1	8.905571E-3
4.549031E-1	8.900368E-3
4.549821E-1	8.897128E-3
4.549494E-1	8.886993E-3
4.553375E-1	8.879764E-3
4.556086E-1	8.874432E-3
4.555068E-1	8.867473E-3
4.557215E-1	8.860334E-3
4.555065E-1	8.854524E-3
4.560286E-1	8.848056E-3
4.556838E-1	8.840853E-3
4.559393E-1	8.833687E-3
4.559994E-1	8.835714E-3
4.560821E-1	8.827891E-3
4.564085E-1	8.820106E-3
4.567451E-1	8.814284E-3
4.565992E-1	8.807970E-3
4.564895E-1	8.799811E-3
4.567565E-1	8.792788E-3
4.570798E-1	8.784513E-3
4.570905E-1	8.779323E-3
4.572755E-1	8.773617E-3
4.572627E-1	8.764993E-3
4.572304E-1	8.757182E-3
4.577149E-1	8.734964E-3
4.577304E-1	8.728947E-3
4.575533E-1	8.719058E-3
4.573535E-1	8.710693E-3
4.577430E-1	8.713081E-3
4.581346E-1	8.708188E-3
4.579293E-1	8.695239E-3
4.579094E-1	8.684446E-3
4.580551E-1	8.674338E-3
4.579758E-1	8.664823E-3
4.581018E-1	8.653475E-3
4.582782E-1	8.651590E-3
4.584406E-1	8.634755E-3
4.583837E-1	8.622942E-3
4.584134E-1	8.612111E-3
4.584290E-1	8.600634E-3
4.587119E-1	8.592255E-3
4.585661E-1	8.577757E-3
4.586394E-1	8.569094E-3
4.587805E-1	8.556184E-3
4.587627E-1	8.543274E-3
4.590392E-1	8.530790E-3
4.590876E-1	8.516408E-3
4.592583E-1	8.505163E-3
4.593328E-1	8.487863E-3
4.593537E-1	8.478323E-3
4.594005E-1	8.458286E-3
4.594542E-1	8.444653E-3
4.593306E-1	8.428025E-3
4.595899E-1	8.410919E-3
4.596595E-1	8.396021E-3
4.596068E-1	8.381984E-3
4.598790E-1	8.360721E-3
4.598371E-1	8.299385E-3
4.598373E-1	8.284216E-3
4.595636E-1	8.303374E-3
4.598831E-1	8.280523E-3
4.597999E-1	8.260242E-3
4.600198E-1	8.233957E-3
4.603120E-1	8.214036E-3
4.603860E-1	8.198441E-3
4.604876E-1	8.179153E-3
4.604800E-1	8.164061E-3
4.601660E-1	8.142733E-3
4.602399E-1	8.128597E-3
4.602324E-1	8.095779E-3
4.605569E-1	8.067028E-3
4.607338E-1	8.045081E-3
4.607409E-1	8.031616E-3
4.609619E-1	8.026503E-3
4.607062E-1	7.985152E-3
4.608062E-1	7.959293E-3
4.606968E-1	7.937862E-3
4.608285E-1	7.916290E-3
4.610018E-1	7.889230E-3
4.610342E-1	7.871620E-3
4.611823E-1	7.837886E-3
4.614485E-1	7.837279E-3
4.613726E-1	7.791152E-3
4.615674E-1	7.768391E-3
4.613008E-1	7.753531E-3
4.614022E-1	7.727608E-3
4.613826E-1	7.689174E-3
4.612531E-1	7.663315E-3
4.615617E-1	7.641600E-3
4.615047E-1	7.608163E-3
4.616985E-1	7.587791E-3
4.616442E-1	7.547111E-3
4.616666E-1	7.422012E-3
4.618450E-1	7.404635E-3
4.616590E-1	7.412342E-3
4.616621E-1	7.454016E-3
4.614719E-1	7.416680E-3
4.615736E-1	7.414124E-3
4.618359E-1	7.347804E-3
4.617318E-1	7.317916E-3
4.617434E-1	7.295478E-3
4.620147E-1	7.293632E-3
4.620547E-1	7.252010E-3
4.622101E-1	7.226022E-3
4.620443E-1	7.209781E-3
4.623344E-1	7.204501E-3
4.623078E-1	7.198278E-3
4.620073E-1	7.131687E-3
4.625856E-1	7.134825E-3
4.622114E-1	7.094958E-3
4.623430E-1	7.070016E-3
4.620687E-1	7.058732E-3
4.621709E-1	7.027838E-3
4.622066E-1	7.008202E-3
4.625779E-1	6.978547E-3
4.626712E-1	6.942838E-3
4.625256E-1	6.932445E-3
4.624514E-1	6.904946E-3
4.625878E-1	6.864822E-3
4.625293E-1	6.860368E-3
4.625972E-1	6.818010E-3
4.626941E-1	6.812729E-3
4.623365E-1	6.785282E-3
4.623143E-1	6.754195E-3
4.622697E-1	6.742188E-3
4.624627E-1	6.705898E-3
4.626355E-1	6.691968E-3
4.627721E-1	6.651469E-3
4.626199E-1	6.632930E-3
4.627584E-1	6.599028E-3
4.627433E-1	6.592482E-3
4.626819E-1	6.544870E-3
4.625436E-1	6.528861E-3
4.626963E-1	6.493345E-3
4.626708E-1	6.455777E-3
4.626428E-1	6.493436E-3
4.627847E-1	6.451310E-3
4.628968E-1	6.418686E-3
4.628884E-1	6.392272E-3
4.630256E-1	6.379529E-3
4.629387E-1	6.337985E-3
4.627526E-1	6.332240E-3
4.632256E-1	6.287142E-3
4.630414E-1	6.288059E-3
4.630642E-1	6.269365E-3
4.630726E-1	6.264343E-3
4.628343E-1	6.203924E-3
4.630283E-1	6.200244E-3
4.630735E-1	6.185152E-3
4.629685E-1	6.143904E-3
4.627789E-1	6.132350E-3
4.627391E-1	6.183900E-3
4.627871E-1	6.104154E-3
4.628181E-1	6.050177E-3
4.631036E-1	6.030295E-3
4.633065E-1	6.014119E-3
4.632023E-1	6.065385E-3
4.632149E-1	5.995102E-3
4.633980E-1	5.952357E-3
4.632653E-1	5.994921E-3
4.633343E-1	5.967281E-3
4.633430E-1	5.962504E-3
4.632679E-1	5.895604E-3
4.631848E-1	5.896817E-3
4.631688E-1	5.886696E-3
4.633635E-1	5.859494E-3
4.632339E-1	5.854575E-3
4.632816E-1	5.796815E-3
4.632700E-1	5.789392E-3
4.630192E-1	5.785403E-3
4.632158E-1	5.710188E-3
4.635580E-1	5.693934E-3
4.636619E-1	5.678726E-3
4.634389E-1	5.676260E-3
4.635374E-1	5.685891E-3
4.636738E-1	5.652054E-3
4.634446E-1	5.630378E-3
4.632666E-1	5.587903E-3
4.632925E-1	5.634961E-3
4.635645E-1	5.603344E-3
4.635037E-1	5.587245E-3
4.635679E-1	5.542266E-3
4.635939E-1	5.560353E-3
4.634740E-1	5.535346E-3
4.634885E-1	5.523443E-3
4.633635E-1	5.487243E-3
4.634973E-1	5.467658E-3
4.635264E-1	5.476721E-3
4.635215E-1	5.455471E-3
4.636230E-1	5.425648E-3
4.637390E-1	5.399764E-3
4.638699E-1	5.401042E-3
4.636876E-1	5.370651E-3
4.635022E-1	5.312517E-3
4.638474E-1	5.317603E-3
4.636784E-1	5.319398E-3
4.637541E-1	5.308269E-3
4.635575E-1	5.288749E-3
4.634995E-1	5.234307E-3
4.635102E-1	5.222469E-3
4.636396E-1	5.225812E-3
4.637623E-1	5.217860E-3
4.637367E-1	5.180085E-3
4.638261E-1	5.178652E-3
4.635377E-1	5.155181E-3
4.635988E-1	5.179374E-3
4.636325E-1	5.165315E-3
4.635759E-1	5.118348E-3
4.636894E-1	5.140463E-3
4.638041E-1	5.099086E-3
4.639532E-1	5.083710E-3
4.638634E-1	5.058303E-3
4.638220E-1	5.072569E-3
4.636304E-1	5.054082E-3
4.639419E-1	5.048246E-3
4.638140E-1	5.062318E-3
4.637602E-1	5.011065E-3
4.635738E-1	4.980313E-3
4.635700E-1	4.985516E-3
4.637267E-1	4.998774E-3
4.639435E-1	4.976233E-3
4.639261E-1	4.957901E-3
4.635495E-1	4.900180E-3
4.637023E-1	4.938355E-3
4.638180E-1	4.917905E-3
4.637545E-1	4.882816E-3
4.636564E-1	4.899095E-3
4.640540E-1	4.863851E-3
4.642256E-1	4.884984E-3
4.637144E-1	4.849533E-3
4.638539E-1	4.846306E-3
4.637642E-1	4.569293E-3
4.639752E-1	4.524404E-3
4.637968E-1	4.758723E-3
4.637583E-1	4.812804E-3
4.639608E-1	4.799145E-3
4.639774E-1	4.782336E-3
4.639611E-1	4.759549E-3
4.640323E-1	4.753198E-3
4.640420E-1	4.695476E-3
4.641951E-1	4.712440E-3
4.638104E-1	4.662155E-3
4.640041E-1	4.649426E-3
4.640532E-1	4.657546E-3
4.639365E-1	4.632462E-3
4.641361E-1	4.582332E-3
4.641176E-1	4.590995E-3
4.640634E-1	4.580008E-3
4.642017E-1	4.560410E-3
4.641229E-1	4.506433E-3
4.636458E-1	4.510629E-3
4.640191E-1	4.489689E-3
4.639265E-1	4.467019E-3
4.641621E-1	4.413093E-3
4.641246E-1	4.399679E-3
4.643729E-1	4.406392E-3
4.641262E-1	4.394050E-3
4.641401E-1	4.366319E-3
4.642012E-1	4.317119E-3
4.640947E-1	4.340731E-3
4.641574E-1	4.271275E-3
4.640729E-1	4.285295E-3
4.641309E-1	4.177441E-3
4.642611E-1	4.201108E-3
4.641432E-1	4.172264E-3
4.642643E-1	4.115292E-3
4.640705E-1	4.065123E-3
4.641099E-1	4.046248E-3
4.640459E-1	4.084372E-3
4.640416E-1	4.042259E-3
4.641081E-1	4.016619E-3
4.643545E-1	4.004329E-3
4.645198E-1	3.974752E-3
4.643871E-1	3.975720E-3
4.644122E-1	3.969510E-3
4.644907E-1	3.819081E-3
4.643855E-1	3.704917E-3
4.645135E-1	3.785889E-3
4.642773E-1	3.886433E-3
4.643555E-1	3.892617E-3
4.642623E-1	3.844256E-3
4.642721E-1	3.842771E-3
4.641873E-1	3.826285E-3
4.642404E-1	3.779253E-3
4.644610E-1	3.727987E-3
4.646436E-1	3.744538E-3
4.644545E-1	3.714793E-3
4.644572E-1	3.684170E-3
4.643564E-1	3.663643E-3
4.643157E-1	3.590442E-3
4.644905E-1	3.603675E-3
4.644165E-1	3.558671E-3
4.645542E-1	3.543424E-3
4.641967E-1	3.528551E-3
4.640827E-1	3.466867E-3
4.643748E-1	3.433171E-3
4.646114E-1	3.442441E-3
4.645884E-1	3.402303E-3
4.646514E-1	3.381001E-3
4.646164E-1	3.347332E-3
4.644618E-1	3.314837E-3
4.643643E-1	3.292154E-3
4.644615E-1	3.266785E-3
4.648501E-1	3.225718E-3
4.647425E-1	3.208483E-3
4.648397E-1	3.176298E-3
4.646163E-1	3.122824E-3
4.647296E-1	3.113503E-3
4.647406E-1	3.087876E-3
4.648349E-1	3.063192E-3
4.646965E-1	3.021944E-3
4.645338E-1	2.969994E-3
4.646448E-1	2.974228E-3
4.648216E-1	2.944380E-3
4.647175E-1	2.877622E-3
4.647478E-1	2.846805E-3
4.651152E-1	2.853493E-3
4.648857E-1	2.804228E-3
4.648658E-1	2.765433E-3
4.649066E-1	2.747733E-3
4.649081E-1	2.672660E-3
4.646072E-1	2.666257E-3
4.647700E-1	2.646956E-3
4.647838E-1	2.621304E-3
4.649693E-1	2.612641E-3
4.648962E-1	2.569134E-3
4.649272E-1	2.503137E-3
4.648908E-1	2.515092E-3
4.650170E-1	2.422307E-3
4.649593E-1	2.436895E-3
4.650361E-1	2.366883E-3
4.648966E-1	2.394602E-3
4.651283E-1	2.348448E-3
4.651080E-1	2.274963E-3
4.647929E-1	2.290391E-3
4.651630E-1	2.266016E-3
4.651026E-1	2.198354E-3
4.652364E-1	2.168726E-3
4.652873E-1	2.144480E-3
4.651254E-1	2.112657E-3
4.651878E-1	2.119719E-3
4.653963E-1	2.076855E-3
4.652970E-1	2.052365E-3
4.651641E-1	2.006120E-3
4.650586E-1	1.977989E-3
4.650220E-1	1.969249E-3
4.651492E-1	1.877613E-3
4.649852E-1	1.896152E-3
4.651207E-1	1.863683E-3
4.650143E-1	1.850217E-3
4.652301E-1	1.768974E-3
4.655282E-1	1.774332E-3
4.650513E-1	1.753895E-3
4.653284E-1	1.698536E-3
4.651815E-1	1.662013E-3
4.653881E-1	1.692133E-3
4.651424E-1	1.604240E-3
4.653618E-1	1.631481E-3
4.652120E-1	1.556344E-3
4.651452E-1	1.530420E-3
4.650992E-1	1.484654E-3
4.652609E-1	1.511094E-3
4.654106E-1	1.478818E-3
4.656556E-1	1.413312E-3
4.654033E-1	1.378455E-3
4.651448E-1	1.342603E-3
4.652326E-1	1.366100E-3
4.650654E-1	1.289943E-3
4.651878E-1	1.307023E-3
4.653195E-1	1.268848E-3
4.651626E-1	1.260856E-3
4.655114E-1	1.185345E-3
4.653074E-1	1.173816E-3
4.653287E-1	1.192458E-3
4.652941E-1	1.168407E-3
4.653555E-1	1.135267E-3
4.653089E-1	1.114094E-3
4.652983E-1	1.108865E-3
4.655350E-1	1.023607E-3
4.655921E-1	9.786410E-4
4.654875E-1	9.799570E-4
4.652981E-1	8.762240E-4
4.654616E-1	8.729710E-4
4.653203E-1	7.070370E-4
4.653589E-1	5.042440E-4
4.653659E-1	5.269790E-4
4.654427E-1	4.533660E-4
4.655096E-1	4.262410E-4
4.655265E-1	3.986010E-4
4.655391E-1	4.555990E-4
4.653660E-1	6.819530E-4
4.654240E-1	6.993810E-4
4.656710E-1	6.455070E-4
4.657600E-1	6.175050E-4
4.658742E-1	6.672870E-4
4.657069E-1	6.140320E-4
4.657138E-1	6.554090E-4
4.657026E-1	6.509940E-4
4.653177E-1	6.505420E-4
4.654713E-1	6.116440E-4
4.656081E-1	6.142000E-4
4.655265E-1	6.521690E-4
4.654251E-1	6.204740E-4
4.656154E-1	6.747750E-4
4.657620E-1	6.343790E-4
4.654579E-1	6.238440E-4
4.653460E-1	6.967730E-4
4.653036E-1	6.963730E-4
4.653571E-1	6.655180E-4
4.654618E-1	7.122790E-4
4.656475E-1	7.095030E-4
4.655073E-1	7.343290E-4
4.654711E-1	7.381500E-4
4.657337E-1	7.088830E-4
4.657440E-1	7.167710E-4
4.657014E-1	7.857890E-4
4.656324E-1	7.268280E-4
4.652422E-1	7.909530E-4
4.653754E-1	7.816580E-4
4.655274E-1	8.012040E-4
4.657060E-1	8.168120E-4
4.655425E-1	8.471510E-4
4.654320E-1	8.539160E-4
4.653871E-1	8.270370E-4
4.654707E-1	8.875600E-4
4.654973E-1	7.436760E-4
4.655553E-1	7.023250E-4
4.654333E-1	9.147610E-4
4.653863E-1	1.063228E-3
4.653482E-1	1.089190E-3
4.653877E-1	1.079198E-3
4.652373E-1	1.037317E-3
4.654805E-1	1.130735E-3
4.653627E-1	1.114507E-3
4.649640E-1	1.157407E-3
4.651233E-1	1.130425E-3
4.655112E-1	1.169517E-3
4.654626E-1	1.180387E-3
4.654440E-1	1.203006E-3
4.654592E-1	1.298554E-3
4.653805E-1	1.328028E-3
4.651424E-1	1.383567E-3
4.651007E-1	1.379113E-3
4.651440E-1	1.450984E-3
4.651692E-1	1.492116E-3
4.651589E-1	1.522171E-3
4.651229E-1	1.569215E-3
4.651831E-1	1.623825E-3
4.655485E-1	1.630693E-3
4.653942E-1	1.695890E-3
4.655812E-1	1.732425E-3
4.653807E-1	1.736544E-3
4.653490E-1	1.775042E-3
4.652500E-1	1.823752E-3
4.649065E-1	1.896746E-3
4.652940E-1	1.929305E-3
4.652490E-1	1.939388E-3
4.654093E-1	2.005669E-3
4.652906E-1	2.064281E-3
4.650348E-1	2.085776E-3
4.648681E-1	1.960883E-3
4.650445E-1	1.855717E-3
4.649980E-1	1.950426E-3
4.651068E-1	2.290391E-3
4.650235E-1	2.451574E-3
4.652725E-1	2.426167E-3
4.652429E-1	2.433874E-3
4.649191E-1	2.476736E-3
4.651372E-1	2.544463E-3
4.649240E-1	2.584264E-3
4.649034E-1	2.610911E-3
4.649519E-1	2.526130E-3
4.649494E-1	2.520256E-3
4.648358E-1	2.526853E-3
4.649094E-1	2.642321E-3
4.647969E-1	2.731957E-3
4.646011E-1	2.721706E-3
4.648023E-1	2.742569E-3
4.648566E-1	2.774483E-3
4.647946E-1	2.821992E-3
4.649857E-1	2.619083E-3
4.649574E-1	2.573394E-3
4.649496E-1	2.762541E-3
4.648197E-1	2.964326E-3
4.647412E-1	3.036713E-3
4.648976E-1	3.038740E-3
4.647747E-1	3.044253E-3
4.647891E-1	3.153899E-3
4.646842E-1	3.110960E-3
4.646445E-1	3.104079E-3
4.649319E-1	3.160496E-3
4.648175E-1	3.174155E-3
4.644424E-1	3.163142E-3
4.646222E-1	3.190267E-3
4.646527E-1	3.188111E-3
4.646118E-1	3.201047E-3
4.644660E-1	3.195276E-3
4.646841E-1	3.257722E-3
4.647135E-1	3.226557E-3
4.648370E-1	3.262706E-3
4.649201E-1	3.280031E-3
4.646410E-1	3.309505E-3
4.645670E-1	3.316296E-3
4.648771E-1	3.289817E-3
4.646773E-1	3.324261E-3
4.644458E-1	3.336823E-3
4.644144E-1	3.349926E-3
4.645170E-1	3.351114E-3
4.644618E-1	3.366955E-3
4.644132E-1	3.380304E-3
4.645081E-1	3.402096E-3
4.645689E-1	3.448005E-3
4.643813E-1	3.427374E-3
4.645568E-1	3.467499E-3
4.646637E-1	3.478524E-3
4.642304E-1	3.482255E-3
4.641138E-1	3.456926E-3
4.644604E-1	3.487497E-3
4.644533E-1	3.515293E-3
4.647015E-1	3.487058E-3
4.645949E-1	3.513679E-3
4.644047E-1	3.533263E-3
4.643766E-1	3.120307E-3
4.645244E-1	3.016561E-3
4.648337E-1	3.060378E-3
4.644889E-1	3.043620E-3
4.645084E-1	3.559703E-3
4.645338E-1	3.572200E-3
4.644928E-1	3.434862E-3
4.644003E-1	3.389690E-3
4.644813E-1	3.396493E-3
4.642115E-1	3.400341E-3
4.644949E-1	3.391975E-3
4.643800E-1	3.403155E-3
4.643873E-1	3.348984E-3
4.644346E-1	3.374649E-3
4.643771E-1	3.338152E-3
4.644432E-1	3.284033E-3
4.643365E-1	3.271084E-3
4.644299E-1	3.248233E-3
4.646372E-1	3.247768E-3
4.647054E-1	3.189169E-3
4.646330E-1	3.174955E-3
4.645677E-1	3.148218E-3
4.642907E-1	3.125858E-3
4.644902E-1	3.138265E-3
4.643126E-1	3.091982E-3
4.642886E-1	3.066820E-3
4.644257E-1	3.049017E-3
4.645307E-1	3.024281E-3
4.645216E-1	3.046551E-3
4.647342E-1	3.046680E-3
4.643004E-1	3.053510E-3
4.643613E-1	2.969774E-3
4.646253E-1	2.930024E-3
4.647417E-1	2.844249E-3
4.644765E-1	2.826252E-3
4.648985E-1	2.829441E-3
4.649747E-1	2.810205E-3
4.650307E-1	2.731789E-3
4.646391E-1	2.749605E-3
4.646363E-1	2.682007E-3
4.647485E-1	2.662900E-3
4.644611E-1	2.653644E-3
4.648136E-1	2.597988E-3
4.647760E-1	2.560123E-3
4.646723E-1	2.572878E-3
4.646162E-1	2.535322E-3
4.646007E-1	2.494358E-3
4.649151E-1	2.453975E-3
4.649902E-1	2.440007E-3
4.648535E-1	2.365450E-3
4.649875E-1	2.369608E-3
4.647290E-1	2.332723E-3
4.648731E-1	2.302849E-3
4.649212E-1	2.231921E-3
4.651970E-1	2.232928E-3
4.652557E-1	2.207108E-3
4.651815E-1	2.149063E-3
4.649107E-1	2.127194E-3
4.648261E-1	2.138942E-3
4.646445E-1	2.104962E-3
4.649488E-1	2.129608E-3
4.651158E-1	2.168351E-3
4.652467E-1	2.090385E-3
4.651181E-1	2.030753E-3
4.650878E-1	1.978932E-3
4.650073E-1	1.900554E-3
4.650378E-1	1.937632E-3
4.651206E-1	1.833421E-3
4.653121E-1	1.823558E-3
4.654658E-1	1.801391E-3
4.654350E-1	1.728940E-3
4.652534E-1	1.714119E-3
4.652267E-1	1.675801E-3
4.653376E-1	1.679842E-3
4.654757E-1	1.655261E-3
4.651784E-1	1.609701E-3
4.651821E-1	1.533441E-3
4.650217E-1	1.320850E-3
4.651487E-1	1.178580E-3
4.651627E-1	1.479077E-3
4.654595E-1	1.432058E-3
4.653977E-1	1.413157E-3
4.653720E-1	1.360536E-3
4.654879E-1	1.327292E-3
4.652145E-1	1.291621E-3
4.651728E-1	1.146124E-3
4.655002E-1	1.112377E-3
4.653470E-1	1.079895E-3
4.654682E-1	9.845530E-4
4.654172E-1	9.590170E-4
4.654502E-1	8.929820E-4
4.652656E-1	8.505590E-4
4.652873E-1	7.931220E-4
4.655429E-1	7.150280E-4
4.655973E-1	6.547510E-4
4.656802E-1	6.742580E-4
4.655831E-1	6.289180E-4
4.655162E-1	5.588540E-4
4.654652E-1	5.005390E-4
4.655238E-1	4.661340E-4
4.657028E-1	3.842700E-4
4.658306E-1	3.589150E-4
4.656734E-1	3.150850E-4
4.658783E-1	2.692020E-4
4.657972E-1	1.898820E-4
4.659496E-1	1.105370E-4
4.658950E-1	1.129510E-4
4.658650E-1	4.519000E-6
4.659594E-1	5.380900E-5
4.659583E-1	-1.166300E-4
4.661203E-1	-1.627070E-4
4.658086E-1	-1.403590E-4
4.660119E-1	-1.615320E-4
4.658982E-1	-2.487400E-4
4.662579E-1	-2.964430E-4
4.662198E-1	-3.543190E-4
4.660485E-1	-3.939530E-4
4.662652E-1	-4.628290E-4
4.662396E-1	-5.081050E-4
4.663582E-1	-6.280660E-4
4.663156E-1	-6.134900E-4
4.660834E-1	-7.320960E-4
4.660905E-1	-7.976270E-4
4.663592E-1	-7.906560E-4
4.664273E-1	-8.366030E-4
4.667149E-1	-8.907100E-4
4.666704E-1	-9.489090E-4
4.664041E-1	-9.919140E-4
4.664532E-1	-1.086778E-3
4.664912E-1	-1.090212E-3
4.664443E-1	-1.121739E-3
4.666051E-1	-1.191867E-3
4.668041E-1	-1.260716E-3
4.668293E-1	-1.278778E-3
4.668240E-1	-1.304056E-3
4.668047E-1	-1.352779E-3
4.667915E-1	-1.413082E-3
4.669550E-1	-1.505686E-3
4.667742E-1	-1.568249E-3
4.669589E-1	-1.560167E-3
4.669917E-1	-1.626577E-3
4.668899E-1	-1.690650E-3
4.666351E-1	-1.778465E-3
4.666547E-1	-1.777290E-3
4.668623E-1	-1.859218E-3
4.668323E-1	-1.869701E-3
4.668907E-1	-1.902518E-3
4.669385E-1	-1.939906E-3
4.669380E-1	-2.020349E-3
4.669405E-1	-2.068377E-3
4.670389E-1	-2.069720E-3
4.668635E-1	-2.152680E-3
4.671955E-1	-2.103712E-3
4.673022E-1	-2.228953E-3
4.673036E-1	-2.263501E-3
4.675001E-1	-2.212286E-3
4.672681E-1	-2.336004E-3
4.674298E-1	-2.337089E-3
4.675146E-1	-2.416215E-3
4.670503E-1	-2.453667E-3
4.670507E-1	-2.434057E-3
4.674309E-1	-2.497962E-3
4.674669E-1	-2.505824E-3
4.675463E-1	-2.597357E-3
4.673844E-1	-2.580974E-3
4.675522E-1	-2.625824E-3
4.674798E-1	-2.644040E-3
4.673424E-1	-2.667705E-3
4.675458E-1	-2.755003E-3
4.674145E-1	-2.752834E-3
4.674610E-1	-2.772548E-3
4.674807E-1	-2.857820E-3
4.676300E-1	-2.836647E-3
4.676505E-1	-2.920498E-3
4.679127E-1	-2.956414E-3
4.679505E-1	-2.940444E-3
4.679643E-1	-2.967504E-3
4.679762E-1	-3.023366E-3
4.678970E-1	-3.007435E-3
4.677602E-1	-3.092474E-3
4.678524E-1	-3.118333E-3
4.677855E-1	-3.102893E-3
4.677668E-1	-3.178004E-3
4.679419E-1	-3.210512E-3
4.681634E-1	-3.240115E-3
4.679789E-1	-3.217716E-3
4.677435E-1	-3.233957E-3
4.678126E-1	-3.273849E-3
4.681455E-1	-3.277154E-3
4.679444E-1	-3.317137E-3
4.679169E-1	-3.390905E-3
4.680736E-1	-3.416519E-3
4.681353E-1	-3.450899E-3
4.680887E-1	-3.458516E-3
4.680662E-1	-3.425156E-3
4.681797E-1	-3.503482E-3
4.681014E-1	-3.515914E-3
4.679944E-1	-3.487912E-3
4.679998E-1	-3.544459E-3
4.680654E-1	-3.532981E-3
4.681479E-1	-3.562468E-3
4.681726E-1	-3.575417E-3
4.681747E-1	-3.606259E-3
4.682358E-1	-3.638199E-3
4.684346E-1	-3.717158E-3
4.683424E-1	-3.712691E-3
4.684432E-1	-3.721650E-3
4.686828E-1	-3.779604E-3
4.685561E-1	-3.781889E-3
4.682416E-1	-3.745908E-3
4.684957E-1	-3.812409E-3
4.685207E-1	-3.835337E-3
4.685760E-1	-3.853024E-3
4.686321E-1	-3.861545E-3
4.687180E-1	-3.889237E-3
4.685498E-1	-3.962450E-3
4.686684E-1	-3.976703E-3
4.688575E-1	-3.952884E-3
4.685649E-1	-3.972004E-3
4.685339E-1	-3.980189E-3
4.685571E-1	-4.053648E-3
4.690612E-1	-4.026407E-3
4.689776E-1	-4.046715E-3
4.691526E-1	-4.121607E-3
4.689508E-1	-4.156646E-3
4.688154E-1	-4.158363E-3
4.690023E-1	-4.167348E-3
4.690646E-1	-4.196435E-3
4.690865E-1	-4.195634E-3
4.688750E-1	-4.314795E-3
4.688794E-1	-4.377809E-3
4.690311E-1	-4.228891E-3
4.689026E-1	-4.266111E-3
4.691212E-1	-4.287684E-3
4.690810E-1	-4.348671E-3
4.690718E-1	-4.335103E-3
4.691885E-1	-4.369870E-3
4.693702E-1	-4.397588E-3
4.689811E-1	-4.420697E-3
4.690873E-1	-4.458924E-3
4.692261E-1	-4.482821E-3
4.693263E-1	-4.537624E-3
4.692490E-1	-4.585895E-3
4.691531E-1	-4.580408E-3
4.692778E-1	-4.633882E-3
4.693546E-1	-4.668946E-3
4.695481E-1	-4.694676E-3
4.694938E-1	-4.721142E-3
4.694544E-1	-4.746768E-3
4.693736E-1	-4.772679E-3
4.696797E-1	-4.759485E-3
4.696522E-1	-4.785718E-3
4.695473E-1	-4.798848E-3
4.695815E-1	-4.827547E-3
4.696818E-1	-4.888225E-3
4.697463E-1	-4.903549E-3
4.697564E-1	-4.941079E-3
4.697894E-1	-4.969585E-3
4.701691E-1	-4.999665E-3
4.699531E-1	-5.012563E-3
4.698387E-1	-5.049795E-3
4.701177E-1	-5.104973E-3
4.699615E-1	-5.125204E-3
4.702618E-1	-5.138695E-3
4.700471E-1	-5.148274E-3
4.701489E-1	-5.206976E-3
4.701896E-1	-5.205479E-3
4.702610E-1	-5.238077E-3
4.702791E-1	-5.282656E-3
4.704539E-1	-5.276704E-3
4.701926E-1	-5.308192E-3
4.702393E-1	-5.329881E-3
4.701407E-1	-5.380799E-3
4.702998E-1	-5.442638E-3
4.703715E-1	-5.428489E-3
4.704410E-1	-5.498049E-3
4.700355E-1	-5.555524E-3
4.703542E-1	-5.616835E-3
4.704768E-1	-5.624426E-3
4.704112E-1	-5.655759E-3
4.705321E-1	-5.725796E-3
4.706845E-1	-5.629551E-3
4.705811E-1	-5.644372E-3
4.707400E-1	-5.673459E-3
4.708272E-1	-5.743845E-3
4.711686E-1	-5.793523E-3
4.713100E-1	-5.802625E-3
4.712694E-1	-5.844596E-3
4.712292E-1	-5.888296E-3
4.710055E-1	-5.940118E-3
4.711032E-1	-5.976266E-3
4.715390E-1	-6.038106E-3
4.713259E-1	-6.078114E-3
4.717482E-1	-6.125688E-3
4.718274E-1	-6.196307E-3
4.716521E-1	-6.243237E-3
4.713323E-1	-6.299848E-3
4.715842E-1	-6.320478E-3
4.716394E-1	-6.359002E-3
4.717651E-1	-6.407686E-3
4.716198E-1	-6.442725E-3
4.719907E-1	-6.501362E-3
4.719852E-1	-6.546470E-3
4.719893E-1	-6.585575E-3
4.724106E-1	-6.659202E-3
4.723899E-1	-6.702270E-3
4.726250E-1	-6.756893E-3
4.727376E-1	-6.825923E-3
4.728350E-1	-6.880947E-3
4.726486E-1	-6.926313E-3
4.725689E-1	-6.953205E-3
4.729936E-1	-7.002792E-3
4.731516E-1	-7.058177E-3
4.730529E-1	-7.114065E-3
4.732901E-1	-7.177647E-3
4.733455E-1	-7.237951E-3
4.731054E-1	-7.265191E-3
4.733424E-1	-7.316844E-3
4.733817E-1	-7.350707E-3
4.735617E-1	-7.429730E-3
4.735141E-1	-7.462586E-3
4.735007E-1	-7.521534E-3
4.737957E-1	-7.591959E-3
4.738304E-1	-7.625254E-3
4.741003E-1	-7.682149E-3
4.740418E-1	-7.737986E-3
4.742059E-1	-7.794713E-3
4.742093E-1	-7.857843E-3
4.743587E-1	-7.876434E-3
4.746790E-1	-7.928152E-3
4.744233E-1	-8.016135E-3
4.741836E-1	-8.044421E-3
4.743052E-1	-8.090161E-3
4.746108E-1	-8.173483E-3
4.748504E-1	-8.236395E-3
4.750837E-1	-8.289455E-3
4.751643E-1	-8.365510E-3
4.752011E-1	-8.427737E-3
4.752401E-1	-8.451685E-3
4.752822E-1	-8.536363E-3
4.751604E-1	-8.579237E-3
4.751899E-1	-8.642019E-3
4.753158E-1	-8.721314E-3
4.754187E-1	-8.788085E-3
4.756755E-1	-8.836123E-3
4.757923E-1	-8.914217E-3
4.760132E-1	-8.933156E-3
4.760907E-1	-9.034901E-3
4.762842E-1	-9.116725E-3
4.764765E-1	-9.167449E-3
4.765969E-1	-9.258453E-3
4.768153E-1	-9.327109E-3
4.765574E-1	-9.398761E-3
4.768396E-1	-9.446786E-3
4.771152E-1	-9.529850E-3
4.768153E-1	-9.577463E-3
4.767864E-1	-9.705583E-3
4.766710E-1	-9.784851E-3
4.772399E-1	-9.847762E-3
4.773746E-1	-9.939166E-3
4.771014E-1	-1.000589E-2
4.773858E-1	-1.011276E-2
4.775948E-1	-1.017240E-2
4.775313E-1	-1.026956E-2
4.775696E-1	-1.036851E-2
4.777819E-1	-1.044593E-2
4.778504E-1	-1.054583E-2
4.781038E-1	-1.062222E-2
4.781365E-1	-1.071873E-2
4.782741E-1	-1.079645E-2
4.782791E-1	-1.091181E-2
4.781864E-1	-1.099926E-2
4.784006E-1	-1.109838E-2
4.785994E-1	-1.116149E-2
4.788499E-1	-1.126304E-2
4.789058E-1	-1.137568E-2
4.788224E-1	-1.140550E-2
4.790139E-1	-1.154636E-2
4.791397E-1	-1.165170E-2
4.789969E-1	-1.173583E-2
4.788966E-1	-1.183117E-2
4.794133E-1	-1.194085E-2
4.795698E-1	-1.203757E-2
4.795992E-1	-1.206136E-2
4.795845E-1	-1.220108E-2
4.798181E-1	-1.231993E-2
4.799029E-1	-1.237829E-2
4.797151E-1	-1.247554E-2
4.801268E-1	-1.258514E-2
4.799786E-1	-1.274481E-2
4.803578E-1	-1.282327E-2
4.805276E-1	-1.283561E-2
4.804119E-1	-1.295227E-2
4.804166E-1	-1.303366E-2
4.804027E-1	-1.314227E-2
4.807299E-1	-1.322759E-2
4.807252E-1	-1.334941E-2
4.807286E-1	-1.344159E-2
4.810150E-1	-1.352624E-2
4.812007E-1	-1.361913E-2
4.813494E-1	-1.371441E-2
4.817790E-1	-1.383022E-2
4.813481E-1	-1.391134E-2
4.813728E-1	-1.399684E-2
4.818268E-1	-1.409451E-2
4.817052E-1	-1.420440E-2
4.815434E-1	-1.427267E-2
4.816221E-1	-1.433966E-2
4.818411E-1	-1.442442E-2
4.817894E-1	-1.456403E-2
4.821105E-1	-1.462975E-2
4.822468E-1	-1.470076E-2
4.822990E-1	-1.478606E-2
4.824578E-1	-1.489953E-2
4.825530E-1	-1.490881E-2
4.824769E-1	-1.503751E-2
4.825966E-1	-1.514534E-2
4.829116E-1	-1.518879E-2
4.830109E-1	-1.523132E-2
4.830662E-1	-1.533791E-2
4.832505E-1	-1.544634E-2
4.831701E-1	-1.548715E-2
4.833475E-1	-1.555680E-2
4.835446E-1	-1.566848E-2
4.837554E-1	-1.573828E-2
4.834188E-1	-1.580252E-2
4.838055E-1	-1.587283E-2
4.839132E-1	-1.590159E-2
4.840140E-1	-1.598257E-2
4.840756E-1	-1.604674E-2
4.843039E-1	-1.611585E-2
4.843512E-1	-1.615482E-2
4.844282E-1	-1.634845E-2
4.846393E-1	-1.631273E-2
4.845740E-1	-1.636045E-2
4.847352E-1	-1.644207E-2
4.847620E-1	-1.639174E-2
4.848699E-1	-1.658407E-2
4.850133E-1	-1.656912E-2
4.851694E-1	-1.670007E-2
4.851376E-1	-1.672776E-2
4.851157E-1	-1.674954E-2
4.852617E-1	-1.683359E-2
4.853893E-1	-1.684114E-2
4.855997E-1	-1.691052E-2
4.858121E-1	-1.701835E-2
4.859305E-1	-1.702028E-2
4.859399E-1	-1.707233E-2
4.859134E-1	-1.710318E-2
4.859533E-1	-1.721146E-2
4.862604E-1	-1.725617E-2
4.861752E-1	-1.725420E-2
4.866158E-1	-1.725852E-2
4.866737E-1	-1.738024E-2
4.867064E-1	-1.736875E-2
4.868148E-1	-1.738641E-2
4.869092E-1	-1.749227E-2
4.868727E-1	-1.753077E-2
4.870105E-1	-1.755325E-2
4.874173E-1	-1.759160E-2
4.872764E-1	-1.756254E-2
4.874852E-1	-1.765071E-2
4.873997E-1	-1.762042E-2
4.877606E-1	-1.772065E-2
4.878062E-1	-1.775265E-2
4.879739E-1	-1.778255E-2
4.878635E-1	-1.782446E-2
4.882574E-1	-1.774837E-2
4.885630E-1	-1.785591E-2
4.883898E-1	-1.785442E-2
4.884740E-1	-1.784176E-2
4.885427E-1	-1.783318E-2
4.888451E-1	-1.788069E-2
4.891579E-1	-1.788363E-2
4.889373E-1	-1.790203E-2
4.893635E-1	-1.792287E-2
4.892562E-1	-1.793530E-2
4.892261E-1	-1.804236E-2
4.893690E-1	-1.798951E-2
4.897127E-1	-1.808923E-2
4.897945E-1	-1.803562E-2
4.899048E-1	-1.812971E-2
4.899919E-1	-1.804716E-2
4.898535E-1	-1.813009E-2
4.902392E-1	-1.815398E-2
4.902451E-1	-1.810336E-2
4.905479E-1	-1.809852E-2
4.907457E-1	-1.818737E-2
4.908097E-1	-1.813742E-2
4.905593E-1	-1.815952E-2
4.906446E-1	-1.824775E-2
4.908774E-1	-1.825990E-2
4.911672E-1	-1.821687E-2
4.913302E-1	-1.829201E-2
4.911257E-1	-1.831990E-2
4.910532E-1	-1.830730E-2
4.912126E-1	-1.834135E-2
4.915586E-1	-1.828694E-2
4.913684E-1	-1.837485E-2
4.913593E-1	-1.832562E-2
4.916330E-1	-1.841223E-2
4.919689E-1	-1.835485E-2
4.919931E-1	-1.842570E-2
4.919829E-1	-1.843647E-2
4.918619E-1	-1.837045E-2
4.922374E-1	-1.834007E-2
4.924833E-1	-1.842556E-2
4.925215E-1	-1.844668E-2
4.926093E-1	-1.855216E-2
4.928564E-1	-1.848615E-2
4.929982E-1	-1.857416E-2
4.930378E-1	-1.859696E-2
4.930747E-1	-1.851336E-2
4.930619E-1	-1.857521E-2
4.933117E-1	-1.861012E-2
4.933071E-1	-1.863990E-2
4.933756E-1	-1.866455E-2
4.932503E-1	-1.866512E-2
4.938026E-1	-1.863237E-2
4.938402E-1	-1.867846E-2
4.939314E-1	-1.871290E-2
4.941057E-1	-1.865346E-2
4.944700E-1	-1.866204E-2
4.944369E-1	-1.874615E-2
4.944295E-1	-1.870246E-2
4.946139E-1	-1.877841E-2
4.945251E-1	-1.871955E-2
4.947126E-1	-1.871322E-2
4.948414E-1	-1.873457E-2
4.947167E-1	-1.880840E-2
4.952505E-1	-1.875176E-2
4.949801E-1	-1.875625E-2
4.952912E-1	-1.883335E-2
4.953243E-1	-1.878574E-2
4.953437E-1	-1.880553E-2
4.955327E-1	-1.881046E-2
4.955832E-1	-1.888175E-2
4.957996E-1	-1.882705E-2
4.961108E-1	-1.891624E-2
4.962139E-1	-1.894297E-2
4.960595E-1	-1.892378E-2
4.961954E-1	-1.894944E-2
4.964227E-1	-1.888950E-2
