-1.157748E-2	1.116520E-2
-1.157806E-2	1.116738E-2
-1.157774E-2	1.116786E-2
-1.157796E-2	1.116992E-2
-1.158412E-2	1.114352E-2
-1.161424E-2	1.108101E-2
-1.163106E-2	1.105604E-2
-1.163863E-2	1.104591E-2
-1.165757E-2	1.101547E-2
-1.166567E-2	1.099345E-2
-1.168230E-2	1.095696E-2
-1.170314E-2	1.092899E-2
-1.171320E-2	1.090556E-2
-1.173835E-2	1.085198E-2
-1.176792E-2	1.081320E-2
-1.179037E-2	1.076506E-2
-1.180580E-2	1.070988E-2
-1.183646E-2	1.066317E-2
-1.186658E-2	1.060701E-2
-1.189380E-2	1.057533E-2
-1.191715E-2	1.052927E-2
-1.192952E-2	1.048545E-2
-1.195680E-2	1.044174E-2
-1.203191E-2	1.039247E-2
-1.203187E-2	1.030745E-2
-1.207435E-2	1.022977E-2
-1.211416E-2	1.012433E-2
-1.217072E-2	9.943792E-3
-1.227982E-2	9.866744E-3
-1.229760E-2	9.835347E-3
-1.231709E-2	9.784700E-3
-1.235502E-2	9.683769E-3
-1.241213E-2	9.655367E-3
-1.241923E-2	9.603958E-3
-1.242797E-2	9.558140E-3
-1.245776E-2	9.494183E-3
-1.250149E-2	9.417510E-3
-1.254753E-2	9.344439E-3
-1.257327E-2	9.297007E-3
-1.260361E-2	9.250362E-3
-1.261760E-2	9.225769E-3
-1.263367E-2	9.184301E-3
-1.267182E-2	9.101818E-3
-1.270145E-2	9.051507E-3
-1.274690E-2	8.948278E-3
-1.279684E-2	8.861444E-3
-1.283685E-2	8.797655E-3
-1.289943E-2	8.666682E-3
-1.295839E-2	8.565931E-3
-1.299234E-2	8.491246E-3
-1.303641E-2	8.411306E-3
-1.311495E-2	8.360799E-3
-1.313580E-2	8.252741E-3
-1.316185E-2	8.180457E-3
-1.320264E-2	8.098710E-3
-1.325811E-2	8.017776E-3
-1.330446E-2	7.929819E-3
-1.332587E-2	7.904696E-3
-1.335115E-2	7.839164E-3
-1.340708E-2	7.706345E-3
-1.346522E-2	7.616038E-3
-1.352002E-2	7.575346E-3
-1.353553E-2	7.501745E-3
-1.355553E-2	7.440912E-3
-1.360547E-2	7.359746E-3
-1.368189E-2	7.207121E-3
-1.374387E-2	7.127298E-3
-1.376457E-2	7.083971E-3
-1.377763E-2	7.017742E-3
-1.384759E-2	6.889132E-3
-1.391543E-2	6.703664E-3
-1.401754E-2	6.566494E-3
-1.405966E-2	6.510554E-3
-1.411443E-2	6.407841E-3
-1.417066E-2	6.287130E-3
-1.423706E-2	6.177213E-3
-1.429722E-2	6.135887E-3
-1.433258E-2	5.984993E-3
-1.440100E-2	5.854691E-3
-1.445451E-2	5.755670E-3
-1.452141E-2	5.726016E-3
-1.454330E-2	5.625343E-3
-1.461094E-2	5.592667E-3
-1.464649E-2	5.395516E-3
-1.472724E-2	5.248302E-3
-1.479145E-2	5.134925E-3
-1.483210E-2	5.072156E-3
-1.487143E-2	4.897210E-3
-1.497985E-2	4.784750E-3
-1.504181E-2	4.719941E-3
-1.507233E-2	4.612477E-3
-1.513229E-2	4.494543E-3
-1.520488E-2	4.331501E-3
-1.528316E-2	4.205872E-3
-1.534883E-2	4.088645E-3
-1.541059E-2	3.986668E-3
-1.547653E-2	3.844566E-3
-1.556199E-2	3.718937E-3
-1.558221E-2	3.677315E-3
-1.562080E-2	3.598047E-3
-1.570959E-2	3.417292E-3
-1.574330E-2	3.283555E-3
-1.583097E-2	3.150555E-3
-1.590893E-2	3.106996E-3
-1.593608E-2	2.987771E-3
-1.603888E-2	2.834812E-3
-1.609426E-2	2.732357E-3
-1.613855E-2	2.582380E-3
-1.625828E-2	2.365205E-3
-1.636244E-2	2.240919E-3
-1.641225E-2	2.157003E-3
-1.646394E-2	2.017210E-3
-1.651951E-2	1.846112E-3
-1.666396E-2	1.618158E-3
-1.674328E-2	1.441586E-3
-1.687201E-2	1.252013E-3
-1.694331E-2	1.052319E-3
-1.705914E-2	8.287150E-4
-1.718067E-2	5.447050E-4
-1.739753E-2	4.081280E-4
-1.747229E-2	4.443700E-5
-1.763202E-2	-1.893010E-4
-1.770988E-2	-2.975010E-4
-1.778424E-2	-4.611370E-4
-1.785862E-2	-6.359410E-4
-1.795155E-2	-8.102280E-4
-1.807809E-2	-8.255010E-4
-1.816556E-2	-1.199716E-3
-1.823292E-2	-1.231772E-3
-1.824580E-2	-1.310072E-3
-1.831109E-2	-1.425063E-3
-1.838463E-2	-1.571115E-3
-1.844793E-2	-1.702540E-3
-1.855365E-2	-1.884225E-3
-1.863003E-2	-2.089666E-3
-1.877393E-2	-2.364678E-3
-1.892316E-2	-2.624779E-3
-1.901091E-2	-2.747438E-3
-1.910965E-2	-3.038704E-3
-1.928588E-2	-3.370778E-3
-1.946449E-2	-3.842980E-3
-1.972114E-2	-4.069656E-3
-1.979372E-2	-4.251083E-3
-1.988633E-2	-4.392217E-3
-2.007944E-2	-4.490450E-3
-2.012813E-2	-4.878917E-3
-2.022066E-2	-5.131362E-3
-2.040465E-2	-5.426281E-3
-2.056019E-2	-5.696658E-3
-2.073433E-2	-6.121040E-3
-2.100261E-2	-6.640211E-3
-2.121880E-2	-6.900363E-3
-2.135651E-2	-7.184464E-3
-2.150188E-2	-7.607567E-3
-2.173595E-2	-7.975907E-3
-2.202665E-2	-8.500150E-3
-2.220694E-2	-8.775898E-3
-2.235517E-2	-9.077130E-3
-2.253425E-2	-9.473910E-3
-2.281695E-2	-1.008957E-2
-2.314348E-2	-1.066539E-2
-2.343284E-2	-1.134242E-2
-2.382292E-2	-1.185223E-2
-2.409096E-2	-1.258045E-2
-2.452808E-2	-1.322324E-2
-2.476673E-2	-1.387514E-2
-2.515483E-2	-1.470026E-2
-2.565066E-2	-1.553621E-2
-2.604471E-2	-1.630733E-2
-2.641251E-2	-1.674529E-2
-2.673009E-2	-1.728357E-2
-2.694359E-2	-1.742589E-2
-2.707527E-2	-1.766213E-2
-2.723775E-2	-1.822274E-2
-2.749684E-2	-1.883135E-2
-2.775132E-2	-1.939666E-2
-2.802561E-2	-1.994832E-2
-2.844054E-2	-2.052639E-2
-2.881543E-2	-2.139489E-2
-2.943067E-2	-2.179941E-2
-2.958031E-2	-2.267926E-2
-2.973432E-2	-2.293966E-2
-3.000549E-2	-2.339505E-2
-3.025757E-2	-2.396743E-2
-3.044628E-2	-2.457410E-2
-3.075129E-2	-2.512077E-2
-3.140406E-2	-2.666840E-2
-3.224950E-2	-2.792601E-2
-3.254830E-2	-2.844932E-2
-3.296300E-2	-2.925626E-2
-3.358443E-2	-3.049027E-2
-3.441932E-2	-3.226995E-2
-3.521149E-2	-3.355795E-2
-3.574942E-2	-3.454124E-2
-3.637287E-2	-3.574223E-2
-3.739552E-2	-3.801574E-2
-3.830130E-2	-3.903268E-2
-3.857707E-2	-3.968033E-2
-3.891582E-2	-4.039311E-2
-3.940851E-2	-4.128251E-2
-3.982117E-2	-4.173366E-2
-4.008725E-2	-4.234555E-2
-4.073191E-2	-4.283306E-2
-4.123442E-2	-4.465256E-2
-4.187811E-2	-4.595161E-2
-4.251012E-2	-4.820210E-2
-4.385649E-2	-5.019622E-2
-4.490660E-2	-5.163691E-2
-4.562683E-2	-5.301362E-2
-4.634996E-2	-5.404021E-2
-4.679442E-2	-5.501275E-2
-4.716236E-2	-5.633297E-2
-4.796375E-2	-5.802201E-2
-4.917223E-2	-5.960578E-2
-4.988224E-2	-6.076531E-2
-5.030048E-2	-6.192882E-2
-5.138141E-2	-6.370033E-2
-5.204095E-2	-6.588504E-2
-5.295268E-2	-6.677049E-2
-5.391321E-2	-6.925152E-2
-5.558355E-2	-7.363916E-2
-5.860324E-2	-7.555547E-2
-5.915075E-2	-7.798379E-2
-5.981467E-2	-7.978514E-2
-6.087014E-2	-8.154930E-2
-6.206847E-2	-8.444459E-2
-6.364780E-2	-8.777868E-2
-6.543855E-2	-9.049693E-2
-6.661431E-2	-9.282390E-2
-6.778655E-2	-9.509465E-2
-6.902495E-2	-9.759489E-2
-7.080437E-2	-1.011687E-1
-7.288994E-2	-1.042943E-1
-7.447353E-2	-1.068946E-1
-7.527304E-2	-1.088474E-1
-7.728667E-2	-1.133845E-1
-7.932006E-2	-1.157747E-1
-8.018823E-2	-1.186126E-1
-8.154725E-2	-1.209795E-1
-8.383280E-2	-1.261967E-1
-8.602604E-2	-1.307445E-1
-8.896458E-2	-1.345777E-1
-9.041419E-2	-1.365125E-1
-9.225226E-2	-1.427445E-1
-9.467503E-2	-1.457552E-1
-9.680979E-2	-1.489786E-1
-9.811784E-2	-1.513584E-1
-9.939067E-2	-1.557009E-1
-1.016244E-1	-1.588472E-1
-1.042810E-1	-1.617359E-1
-1.042812E-1	-1.615918E-1
-1.039219E-1	-1.601226E-1
-1.025275E-1	-1.576376E-1
-1.021163E-1	-1.559690E-1
-1.005726E-1	-1.540615E-1
-9.984000E-2	-1.526778E-1
-9.930211E-2	-1.518168E-1
-9.877702E-2	-1.509503E-1
-9.791689E-2	-1.488848E-1
-9.655425E-2	-1.481113E-1
-9.649316E-2	-1.463950E-1
-9.578497E-2	-1.445774E-1
-9.525378E-2	-1.442175E-1
-9.488896E-2	-1.441768E-1
-9.411947E-2	-1.415679E-1
-9.316402E-2	-1.395532E-1
-9.240579E-2	-1.395803E-1
-9.201728E-2	-1.370576E-1
-9.061676E-2	-1.341410E-1
-8.942729E-2	-1.333087E-1
-8.891425E-2	-1.330439E-1
-8.840471E-2	-1.313262E-1
-8.741398E-2	-1.289671E-1
-8.642154E-2	-1.280038E-1
-8.573952E-2	-1.270284E-1
-8.539239E-2	-1.256242E-1
-8.455423E-2	-1.242920E-1
-8.396628E-2	-1.231379E-1
-8.337158E-2	-1.218632E-1
-8.223848E-2	-1.197071E-1
-8.123298E-2	-1.177341E-1
-8.051226E-2	-1.164468E-1
-7.978509E-2	-1.157073E-1
-7.940330E-2	-1.147203E-1
-7.892966E-2	-1.135805E-1
-7.795260E-2	-1.121069E-1
-7.737960E-2	-1.108371E-1
-7.677198E-2	-1.096237E-1
-7.623506E-2	-1.086344E-1
-7.555262E-2	-1.074329E-1
-7.498802E-2	-1.064713E-1
-7.434030E-2	-1.053467E-1
-7.366572E-2	-1.036952E-1
-7.283999E-2	-1.019337E-1
-7.222957E-2	-1.011614E-1
-7.163899E-2	-1.004476E-1
-7.135548E-2	-9.939910E-2
-7.051976E-2	-9.874950E-2
-7.003408E-2	-9.634224E-2
-6.903961E-2	-9.568706E-2
-6.868224E-2	-9.462011E-2
-6.794565E-2	-9.316100E-2
-6.718358E-2	-9.180163E-2
-6.659483E-2	-9.080871E-2
-6.604017E-2	-9.024193E-2
-6.555549E-2	-8.889202E-2
-6.496781E-2	-8.768674E-2
-6.441417E-2	-8.691063E-2
-6.370154E-2	-8.555822E-2
-6.298865E-2	-8.411041E-2
-6.238561E-2	-8.296806E-2
-6.148848E-2	-8.141523E-2
-6.055330E-2	-7.883408E-2
-5.940802E-2	-7.739194E-2
-5.880628E-2	-7.577003E-2
-5.765727E-2	-7.378052E-2
-5.622346E-2	-7.262594E-2
-5.625298E-2	-7.108590E-2
-5.551744E-2	-7.046198E-2
-5.520103E-2	-6.949910E-2
-5.468710E-2	-6.921732E-2
-5.468786E-2	-6.922234E-2
-5.468809E-2	-6.924481E-2
-5.467662E-2	-6.893426E-2
-5.442979E-2	-6.780408E-2
-5.358959E-2	-6.761261E-2
-5.354200E-2	-6.674637E-2
-5.323597E-2	-6.633836E-2
-5.269244E-2	-6.510262E-2
-5.234117E-2	-6.404108E-2
-5.154879E-2	-6.318355E-2
-5.135083E-2	-6.263128E-2
-5.085268E-2	-6.168440E-2
-5.045807E-2	-6.101135E-2
-5.014602E-2	-6.052774E-2
-4.959720E-2	-5.937640E-2
-4.909553E-2	-5.811593E-2
-4.822277E-2	-5.671108E-2
-4.768046E-2	-5.568351E-2
-4.728537E-2	-5.491144E-2
-4.668806E-2	-5.351007E-2
-4.602585E-2	-5.226403E-2
-4.524171E-2	-5.117232E-2
-4.464284E-2	-4.997801E-2
-4.401079E-2	-4.877070E-2
-4.345314E-2	-4.748374E-2
-4.260798E-2	-4.617927E-2
-4.233646E-2	-4.616734E-2
-4.220081E-2	-4.592087E-2
-4.208469E-2	-4.547570E-2
-4.195972E-2	-4.547701E-2
-4.195963E-2	-4.174626E-2
