2.187448E-1	2.153810E-1
2.192225E-1	2.150476E-1
2.193047E-1	2.151629E-1
2.194031E-1	2.151645E-1
2.195015E-1	2.151727E-1
2.196053E-1	2.151728E-1
2.196983E-1	2.151321E-1
2.197906E-1	2.151100E-1
2.198832E-1	2.150918E-1
2.199879E-1	2.150804E-1
2.200930E-1	2.150486E-1
2.201749E-1	2.150265E-1
2.202616E-1	2.149882E-1
2.204069E-1	2.150574E-1
2.204514E-1	2.150472E-1
2.205970E-1	2.150259E-1
2.206461E-1	2.149149E-1
2.207321E-1	2.149094E-1
2.208378E-1	2.148873E-1
2.209477E-1	2.149003E-1
2.210358E-1	2.148483E-1
2.211239E-1	2.148082E-1
2.211931E-1	2.147835E-1
2.212882E-1	2.147868E-1
2.214310E-1	2.147704E-1
2.214833E-1	2.147233E-1
2.216434E-1	2.147150E-1
2.216869E-1	2.146913E-1
2.217615E-1	2.146508E-1
2.218517E-1	2.146408E-1
2.219448E-1	2.146365E-1
2.220205E-1	2.145988E-1
2.221927E-1	2.145877E-1
2.222193E-1	2.145388E-1
2.223390E-1	2.145560E-1
2.224192E-1	2.145610E-1
2.225011E-1	2.145393E-1
2.226113E-1	2.144938E-1
2.227066E-1	2.144727E-1
2.227921E-1	2.144473E-1
2.228700E-1	2.144298E-1
2.229643E-1	2.144721E-1
2.230185E-1	2.144238E-1
2.231365E-1	2.143714E-1
2.232193E-1	2.143071E-1
2.233383E-1	2.142924E-1
2.234156E-1	2.142797E-1
2.235043E-1	2.143421E-1
2.236092E-1	2.142765E-1
2.236873E-1	2.142418E-1
2.237903E-1	2.142134E-1
2.238844E-1	2.141601E-1
2.239766E-1	2.141335E-1
2.240645E-1	2.141316E-1
2.241346E-1	2.141031E-1
2.242163E-1	2.141009E-1
2.243326E-1	2.140641E-1
2.243890E-1	2.140484E-1
2.244913E-1	2.141388E-1
2.245916E-1	2.140618E-1
2.246689E-1	2.140050E-1
2.247504E-1	2.139809E-1
2.248394E-1	2.139453E-1
2.249533E-1	2.139275E-1
2.250339E-1	2.139254E-1
2.251023E-1	2.138848E-1
2.252435E-1	2.138576E-1
2.253069E-1	2.138754E-1
2.254079E-1	2.138279E-1
2.254838E-1	2.138377E-1
2.255569E-1	2.138131E-1
2.256540E-1	2.137699E-1
2.257428E-1	2.137340E-1
2.258094E-1	2.137314E-1
2.259057E-1	2.137371E-1
2.259978E-1	2.136535E-1
2.260902E-1	2.136708E-1
2.261737E-1	2.136431E-1
2.262526E-1	2.136484E-1
2.263392E-1	2.136307E-1
2.265032E-1	2.135902E-1
2.265223E-1	2.135719E-1
2.266080E-1	2.135502E-1
2.267092E-1	2.135271E-1
2.267936E-1	2.135070E-1
2.268962E-1	2.135120E-1
2.269610E-1	2.134538E-1
2.270479E-1	2.135285E-1
2.271534E-1	2.134384E-1
2.272288E-1	2.133972E-1
2.273118E-1	2.133604E-1
2.273927E-1	2.133451E-1
2.274858E-1	2.134587E-1
2.275678E-1	2.134476E-1
2.276457E-1	2.133477E-1
2.277480E-1	2.132851E-1
2.278344E-1	2.132686E-1
2.279256E-1	2.133168E-1
2.280128E-1	2.133089E-1
2.280851E-1	2.132683E-1
2.281671E-1	2.131937E-1
2.282570E-1	2.131723E-1
2.283488E-1	2.131537E-1
2.284787E-1	2.131457E-1
2.285403E-1	2.131639E-1
2.286542E-1	2.131135E-1
2.287592E-1	2.130484E-1
2.288469E-1	2.130238E-1
2.289557E-1	2.129775E-1
2.290364E-1	2.129468E-1
2.291447E-1	2.129648E-1
2.292307E-1	2.129165E-1
2.293687E-1	2.129102E-1
2.294593E-1	2.129106E-1
2.295931E-1	2.129739E-1
2.296859E-1	2.128969E-1
2.297640E-1	2.128226E-1
2.298574E-1	2.127990E-1
2.299799E-1	2.127634E-1
2.300746E-1	2.127326E-1
2.301914E-1	2.126879E-1
2.303005E-1	2.127345E-1
2.304096E-1	2.126949E-1
2.305029E-1	2.126417E-1
2.306088E-1	2.126045E-1
2.307054E-1	2.126240E-1
2.308096E-1	2.126686E-1
2.309046E-1	2.125702E-1
2.310111E-1	2.125321E-1
2.311122E-1	2.125075E-1
2.312005E-1	2.124902E-1
2.313302E-1	2.124704E-1
2.315014E-1	2.124585E-1
2.315429E-1	2.123796E-1
2.316441E-1	2.123135E-1
2.317380E-1	2.123602E-1
2.318332E-1	2.123137E-1
2.319768E-1	2.122699E-1
2.320447E-1	2.122996E-1
2.321669E-1	2.122552E-1
2.323031E-1	2.122200E-1
2.323586E-1	2.121453E-1
2.324741E-1	2.121128E-1
2.325674E-1	2.120988E-1
2.326717E-1	2.120862E-1
2.327688E-1	2.120371E-1
2.328795E-1	2.120321E-1
2.329779E-1	2.119878E-1
2.330682E-1	2.119922E-1
2.331880E-1	2.119489E-1
2.332875E-1	2.120577E-1
2.334431E-1	2.120410E-1
2.334793E-1	2.119071E-1
2.335897E-1	2.118660E-1
2.337008E-1	2.118101E-1
2.338038E-1	2.118139E-1
2.339099E-1	2.117546E-1
2.340183E-1	2.117384E-1
2.341127E-1	2.117313E-1
2.342217E-1	2.117756E-1
2.343224E-1	2.118032E-1
2.344100E-1	2.117559E-1
2.344959E-1	2.117842E-1
2.346148E-1	2.118472E-1
2.347268E-1	2.116821E-1
2.348252E-1	2.115813E-1
2.349153E-1	2.115671E-1
2.350185E-1	2.114963E-1
2.351471E-1	2.114454E-1
2.352357E-1	2.114375E-1
2.353370E-1	2.114543E-1
2.354265E-1	2.115184E-1
2.355392E-1	2.114560E-1
2.356509E-1	2.115146E-1
2.357315E-1	2.118040E-1
2.358441E-1	2.114250E-1
2.359602E-1	2.113252E-1
2.360381E-1	2.113225E-1
2.361423E-1	2.112701E-1
2.362459E-1	2.112060E-1
2.363649E-1	2.111515E-1
2.364560E-1	2.113397E-1
2.365442E-1	2.115059E-1
2.366434E-1	2.114090E-1
2.367414E-1	2.111433E-1
2.368117E-1	2.110928E-1
2.369403E-1	2.110296E-1
2.370586E-1	2.109905E-1
2.371755E-1	2.109536E-1
2.372620E-1	2.109820E-1
2.373375E-1	2.109394E-1
2.374525E-1	2.109283E-1
2.375424E-1	2.108593E-1
2.376684E-1	2.108712E-1
2.377504E-1	2.108047E-1
2.378481E-1	2.111574E-1
2.379796E-1	2.109380E-1
2.381318E-1	2.108301E-1
2.382437E-1	2.107540E-1
2.382874E-1	2.106817E-1
2.383603E-1	2.106855E-1
2.384632E-1	2.106205E-1
2.385696E-1	2.105717E-1
2.386942E-1	2.105419E-1
2.388199E-1	2.105504E-1
2.389167E-1	2.105343E-1
2.390786E-1	2.104416E-1
2.392496E-1	2.104227E-1
2.393272E-1	2.104077E-1
2.394339E-1	2.105892E-1
2.395560E-1	2.106646E-1
2.396902E-1	2.110134E-1
2.398186E-1	2.109235E-1
2.399711E-1	2.107983E-1
2.401176E-1	2.112574E-1
2.402274E-1	2.107712E-1
2.403644E-1	2.106861E-1
2.405018E-1	2.105434E-1
2.406232E-1	2.103190E-1
2.408010E-1	2.101004E-1
2.409203E-1	2.100038E-1
2.410383E-1	2.099539E-1
2.412401E-1	2.099161E-1
2.413009E-1	2.098802E-1
2.414350E-1	2.098572E-1
2.415574E-1	2.097874E-1
2.417041E-1	2.097346E-1
2.418300E-1	2.099199E-1
2.419196E-1	2.098574E-1
2.421006E-1	2.097092E-1
2.422421E-1	2.097254E-1
2.423788E-1	2.096236E-1
2.425171E-1	2.095223E-1
2.426456E-1	2.094808E-1
2.427769E-1	2.094580E-1
2.429197E-1	2.094483E-1
2.430499E-1	2.093972E-1
2.431766E-1	2.093432E-1
2.433522E-1	2.093393E-1
2.434136E-1	2.092477E-1
2.435618E-1	2.092004E-1
2.437190E-1	2.091783E-1
2.439031E-1	2.091476E-1
2.439650E-1	2.090678E-1
2.440820E-1	2.090557E-1
2.442336E-1	2.090982E-1
2.443800E-1	2.090699E-1
2.445024E-1	2.090259E-1
2.446509E-1	2.089612E-1
2.448518E-1	2.089235E-1
2.449255E-1	2.089184E-1
2.450628E-1	2.088494E-1
2.452031E-1	2.087755E-1
2.453284E-1	2.087357E-1
2.454593E-1	2.086938E-1
2.455651E-1	2.086475E-1
2.457717E-1	2.086638E-1
2.458446E-1	2.086015E-1
2.460054E-1	2.085199E-1
2.461277E-1	2.084906E-1
2.462687E-1	2.084765E-1
2.463955E-1	2.084330E-1
2.465377E-1	2.083975E-1
2.466628E-1	2.083552E-1
2.467868E-1	2.083673E-1
2.469082E-1	2.083309E-1
2.470619E-1	2.082489E-1
2.472163E-1	2.081917E-1
2.474187E-1	2.082417E-1
2.474855E-1	2.081289E-1
2.476085E-1	2.080852E-1
2.477723E-1	2.080269E-1
2.478864E-1	2.080757E-1
2.480084E-1	2.080099E-1
2.481447E-1	2.079533E-1
2.482724E-1	2.078694E-1
2.484718E-1	2.078146E-1
2.485329E-1	2.077766E-1
2.486979E-1	2.077074E-1
2.489150E-1	2.076926E-1
2.490227E-1	2.077258E-1
2.490687E-1	2.076373E-1
2.492196E-1	2.075578E-1
2.493610E-1	2.075917E-1
2.494883E-1	2.075428E-1
2.496113E-1	2.074684E-1
2.497509E-1	2.073637E-1
2.498933E-1	2.073514E-1
2.500283E-1	2.072552E-1
2.501723E-1	2.072697E-1
2.502668E-1	2.072496E-1
2.504189E-1	2.071925E-1
2.505473E-1	2.071977E-1
2.506821E-1	2.071516E-1
2.508935E-1	2.070715E-1
2.509664E-1	2.070575E-1
2.510857E-1	2.069862E-1
2.511939E-1	2.069181E-1
2.513296E-1	2.068640E-1
2.514575E-1	2.067069E-1
2.516029E-1	2.067365E-1
2.517483E-1	2.068166E-1
2.518806E-1	2.066161E-1
2.520216E-1	2.065761E-1
2.521472E-1	2.066220E-1
2.522713E-1	2.065519E-1
2.524100E-1	2.066980E-1
2.525739E-1	2.065371E-1
2.526540E-1	2.063642E-1
2.527790E-1	2.063512E-1
2.529073E-1	2.063299E-1
2.530362E-1	2.062946E-1
2.532019E-1	2.061920E-1
2.533287E-1	2.061651E-1
2.534505E-1	2.061123E-1
2.535647E-1	2.060242E-1
2.536914E-1	2.059995E-1
2.538300E-1	2.059644E-1
2.539561E-1	2.058834E-1
2.541379E-1	2.058646E-1
2.541970E-1	2.059457E-1
2.543070E-1	2.057764E-1
2.544667E-1	2.057422E-1
2.546072E-1	2.057125E-1
2.547063E-1	2.058009E-1
2.548260E-1	2.056660E-1
2.549923E-1	2.055748E-1
2.551376E-1	2.055122E-1
2.552466E-1	2.054279E-1
2.553879E-1	2.054193E-1
2.555176E-1	2.053262E-1
2.556351E-1	2.052415E-1
2.557553E-1	2.052072E-1
2.558884E-1	2.051757E-1
2.560185E-1	2.051664E-1
2.561538E-1	2.051586E-1
2.562937E-1	2.049256E-1
2.564229E-1	2.049387E-1
2.565469E-1	2.048675E-1
2.566774E-1	2.048340E-1
2.567852E-1	2.048654E-1
2.569368E-1	2.046930E-1
2.570467E-1	2.047410E-1
2.571682E-1	2.047043E-1
2.573144E-1	2.045968E-1
2.574441E-1	2.045283E-1
2.575778E-1	2.045371E-1
2.577013E-1	2.044166E-1
2.578496E-1	2.044382E-1
2.579326E-1	2.044050E-1
2.580766E-1	2.044148E-1
2.581973E-1	2.043514E-1
2.583151E-1	2.041159E-1
2.584629E-1	2.040074E-1
2.585823E-1	2.039812E-1
2.587041E-1	2.041189E-1
2.588177E-1	2.040448E-1
2.589470E-1	2.040386E-1
2.590762E-1	2.039999E-1
2.592989E-1	2.039833E-1
2.593611E-1	2.038912E-1
2.594644E-1	2.038157E-1
2.595916E-1	2.037161E-1
2.597141E-1	2.036920E-1
2.598545E-1	2.036618E-1
2.599645E-1	2.036354E-1
2.600750E-1	2.036564E-1
2.601787E-1	2.035800E-1
2.603246E-1	2.033802E-1
2.604565E-1	2.035124E-1
2.605690E-1	2.034868E-1
2.606842E-1	2.033517E-1
2.608862E-1	2.033624E-1
2.609545E-1	2.031964E-1
2.610444E-1	2.033124E-1
2.611673E-1	2.030739E-1
2.612932E-1	2.029441E-1
2.614298E-1	2.028591E-1
2.616137E-1	2.028985E-1
2.616581E-1	2.028668E-1
2.617600E-1	2.029072E-1
2.619074E-1	2.026972E-1
2.620218E-1	2.026733E-1
2.621506E-1	2.027814E-1
2.622585E-1	2.025569E-1
2.623938E-1	2.026978E-1
2.625086E-1	2.025929E-1
2.626441E-1	2.026248E-1
2.627524E-1	2.026067E-1
2.628750E-1	2.023972E-1
2.629977E-1	2.023799E-1
2.631282E-1	2.024832E-1
2.632156E-1	2.021856E-1
2.633708E-1	2.020602E-1
2.634868E-1	2.021817E-1
2.635977E-1	2.019711E-1
2.637160E-1	2.021314E-1
2.638196E-1	2.021254E-1
2.639372E-1	2.023532E-1
2.640515E-1	2.021572E-1
2.642096E-1	2.019356E-1
2.643275E-1	2.016520E-1
2.644173E-1	2.018129E-1
2.645450E-1	2.016311E-1
2.646748E-1	2.016366E-1
2.647971E-1	2.015382E-1
2.649065E-1	2.016494E-1
2.650204E-1	2.017815E-1
2.651246E-1	2.018326E-1
2.652287E-1	2.014311E-1
2.654568E-1	2.014240E-1
2.655180E-1	2.013533E-1
2.656187E-1	2.011030E-1
2.657309E-1	2.010287E-1
2.658103E-1	2.013214E-1
2.659639E-1	2.011895E-1
2.660753E-1	2.011939E-1
2.661907E-1	2.010743E-1
2.663135E-1	2.010133E-1
2.664047E-1	2.008933E-1
2.665370E-1	2.007950E-1
2.666589E-1	2.008363E-1
2.667810E-1	2.008769E-1
2.669026E-1	2.006836E-1
2.670229E-1	2.007760E-1
2.670950E-1	2.006459E-1
2.672184E-1	2.006247E-1
2.673281E-1	2.003287E-1
2.674750E-1	2.004008E-1
2.675889E-1	2.003586E-1
2.676959E-1	2.003842E-1
2.677995E-1	2.003033E-1
2.679201E-1	2.001781E-1
2.680349E-1	2.003051E-1
2.681476E-1	2.003727E-1
2.682595E-1	1.999319E-1
2.683905E-1	2.000179E-1
2.684711E-1	2.000809E-1
2.685922E-1	1.999111E-1
2.687106E-1	1.998867E-1
2.688384E-1	1.997951E-1
2.689343E-1	1.999260E-1
2.690506E-1	1.998031E-1
2.691708E-1	1.996847E-1
2.692986E-1	1.994285E-1
2.694298E-1	1.994300E-1
2.695183E-1	1.995915E-1
2.696361E-1	1.993335E-1
2.697234E-1	1.994970E-1
2.698553E-1	1.993680E-1
2.699562E-1	1.993132E-1
2.700603E-1	1.993527E-1
2.701663E-1	1.992361E-1
2.702724E-1	1.989619E-1
2.703963E-1	1.989609E-1
2.705132E-1	1.989643E-1
2.706469E-1	1.986447E-1
2.707329E-1	1.987661E-1
2.708348E-1	1.987988E-1
2.709466E-1	1.988407E-1
2.710421E-1	1.986569E-1
2.711646E-1	1.981868E-1
2.712963E-1	1.982020E-1
2.713996E-1	1.983114E-1
2.714556E-1	1.981098E-1
2.715829E-1	1.981784E-1
2.717199E-1	1.981170E-1
2.717961E-1	1.980376E-1
2.719390E-1	1.980018E-1
2.720473E-1	1.979145E-1
2.721134E-1	1.981539E-1
2.721725E-1	1.979207E-1
2.723584E-1	1.976131E-1
2.724699E-1	1.977892E-1
2.725822E-1	1.978176E-1
2.726643E-1	1.979228E-1
2.727604E-1	1.979089E-1
2.728875E-1	1.976349E-1
2.730004E-1	1.976535E-1
2.731324E-1	1.977149E-1
2.732452E-1	1.974944E-1
2.733587E-1	1.975519E-1
2.734562E-1	1.975944E-1
2.735359E-1	1.976027E-1
2.736346E-1	1.975836E-1
2.737499E-1	1.974447E-1
2.738479E-1	1.974652E-1
2.739420E-1	1.974355E-1
2.740452E-1	1.970917E-1
2.741669E-1	1.969285E-1
2.742911E-1	1.965941E-1
2.743924E-1	1.967842E-1
2.744863E-1	1.967487E-1
2.746110E-1	1.966898E-1
2.747391E-1	1.966951E-1
2.747938E-1	1.966483E-1
2.748963E-1	1.966118E-1
2.750068E-1	1.965050E-1
2.751722E-1	1.968672E-1
2.752270E-1	1.963736E-1
2.753497E-1	1.963393E-1
2.754389E-1	1.963768E-1
2.755524E-1	1.962572E-1
2.756560E-1	1.962762E-1
2.757357E-1	1.963767E-1
2.758324E-1	1.961561E-1
2.759528E-1	1.961666E-1
2.760479E-1	1.960892E-1
2.761785E-1	1.958893E-1
2.762324E-1	1.955133E-1
2.763532E-1	1.958172E-1
2.764684E-1	1.958281E-1
2.765867E-1	1.955994E-1
2.766629E-1	1.957255E-1
2.767778E-1	1.957100E-1
2.768645E-1	1.954591E-1
2.769856E-1	1.954603E-1
2.771310E-1	1.954637E-1
2.771790E-1	1.951786E-1
2.772567E-1	1.950490E-1
2.773612E-1	1.953013E-1
2.774501E-1	1.952421E-1
2.775747E-1	1.950582E-1
2.776964E-1	1.949377E-1
2.777776E-1	1.950571E-1
2.779024E-1	1.948847E-1
2.780032E-1	1.949935E-1
2.780796E-1	1.945492E-1
2.781632E-1	1.942465E-1
2.783110E-1	1.944602E-1
2.783459E-1	1.940950E-1
2.784711E-1	1.938343E-1
2.785850E-1	1.935867E-1
2.786786E-1	1.931535E-1
2.787819E-1	1.926372E-1
2.788705E-1	1.916191E-1
2.790111E-1	1.908587E-1
2.790859E-1	1.906095E-1
2.791806E-1	1.906614E-1
2.792860E-1	1.878218E-1
2.793875E-1	1.864414E-1
2.794823E-1	1.851627E-1
2.795750E-1	1.856640E-1
2.797308E-1	1.845473E-1
2.797787E-1	1.823701E-1
2.798462E-1	1.802368E-1
2.799435E-1	2.817317E-1
2.800538E-1	1.763863E+0
2.801070E-1	2.240676E+0
2.801935E-1	1.146065E+0
2.803129E-1	4.467436E-1
2.804130E-1	2.568675E-1
2.805239E-1	1.979042E-1
2.806423E-1	1.854753E-1
2.807089E-1	1.765176E-1
2.808527E-1	2.295658E-1
2.808822E-1	2.058858E+0
2.809692E-1	1.977904E+0
2.810458E-1	6.799941E-1
2.811660E-1	3.074924E-1
2.812605E-1	2.051381E-1
2.813287E-1	1.751560E-1
2.814727E-1	7.140304E-1
2.815456E-1	1.961333E+0
2.815875E-1	2.141642E+0
2.816830E-1	7.637224E-1
2.818221E-1	3.255410E-1
