1.608333E-1	2.075673E-1
1.604289E-1	2.070963E-1
1.602911E-1	2.077012E-1
1.601798E-1	2.081515E-1
1.601867E-1	2.082119E-1
1.600909E-1	2.083399E-1
1.599534E-1	2.084724E-1
1.599190E-1	2.086710E-1
1.597401E-1	2.087029E-1
1.597083E-1	2.088096E-1
1.596134E-1	2.088337E-1
1.595720E-1	2.087452E-1
1.594762E-1	2.088867E-1
1.593521E-1	2.090818E-1
1.592795E-1	2.089185E-1
1.591830E-1	2.091783E-1
1.590887E-1	2.093378E-1
1.589920E-1	2.094875E-1
1.589154E-1	2.092695E-1
1.589275E-1	2.092909E-1
1.588007E-1	2.095849E-1
1.586137E-1	2.094964E-1
1.585956E-1	2.094634E-1
1.585120E-1	2.095925E-1
1.584826E-1	2.097415E-1
1.583943E-1	2.099348E-1
1.583107E-1	2.099243E-1
1.582002E-1	2.099230E-1
1.581236E-1	2.099297E-1
1.580491E-1	2.099967E-1
1.579468E-1	2.099149E-1
1.578678E-1	2.098318E-1
1.578346E-1	2.100759E-1
1.577146E-1	2.100639E-1
1.576088E-1	2.101347E-1
1.576022E-1	2.105153E-1
1.574919E-1	2.104534E-1
1.574271E-1	2.104332E-1
1.573689E-1	2.104168E-1
1.572039E-1	2.105877E-1
1.571808E-1	2.106144E-1
1.570641E-1	2.107709E-1
1.569730E-1	2.106915E-1
1.569205E-1	2.106095E-1
1.568827E-1	2.108953E-1
1.566976E-1	2.109236E-1
1.566828E-1	2.108097E-1
1.565739E-1	2.108137E-1
1.565025E-1	2.109813E-1
1.564388E-1	2.108772E-1
1.563746E-1	2.110143E-1
1.562981E-1	2.110448E-1
1.562091E-1	2.111362E-1
1.562049E-1	2.112248E-1
1.561096E-1	2.112043E-1
1.559901E-1	2.114789E-1
1.559578E-1	2.113881E-1
1.558858E-1	2.114356E-1
1.558309E-1	2.115474E-1
1.557602E-1	2.115195E-1
1.556016E-1	2.113675E-1
1.554629E-1	2.116319E-1
1.554553E-1	2.118313E-1
1.553413E-1	2.115377E-1
1.552671E-1	2.115763E-1
1.552042E-1	2.117876E-1
1.551069E-1	2.117390E-1
1.550563E-1	2.116589E-1
1.550472E-1	2.119042E-1
1.549408E-1	2.117335E-1
1.548696E-1	2.120368E-1
1.547622E-1	2.120261E-1
1.547330E-1	2.122348E-1
1.545577E-1	2.121949E-1
1.545450E-1	2.123980E-1
1.545255E-1	2.122691E-1
1.544273E-1	2.123906E-1
1.543058E-1	2.126113E-1
1.543156E-1	2.128395E-1
1.542394E-1	2.128264E-1
1.541262E-1	2.127637E-1
1.539817E-1	2.129814E-1
1.539278E-1	2.125843E-1
1.538743E-1	2.126457E-1
1.538183E-1	2.126815E-1
1.537158E-1	2.128494E-1
1.536889E-1	2.129016E-1
1.536153E-1	2.129450E-1
1.535219E-1	2.128713E-1
1.534894E-1	2.128204E-1
1.534050E-1	2.128041E-1
1.533031E-1	2.128244E-1
1.532312E-1	2.130272E-1
1.531872E-1	2.132067E-1
1.531072E-1	2.131539E-1
1.530461E-1	2.130794E-1
1.529326E-1	2.134754E-1
1.528074E-1	2.134716E-1
1.527883E-1	2.136228E-1
1.526920E-1	2.133403E-1
1.526608E-1	2.132584E-1
1.525756E-1	2.133486E-1
1.525591E-1	2.135770E-1
1.524431E-1	2.135584E-1
1.523622E-1	2.134448E-1
1.523128E-1	2.136518E-1
1.522692E-1	2.138443E-1
1.521158E-1	2.138535E-1
1.520612E-1	2.139082E-1
1.519829E-1	2.135777E-1
1.519379E-1	2.137710E-1
1.519095E-1	2.138779E-1
1.518747E-1	2.136743E-1
1.518157E-1	2.137108E-1
1.517173E-1	2.138505E-1
1.516691E-1	2.138773E-1
1.515842E-1	2.141121E-1
1.514710E-1	2.141609E-1
1.514438E-1	2.139827E-1
1.513406E-1	2.139894E-1
1.512527E-1	2.141063E-1
1.512460E-1	2.140493E-1
1.511355E-1	2.140778E-1
1.510401E-1	2.140949E-1
1.510392E-1	2.141134E-1
1.509854E-1	2.142066E-1
1.509344E-1	2.143400E-1
1.508767E-1	2.143470E-1
1.507295E-1	2.143347E-1
1.506807E-1	2.145699E-1
1.506753E-1	2.144308E-1
1.505302E-1	2.146349E-1
1.505022E-1	2.145299E-1
1.504906E-1	2.144143E-1
1.503091E-1	2.146587E-1
1.502325E-1	2.146975E-1
1.501713E-1	2.146789E-1
1.501019E-1	2.147339E-1
1.500224E-1	2.148944E-1
1.499668E-1	2.149690E-1
1.499252E-1	2.150263E-1
1.498327E-1	2.150436E-1
1.496983E-1	2.149664E-1
1.496119E-1	2.150742E-1
1.495822E-1	2.151174E-1
1.494657E-1	2.151046E-1
1.494252E-1	2.151180E-1
1.493002E-1	2.152465E-1
1.492783E-1	2.153163E-1
1.491330E-1	2.152840E-1
1.490275E-1	2.152879E-1
1.490071E-1	2.153306E-1
1.489272E-1	2.155217E-1
1.487886E-1	2.155540E-1
1.487331E-1	2.155400E-1
1.487354E-1	2.154628E-1
1.486354E-1	2.156643E-1
1.485576E-1	2.156531E-1
1.484560E-1	2.157480E-1
1.483775E-1	2.157508E-1
1.483294E-1	2.158839E-1
1.482737E-1	2.157289E-1
1.481130E-1	2.156063E-1
1.480761E-1	2.158626E-1
1.479809E-1	2.160666E-1
1.479071E-1	2.160309E-1
1.478663E-1	2.161045E-1
1.477493E-1	2.160872E-1
1.476102E-1	2.162247E-1
1.475223E-1	2.160700E-1
1.474889E-1	2.161969E-1
1.474517E-1	2.161201E-1
1.473524E-1	2.161476E-1
1.473009E-1	2.160706E-1
1.471554E-1	2.161849E-1
1.472028E-1	2.164501E-1
1.470586E-1	2.162913E-1
1.469437E-1	2.164759E-1
1.469290E-1	2.165152E-1
1.468086E-1	2.165501E-1
1.466876E-1	2.165720E-1
1.466079E-1	2.165444E-1
1.466021E-1	2.164793E-1
1.465016E-1	2.167702E-1
1.464767E-1	2.166020E-1
1.463840E-1	2.168281E-1
1.462905E-1	2.167677E-1
1.462589E-1	2.169064E-1
1.461355E-1	2.169476E-1
1.461250E-1	2.170133E-1
1.460234E-1	2.170738E-1
1.458767E-1	2.170018E-1
1.458627E-1	2.170608E-1
1.458527E-1	2.171280E-1
1.457343E-1	2.171508E-1
1.456056E-1	2.171326E-1
1.455647E-1	2.171801E-1
1.454733E-1	2.170729E-1
1.454793E-1	2.171497E-1
1.453599E-1	2.170564E-1
1.452441E-1	2.169578E-1
1.451841E-1	2.170878E-1
1.451786E-1	2.174596E-1
1.451114E-1	2.173716E-1
1.449403E-1	2.172492E-1
1.448840E-1	2.173807E-1
1.448404E-1	2.175311E-1
1.448293E-1	2.177314E-1
1.447376E-1	2.178377E-1
1.446713E-1	2.176058E-1
1.445976E-1	2.175322E-1
1.444864E-1	2.175207E-1
1.444387E-1	2.178811E-1
1.443638E-1	2.175817E-1
1.443571E-1	2.176215E-1
1.441912E-1	2.179636E-1
1.441519E-1	2.177958E-1
1.440545E-1	2.178307E-1
1.440282E-1	2.178417E-1
1.439415E-1	2.179115E-1
1.438938E-1	2.177428E-1
1.437965E-1	2.179394E-1
1.437842E-1	2.182223E-1
1.437115E-1	2.182024E-1
1.436126E-1	2.182142E-1
1.435510E-1	2.180412E-1
1.434882E-1	2.179925E-1
1.433980E-1	2.182985E-1
1.433448E-1	2.183339E-1
1.433103E-1	2.183947E-1
1.432214E-1	2.187085E-1
1.432208E-1	2.182805E-1
1.429989E-1	2.183262E-1
1.430483E-1	2.185033E-1
1.429895E-1	2.185349E-1
1.428503E-1	2.184654E-1
1.428002E-1	2.184919E-1
1.425337E-1	2.183826E-1
1.425970E-1	2.184307E-1
1.425897E-1	2.187730E-1
1.424722E-1	2.184989E-1
1.424562E-1	2.188023E-1
1.423775E-1	2.188696E-1
1.422097E-1	2.186840E-1
1.422834E-1	2.187500E-1
1.422176E-1	2.187072E-1
1.421366E-1	2.186166E-1
1.420594E-1	2.187174E-1
1.420143E-1	2.188448E-1
1.419538E-1	2.188105E-1
1.419109E-1	2.186881E-1
1.418033E-1	2.188292E-1
1.417585E-1	2.189500E-1
1.417138E-1	2.189503E-1
1.416700E-1	2.189901E-1
1.416370E-1	2.189636E-1
1.415402E-1	2.187292E-1
1.414069E-1	2.190541E-1
1.413482E-1	2.189061E-1
1.413039E-1	2.191071E-1
1.412630E-1	2.191932E-1
1.411141E-1	2.192071E-1
1.411295E-1	2.194155E-1
1.410837E-1	2.193189E-1
1.409823E-1	2.191959E-1
1.409091E-1	2.191713E-1
1.408933E-1	2.195104E-1
1.408376E-1	2.193780E-1
1.407437E-1	2.194472E-1
1.406287E-1	2.195128E-1
1.405812E-1	2.195213E-1
1.405805E-1	2.197555E-1
1.404263E-1	2.197124E-1
1.404394E-1	2.197067E-1
1.403971E-1	2.197282E-1
1.402220E-1	2.196122E-1
1.402106E-1	2.198859E-1
1.401878E-1	2.196979E-1
1.400635E-1	2.196666E-1
1.400259E-1	2.195030E-1
1.399850E-1	2.197190E-1
1.399589E-1	2.197943E-1
1.398948E-1	2.196305E-1
1.398032E-1	2.197178E-1
1.396666E-1	2.195983E-1
1.396144E-1	2.195529E-1
1.396240E-1	2.197877E-1
1.395606E-1	2.196008E-1
1.395514E-1	2.197418E-1
1.395073E-1	2.197745E-1
1.395172E-1	2.198227E-1
1.395168E-1	2.198522E-1
1.395736E-1	2.200113E-1
1.395773E-1	2.198512E-1
1.395490E-1	2.198306E-1
1.395113E-1	2.199533E-1
1.395166E-1	2.199228E-1
1.396131E-1	2.198604E-1
1.396230E-1	2.196723E-1
1.396930E-1	2.198732E-1
1.397582E-1	2.197826E-1
1.397409E-1	2.197094E-1
1.397837E-1	2.198355E-1
1.397938E-1	2.197922E-1
1.398470E-1	2.195660E-1
1.398189E-1	2.198055E-1
1.398474E-1	2.196466E-1
1.398759E-1	2.197254E-1
1.399711E-1	2.197415E-1
1.399911E-1	2.197266E-1
1.400197E-1	2.197547E-1
1.400703E-1	2.195991E-1
1.400695E-1	2.196971E-1
1.401025E-1	2.196095E-1
1.401912E-1	2.199286E-1
1.401710E-1	2.197101E-1
1.401970E-1	2.196755E-1
1.402175E-1	2.195824E-1
1.402399E-1	2.196013E-1
1.402894E-1	2.196783E-1
1.403538E-1	2.195966E-1
1.403946E-1	2.194445E-1
1.403919E-1	2.194428E-1
1.404668E-1	2.196093E-1
1.405154E-1	2.193691E-1
1.404620E-1	2.193873E-1
1.405268E-1	2.194311E-1
1.405545E-1	2.195271E-1
1.406203E-1	2.192960E-1
1.406458E-1	2.194445E-1
1.406329E-1	2.192772E-1
1.406992E-1	2.195466E-1
1.407482E-1	2.195276E-1
1.407490E-1	2.193159E-1
1.407562E-1	2.192656E-1
1.408246E-1	2.192065E-1
1.407903E-1	2.192020E-1
1.408074E-1	2.193315E-1
1.408269E-1	2.193802E-1
1.409075E-1	2.192355E-1
1.409156E-1	2.194336E-1
1.409222E-1	2.191190E-1
1.409617E-1	2.191587E-1
1.409862E-1	2.191910E-1
1.410609E-1	2.192645E-1
1.410765E-1	2.193189E-1
1.411063E-1	2.194377E-1
1.411325E-1	2.194823E-1
1.411535E-1	2.192531E-1
1.412365E-1	2.190758E-1
1.412331E-1	2.191972E-1
1.412917E-1	2.192989E-1
1.413813E-1	2.191058E-1
1.414060E-1	2.190961E-1
1.414220E-1	2.192531E-1
1.414041E-1	2.193077E-1
1.414318E-1	2.191053E-1
1.414936E-1	2.190969E-1
1.415264E-1	2.190601E-1
1.416017E-1	2.190420E-1
1.415948E-1	2.192082E-1
1.415675E-1	2.190334E-1
1.416159E-1	2.189524E-1
1.417149E-1	2.188451E-1
1.417126E-1	2.190737E-1
1.417032E-1	2.189031E-1
1.417352E-1	2.187788E-1
1.417601E-1	2.189386E-1
1.418351E-1	2.187957E-1
1.418476E-1	2.187374E-1
1.418381E-1	2.187203E-1
1.418471E-1	2.188639E-1
1.418625E-1	2.190462E-1
1.418848E-1	2.190593E-1
1.419339E-1	2.190256E-1
1.419377E-1	2.187328E-1
1.419894E-1	2.187836E-1
1.420380E-1	2.188789E-1
1.420872E-1	2.189509E-1
1.420855E-1	2.187921E-1
1.420948E-1	2.186373E-1
1.421184E-1	2.187036E-1
1.421853E-1	2.188171E-1
1.423028E-1	2.188318E-1
1.422953E-1	2.186307E-1
1.423143E-1	2.186082E-1
1.422559E-1	2.185916E-1
1.422955E-1	2.187331E-1
1.423009E-1	2.186645E-1
1.423118E-1	2.186946E-1
1.423740E-1	2.186374E-1
1.424025E-1	2.186847E-1
1.424431E-1	2.184968E-1
1.425127E-1	2.184338E-1
1.425579E-1	2.184436E-1
1.425692E-1	2.184955E-1
1.425943E-1	2.184052E-1
1.426304E-1	2.187523E-1
1.426462E-1	2.184545E-1
1.426776E-1	2.185853E-1
1.426845E-1	2.184787E-1
1.427447E-1	2.185753E-1
1.427746E-1	2.186583E-1
1.427602E-1	2.186239E-1
1.428297E-1	2.185315E-1
1.428573E-1	2.185570E-1
1.428456E-1	2.183242E-1
1.429536E-1	2.182775E-1
1.429423E-1	2.183476E-1
1.429204E-1	2.182126E-1
1.430099E-1	2.182859E-1
1.430082E-1	2.186769E-1
1.430665E-1	2.183339E-1
1.430895E-1	2.183205E-1
1.430629E-1	2.182447E-1
1.431293E-1	2.180721E-1
1.431849E-1	2.182776E-1
1.431734E-1	2.182559E-1
1.432052E-1	2.180809E-1
1.432868E-1	2.179234E-1
1.433174E-1	2.181013E-1
1.433510E-1	2.180534E-1
1.433936E-1	2.180147E-1
1.435026E-1	2.183901E-1
1.435611E-1	2.182273E-1
1.435485E-1	2.181677E-1
1.435608E-1	2.183140E-1
1.436970E-1	2.180931E-1
1.437002E-1	2.181342E-1
1.437444E-1	2.178589E-1
1.437235E-1	2.180927E-1
1.437962E-1	2.179527E-1
1.438542E-1	2.177780E-1
1.439815E-1	2.179851E-1
1.439611E-1	2.179297E-1
1.439544E-1	2.180711E-1
1.440413E-1	2.176582E-1
1.441346E-1	2.178602E-1
1.442285E-1	2.178848E-1
1.442847E-1	2.178366E-1
1.442692E-1	2.177863E-1
1.443496E-1	2.176257E-1
1.443425E-1	2.175097E-1
1.443470E-1	2.177044E-1
1.444338E-1	2.177534E-1
1.445153E-1	2.175906E-1
1.445148E-1	2.174073E-1
1.445101E-1	2.175658E-1
1.445676E-1	2.174516E-1
1.446694E-1	2.174057E-1
1.447333E-1	2.175438E-1
1.447327E-1	2.175798E-1
1.447550E-1	2.175976E-1
1.447920E-1	2.175264E-1
1.448482E-1	2.174105E-1
1.449895E-1	2.174779E-1
1.449835E-1	2.175977E-1
1.450266E-1	2.174339E-1
1.450743E-1	2.174019E-1
1.451663E-1	2.172224E-1
1.451893E-1	2.173632E-1
1.452205E-1	2.173990E-1
1.452924E-1	2.172187E-1
1.453458E-1	2.170902E-1
1.454048E-1	2.172127E-1
1.453473E-1	2.171191E-1
1.454888E-1	2.168995E-1
1.455107E-1	2.168706E-1
1.454742E-1	2.167974E-1
1.455903E-1	2.170341E-1
1.455878E-1	2.169507E-1
1.456161E-1	2.169836E-1
1.456987E-1	2.171432E-1
1.457579E-1	2.170278E-1
1.457970E-1	2.169226E-1
1.457695E-1	2.169180E-1
1.457874E-1	2.169416E-1
1.458694E-1	2.171203E-1
1.459413E-1	2.169139E-1
1.459954E-1	2.169463E-1
1.460911E-1	2.168781E-1
1.461726E-1	2.167544E-1
1.461346E-1	2.169912E-1
1.461433E-1	2.169541E-1
1.461807E-1	2.169095E-1
1.462924E-1	2.168273E-1
1.463585E-1	2.167909E-1
1.463365E-1	2.166875E-1
1.463800E-1	2.166961E-1
1.464635E-1	2.165964E-1
1.464898E-1	2.165414E-1
1.464818E-1	2.167262E-1
1.465802E-1	2.164768E-1
1.466892E-1	2.165876E-1
1.467209E-1	2.165711E-1
1.467522E-1	2.167059E-1
1.468076E-1	2.166075E-1
1.468885E-1	2.164382E-1
1.469955E-1	2.164284E-1
1.471054E-1	2.165796E-1
1.471058E-1	2.164195E-1
1.471774E-1	2.162913E-1
1.472682E-1	2.163768E-1
1.473089E-1	2.161812E-1
1.473488E-1	2.161332E-1
1.474460E-1	2.160078E-1
1.475552E-1	2.159142E-1
1.476331E-1	2.160456E-1
1.476896E-1	2.161383E-1
1.478038E-1	2.160093E-1
1.478153E-1	2.159655E-1
1.478852E-1	2.158431E-1
1.479698E-1	2.158019E-1
1.480433E-1	2.157384E-1
1.481205E-1	2.158283E-1
1.481242E-1	2.157571E-1
1.481256E-1	2.156525E-1
1.482504E-1	2.157419E-1
1.483339E-1	2.159785E-1
1.483868E-1	2.159199E-1
1.484529E-1	2.159656E-1
1.485593E-1	2.155695E-1
1.486234E-1	2.157130E-1
1.487036E-1	2.155742E-1
1.487001E-1	2.156941E-1
1.487885E-1	2.155598E-1
1.488591E-1	2.154984E-1
1.489107E-1	2.153022E-1
1.490104E-1	2.151859E-1
1.490294E-1	2.151833E-1
1.490780E-1	2.153219E-1
1.491533E-1	2.151574E-1
1.491938E-1	2.149665E-1
1.492474E-1	2.150085E-1
1.493654E-1	2.151804E-1
1.494657E-1	2.150059E-1
1.495040E-1	2.149287E-1
1.495986E-1	2.152266E-1
1.496890E-1	2.150528E-1
1.497016E-1	2.147527E-1
1.497327E-1	2.148584E-1
1.498333E-1	2.151341E-1
1.498859E-1	2.150877E-1
1.500015E-1	2.147002E-1
1.500436E-1	2.148297E-1
1.500757E-1	2.147351E-1
1.501455E-1	2.148151E-1
1.502492E-1	2.146896E-1
1.502911E-1	2.144857E-1
1.503603E-1	2.145223E-1
1.504728E-1	2.144281E-1
1.505800E-1	2.146597E-1
1.505827E-1	2.146119E-1
1.506219E-1	2.142699E-1
1.506711E-1	2.146280E-1
1.507616E-1	2.146273E-1
1.508491E-1	2.145305E-1
1.509409E-1	2.142364E-1
1.509316E-1	2.141360E-1
1.510251E-1	2.142630E-1
1.511359E-1	2.140806E-1
1.511274E-1	2.139784E-1
1.511706E-1	2.140843E-1
1.512039E-1	2.140318E-1
1.512824E-1	2.139986E-1
1.514209E-1	2.141386E-1
1.514626E-1	2.136649E-1
1.515036E-1	2.136985E-1
1.515449E-1	2.138694E-1
1.516089E-1	2.138691E-1
1.517173E-1	2.138451E-1
1.518068E-1	2.137781E-1
1.517950E-1	2.136748E-1
1.519247E-1	2.136416E-1
1.519828E-1	2.137764E-1
1.520229E-1	2.137884E-1
1.521512E-1	2.134464E-1
1.522004E-1	2.135538E-1
1.522416E-1	2.136245E-1
1.522961E-1	2.134525E-1
1.523766E-1	2.134202E-1
1.524678E-1	2.132611E-1
1.525671E-1	2.131681E-1
1.526067E-1	2.134237E-1
1.525918E-1	2.132509E-1
1.526999E-1	2.130096E-1
1.528406E-1	2.128921E-1
1.528893E-1	2.129786E-1
1.529331E-1	2.130890E-1
1.529581E-1	2.132147E-1
1.530683E-1	2.130167E-1
1.531574E-1	2.128570E-1
1.531681E-1	2.125979E-1
1.532402E-1	2.129814E-1
1.532981E-1	2.130296E-1
1.533387E-1	2.127385E-1
1.533772E-1	2.128202E-1
1.534397E-1	2.128327E-1
1.535516E-1	2.127234E-1
1.536238E-1	2.128344E-1
1.536397E-1	2.126079E-1
1.537386E-1	2.126394E-1
1.538304E-1	2.125500E-1
1.538462E-1	2.125608E-1
1.538887E-1	2.126487E-1
1.539900E-1	2.125503E-1
1.540844E-1	2.126016E-1
1.541491E-1	2.125420E-1
1.541520E-1	2.123518E-1
1.542426E-1	2.123610E-1
1.542967E-1	2.124973E-1
1.543569E-1	2.125013E-1
1.544696E-1	2.121852E-1
1.545234E-1	2.122633E-1
1.545367E-1	2.122464E-1
1.545732E-1	2.121141E-1
1.547116E-1	2.120350E-1
1.547453E-1	2.119120E-1
1.548140E-1	2.120172E-1
1.548441E-1	2.119358E-1
1.549404E-1	2.120363E-1
1.549602E-1	2.119550E-1
1.550943E-1	2.120556E-1
1.551171E-1	2.118727E-1
1.552177E-1	2.116412E-1
1.552609E-1	2.115564E-1
1.552907E-1	2.115209E-1
1.553180E-1	2.114938E-1
1.554450E-1	2.114902E-1
1.554240E-1	2.114120E-1
1.555737E-1	2.113489E-1
1.556208E-1	2.112018E-1
1.556432E-1	2.113831E-1
1.557935E-1	2.113570E-1
1.557910E-1	2.113445E-1
1.558656E-1	2.113278E-1
1.559764E-1	2.113278E-1
1.559596E-1	2.111820E-1
1.559992E-1	2.112390E-1
1.561461E-1	2.111347E-1
1.561759E-1	2.110781E-1
1.562239E-1	2.111243E-1
1.563179E-1	2.112163E-1
1.563998E-1	2.109964E-1
1.564597E-1	2.107770E-1
1.564473E-1	2.106862E-1
1.564846E-1	2.106518E-1
1.565407E-1	2.106467E-1
1.566258E-1	2.106739E-1
1.567161E-1	2.108350E-1
1.567872E-1	2.104513E-1
1.568838E-1	2.105525E-1
1.569624E-1	2.106733E-1
1.570389E-1	2.107208E-1
1.570981E-1	2.104781E-1
1.571015E-1	2.104616E-1
1.571118E-1	2.103992E-1
1.571986E-1	2.104421E-1
1.572225E-1	2.103989E-1
1.572915E-1	2.104832E-1
1.573900E-1	2.102786E-1
1.574450E-1	2.100791E-1
1.574854E-1	2.101235E-1
1.575728E-1	2.099877E-1
1.576196E-1	2.100059E-1
1.577086E-1	2.100410E-1
1.576701E-1	2.100079E-1
1.577481E-1	2.099408E-1
1.578612E-1	2.095982E-1
1.579254E-1	2.096776E-1
1.579916E-1	2.098014E-1
1.580353E-1	2.095791E-1
1.580394E-1	2.097096E-1
1.581572E-1	2.096963E-1
1.582145E-1	2.092352E-1
1.582790E-1	2.093907E-1
1.583489E-1	2.094398E-1
1.584524E-1	2.094904E-1
1.584562E-1	2.095870E-1
1.585902E-1	2.094643E-1
1.586182E-1	2.093670E-1
1.586610E-1	2.094741E-1
1.587548E-1	2.094634E-1
1.587850E-1	2.092199E-1
1.588194E-1	2.091445E-1
1.588617E-1	2.092510E-1
1.589597E-1	2.094208E-1
1.590557E-1	2.092186E-1
1.591358E-1	2.090544E-1
1.590945E-1	2.092521E-1
1.592328E-1	2.090161E-1
1.592881E-1	2.091857E-1
1.593446E-1	2.087417E-1
1.593838E-1	2.086425E-1
1.594112E-1	2.087816E-1
1.594938E-1	2.085855E-1
1.595342E-1	2.087078E-1
1.596165E-1	2.086966E-1
1.597332E-1	2.085444E-1
1.597862E-1	2.085308E-1
1.597717E-1	2.083373E-1
1.597385E-1	2.083234E-1
1.597985E-1	2.084419E-1
1.598929E-1	2.085673E-1
1.599530E-1	2.085385E-1
1.600723E-1	2.084067E-1
1.601036E-1	2.080989E-1
1.601119E-1	2.079850E-1
1.602816E-1	2.080314E-1
1.602909E-1	2.080357E-1
1.604106E-1	2.080328E-1
1.604607E-1	2.079164E-1
1.605165E-1	2.079422E-1
1.605660E-1	2.078472E-1
1.606050E-1	2.081682E-1
1.606563E-1	2.080222E-1
1.607186E-1	2.076630E-1
1.607787E-1	2.076551E-1
1.608554E-1	2.076580E-1
1.609263E-1	2.076656E-1
1.609704E-1	2.074759E-1
1.609887E-1	2.075687E-1
1.610208E-1	2.076588E-1
1.611071E-1	2.073530E-1
1.611863E-1	2.072378E-1
1.612180E-1	2.072196E-1
1.612918E-1	2.072875E-1
1.614091E-1	2.071511E-1
1.614164E-1	2.071563E-1
1.614968E-1	2.070337E-1
1.615872E-1	2.070874E-1
1.615567E-1	2.070668E-1
1.616126E-1	2.070618E-1
1.616268E-1	2.068940E-1
1.617069E-1	2.069113E-1
1.617948E-1	2.068356E-1
1.618462E-1	2.068492E-1
1.618377E-1	2.069059E-1
1.619602E-1	2.068190E-1
1.620532E-1	2.067251E-1
1.620767E-1	2.065223E-1
1.621525E-1	2.065824E-1
1.621370E-1	2.065930E-1
1.621664E-1	2.066501E-1
1.622682E-1	2.067431E-1
1.622866E-1	2.065229E-1
1.624433E-1	2.065456E-1
1.624882E-1	2.063616E-1
1.625770E-1	2.062795E-1
1.626064E-1	2.062792E-1
1.626275E-1	2.062155E-1
1.627076E-1	2.062195E-1
1.627595E-1	2.062040E-1
1.628962E-1	2.058374E-1
1.629079E-1	2.059877E-1
1.629505E-1	2.062161E-1
1.630041E-1	2.058946E-1
1.630534E-1	2.058485E-1
1.630245E-1	2.058758E-1
1.632194E-1	2.056731E-1
1.632327E-1	2.056269E-1
1.632379E-1	2.057178E-1
1.633070E-1	2.055832E-1
1.633827E-1	2.056774E-1
1.633786E-1	2.055575E-1
1.634409E-1	2.054635E-1
1.635281E-1	2.053490E-1
1.635954E-1	2.052477E-1
1.636020E-1	2.054893E-1
1.636485E-1	2.054313E-1
1.637052E-1	2.053504E-1
1.637930E-1	2.051851E-1
1.637902E-1	2.049670E-1
1.638411E-1	2.049333E-1
1.638958E-1	2.047807E-1
1.639845E-1	2.051421E-1
1.640633E-1	2.049641E-1
1.641338E-1	2.047561E-1
1.641675E-1	2.048785E-1
1.642924E-1	2.048378E-1
1.643691E-1	2.047642E-1
1.643664E-1	2.046720E-1
1.644076E-1	2.047355E-1
1.644901E-1	2.045667E-1
1.644825E-1	2.044037E-1
1.645566E-1	2.043963E-1
1.645502E-1	2.044221E-1
1.646004E-1	2.044259E-1
1.647222E-1	2.042758E-1
1.648020E-1	2.043969E-1
1.648749E-1	2.042876E-1
1.648568E-1	2.040793E-1
1.648689E-1	2.039587E-1
1.649220E-1	2.036532E-1
1.649863E-1	2.037273E-1
1.651123E-1	2.037477E-1
1.651340E-1	2.038246E-1
1.652227E-1	2.036792E-1
1.653717E-1	2.037025E-1
1.653297E-1	2.036689E-1
1.653853E-1	2.038100E-1
1.654383E-1	2.034763E-1
1.654998E-1	2.035563E-1
1.655242E-1	2.035220E-1
1.655398E-1	2.032646E-1
1.656008E-1	2.032162E-1
1.656571E-1	2.030203E-1
1.657304E-1	2.030527E-1
1.657479E-1	2.030898E-1
1.657770E-1	2.030084E-1
1.658832E-1	2.030141E-1
1.659635E-1	2.028733E-1
1.659795E-1	2.028623E-1
1.660995E-1	2.030236E-1
1.661025E-1	2.027750E-1
1.661069E-1	2.027080E-1
1.661945E-1	2.027648E-1
1.662810E-1	2.026212E-1
1.663238E-1	2.023747E-1
1.663260E-1	2.025119E-1
1.663833E-1	2.025099E-1
1.665225E-1	2.022732E-1
1.665524E-1	2.022622E-1
1.665812E-1	2.021211E-1
1.666150E-1	2.020074E-1
1.667149E-1	2.019038E-1
1.667296E-1	2.017502E-1
1.668203E-1	2.018586E-1
1.668456E-1	2.019313E-1
1.669018E-1	2.017857E-1
1.669564E-1	2.018724E-1
1.669208E-1	2.017052E-1
1.670131E-1	2.014991E-1
1.670452E-1	2.015558E-1
1.671359E-1	2.014017E-1
1.671676E-1	2.016623E-1
1.672151E-1	2.016231E-1
1.672916E-1	2.016306E-1
1.673651E-1	2.015798E-1
1.674106E-1	2.013427E-1
1.674384E-1	2.012069E-1
1.674554E-1	2.008888E-1
1.675316E-1	2.009119E-1
1.675995E-1	2.011135E-1
1.675938E-1	2.009851E-1
1.676796E-1	2.009161E-1
1.677453E-1	2.006670E-1
1.678203E-1	2.008733E-1
1.678089E-1	2.007122E-1
1.678821E-1	2.007752E-1
1.679254E-1	2.006846E-1
1.680305E-1	2.005182E-1
1.680715E-1	2.002849E-1
1.681012E-1	2.003236E-1
1.681274E-1	2.002471E-1
1.681503E-1	2.000980E-1
1.682602E-1	2.002505E-1
1.683523E-1	2.000640E-1
1.683975E-1	1.999797E-1
1.684472E-1	1.996385E-1
1.685061E-1	1.995625E-1
1.685827E-1	1.997075E-1
1.685458E-1	1.999482E-1
1.686180E-1	1.997270E-1
1.686581E-1	1.995295E-1
1.687488E-1	1.994529E-1
1.687822E-1	1.995099E-1
1.688463E-1	1.993726E-1
1.689087E-1	1.991733E-1
1.689525E-1	1.990100E-1
1.689823E-1	1.989776E-1
1.690611E-1	1.988850E-1
1.691417E-1	1.990958E-1
1.691622E-1	1.987953E-1
1.691501E-1	1.984708E-1
1.692018E-1	1.986065E-1
1.693524E-1	1.985159E-1
1.693993E-1	1.985243E-1
1.694390E-1	1.984595E-1
1.694624E-1	1.984960E-1
1.695069E-1	1.983595E-1
1.695286E-1	1.981394E-1
1.696127E-1	1.982157E-1
1.696510E-1	1.979237E-1
1.697347E-1	1.978517E-1
1.697265E-1	1.977314E-1
1.697710E-1	1.977849E-1
1.698561E-1	1.978059E-1
1.699103E-1	1.976107E-1
1.699541E-1	1.977564E-1
1.700323E-1	1.979938E-1
1.700969E-1	1.976554E-1
1.701631E-1	1.975447E-1
1.701860E-1	1.971593E-1
1.701974E-1	1.971146E-1
1.702980E-1	1.969909E-1
1.703442E-1	1.968883E-1
1.704103E-1	1.969015E-1
1.704618E-1	1.967326E-1
1.704366E-1	1.966943E-1
1.705261E-1	1.964512E-1
1.705188E-1	1.965555E-1
1.706571E-1	1.966004E-1
1.706746E-1	1.963660E-1
1.707455E-1	1.963427E-1
1.707896E-1	1.962870E-1
1.708479E-1	1.961616E-1
1.708390E-1	1.958608E-1
1.709132E-1	1.961669E-1
1.709260E-1	1.958610E-1
1.709633E-1	1.957860E-1
1.711058E-1	1.956439E-1
1.711329E-1	1.953390E-1
1.711695E-1	1.952850E-1
1.712837E-1	1.952475E-1
1.713684E-1	1.952755E-1
1.713467E-1	1.950227E-1
1.713779E-1	1.949813E-1
1.714707E-1	1.949385E-1
1.714640E-1	1.947111E-1
1.715442E-1	1.944671E-1
1.716274E-1	1.942689E-1
1.716361E-1	1.944430E-1
1.717126E-1	1.944224E-1
1.717098E-1	1.944376E-1
1.717239E-1	1.945096E-1
1.718145E-1	1.941513E-1
1.719013E-1	1.938169E-1
1.719225E-1	1.933900E-1
1.720174E-1	1.935282E-1
1.720080E-1	1.933180E-1
1.720655E-1	1.934512E-1
1.721438E-1	1.933784E-1
1.721785E-1	1.933159E-1
1.721972E-1	1.931808E-1
1.723076E-1	1.928094E-1
1.723373E-1	1.928177E-1
1.723454E-1	1.928718E-1
1.723898E-1	1.927490E-1
1.724639E-1	1.925140E-1
1.725345E-1	1.924532E-1
1.726049E-1	1.923826E-1
1.726422E-1	1.921874E-1
1.726416E-1	1.922352E-1
1.727228E-1	1.918540E-1
1.727429E-1	1.917435E-1
1.728962E-1	1.916611E-1
1.728903E-1	1.915099E-1
1.729988E-1	1.913875E-1
1.729841E-1	1.910177E-1
1.730366E-1	1.911676E-1
1.730328E-1	1.905434E-1
1.730681E-1	1.905501E-1
1.731804E-1	1.908199E-1
1.731581E-1	1.906886E-1
1.732622E-1	1.905603E-1
1.732881E-1	1.904790E-1
1.733285E-1	1.900483E-1
1.734254E-1	1.897598E-1
1.734172E-1	1.899304E-1
1.735270E-1	1.898148E-1
1.735233E-1	1.896242E-1
1.735764E-1	1.896852E-1
1.736346E-1	1.896418E-1
1.737260E-1	1.896503E-1
1.737121E-1	1.892389E-1
1.737121E-1	1.890436E-1
1.738209E-1	1.888138E-1
1.738666E-1	1.885265E-1
1.738550E-1	1.888083E-1
1.739440E-1	1.885288E-1
1.739538E-1	1.883246E-1
1.740072E-1	1.880350E-1
1.740741E-1	1.878146E-1
1.741175E-1	1.875177E-1
1.742298E-1	1.875220E-1
1.742515E-1	1.874021E-1
1.742430E-1	1.870824E-1
1.743263E-1	1.870735E-1
1.743344E-1	1.869464E-1
1.743887E-1	1.869012E-1
1.744380E-1	1.866664E-1
1.745596E-1	1.862181E-1
1.745942E-1	1.863677E-1
1.746309E-1	1.857958E-1
1.746493E-1	1.859191E-1
1.746993E-1	1.857997E-1
1.747480E-1	1.854177E-1
1.748270E-1	1.853386E-1
1.748470E-1	1.848664E-1
1.748730E-1	1.847529E-1
1.749682E-1	1.847681E-1
1.749734E-1	1.844659E-1
1.750424E-1	1.844450E-1
1.750116E-1	1.841588E-1
1.750063E-1	1.840593E-1
1.750687E-1	1.838309E-1
1.751518E-1	1.837727E-1
1.752533E-1	1.835253E-1
1.753007E-1	1.833955E-1
1.753577E-1	1.834791E-1
1.754066E-1	1.830181E-1
1.753568E-1	1.830058E-1
1.754351E-1	1.829186E-1
1.755070E-1	1.825116E-1
1.754781E-1	1.824641E-1
1.755291E-1	1.816654E-1
1.756616E-1	1.813826E-1
1.757131E-1	1.812659E-1
1.757657E-1	1.810501E-1
1.757929E-1	1.808795E-1
1.758369E-1	1.806995E-1
1.758810E-1	1.804358E-1
1.758877E-1	1.801951E-1
1.759240E-1	1.801475E-1
1.759716E-1	1.800955E-1
1.760007E-1	1.795268E-1
1.760519E-1	1.792453E-1
1.761089E-1	1.790798E-1
1.761381E-1	1.788867E-1
1.761681E-1	1.783310E-1
1.762191E-1	1.780507E-1
1.762873E-1	1.779678E-1
1.763928E-1	1.777384E-1
1.764347E-1	1.772368E-1
1.764443E-1	1.770297E-1
1.764355E-1	1.771661E-1
1.764873E-1	1.767350E-1
1.765331E-1	1.763716E-1
1.766165E-1	1.762297E-1
1.766807E-1	1.760739E-1
1.766888E-1	1.754772E-1
1.766938E-1	1.756929E-1
1.767154E-1	1.749924E-1
1.768453E-1	1.749927E-1
1.768974E-1	1.742244E-1
1.769433E-1	1.737555E-1
1.769561E-1	1.738644E-1
1.769028E-1	1.733358E-1
1.769629E-1	1.728168E-1
1.770359E-1	1.729615E-1
1.770856E-1	1.727029E-1
1.771321E-1	1.722571E-1
1.772629E-1	1.720153E-1
1.772414E-1	1.713851E-1
1.772910E-1	1.711303E-1
1.773696E-1	1.709019E-1
1.774262E-1	1.704799E-1
1.774332E-1	1.700736E-1
1.774449E-1	1.695646E-1
1.774691E-1	1.691496E-1
1.775518E-1	1.687003E-1
1.775726E-1	1.681192E-1
1.776021E-1	1.679820E-1
1.776464E-1	1.676631E-1
1.776791E-1	1.673518E-1
1.776976E-1	1.667817E-1
1.777818E-1	1.658733E-1
1.777899E-1	1.655370E-1
1.778312E-1	1.652770E-1
1.778997E-1	1.647486E-1
1.779256E-1	1.645736E-1
1.779604E-1	1.638575E-1
1.780916E-1	1.634126E-1
1.780908E-1	1.624951E-1
1.780916E-1	1.624361E-1
1.780756E-1	1.625818E-1
1.781357E-1	1.620549E-1
1.781707E-1	1.612144E-1
1.782015E-1	1.603553E-1
1.783335E-1	1.599188E-1
1.783987E-1	1.594508E-1
1.783907E-1	1.586175E-1
1.784752E-1	1.581094E-1
1.784493E-1	1.572619E-1
1.785558E-1	1.569676E-1
1.785788E-1	1.563213E-1
1.785898E-1	1.555037E-1
1.786456E-1	1.546467E-1
1.786839E-1	1.541850E-1
1.787658E-1	1.537931E-1
1.787471E-1	1.531910E-1
1.787800E-1	1.527099E-1
1.788809E-1	1.518336E-1
1.788756E-1	1.506497E-1
1.789490E-1	1.499450E-1
1.789518E-1	1.492486E-1
1.790480E-1	1.483745E-1
1.790390E-1	1.477510E-1
1.790843E-1	1.469948E-1
1.791138E-1	1.457577E-1
1.791951E-1	1.452497E-1
1.791918E-1	1.441253E-1
1.792577E-1	1.436504E-1
1.793407E-1	1.422040E-1
1.793616E-1	1.410647E-1
1.793678E-1	1.399673E-1
1.794402E-1	1.389735E-1
1.794760E-1	1.375057E-1
1.795139E-1	1.362190E-1
1.795597E-1	1.360373E-1
1.795748E-1	1.342139E-1
1.795480E-1	1.327081E-1
1.796315E-1	1.318435E-1
1.796575E-1	1.308778E-1
1.796996E-1	1.290131E-1
1.797675E-1	1.282079E-1
1.798451E-1	1.263502E-1
1.799104E-1	1.252402E-1
1.799610E-1	1.233346E-1
1.799444E-1	1.218860E-1
1.799994E-1	1.203631E-1
1.800608E-1	1.185005E-1
1.800119E-1	1.166998E-1
1.800828E-1	1.155465E-1
1.801280E-1	1.136952E-1
1.801740E-1	1.128568E-1
1.802214E-1	1.103864E-1
1.802817E-1	1.092866E-1
1.802717E-1	1.062378E-1
1.803309E-1	1.036439E-1
1.803362E-1	1.014523E-1
1.803795E-1	1.001596E-1
1.803957E-1	9.840200E-2
1.804623E-1	9.636510E-2
1.805028E-1	9.465669E-2
1.805376E-1	9.285439E-2
1.805906E-1	9.057600E-2
1.807021E-1	8.843473E-2
1.806885E-1	8.566292E-2
1.807372E-1	8.450108E-2
1.807704E-1	8.233316E-2
1.807802E-1	7.988950E-2
1.808068E-1	7.763596E-2
1.808766E-1	7.778593E-2
1.808859E-1	7.615632E-2
1.809418E-1	7.338777E-2
1.810208E-1	7.344815E-2
1.810057E-1	7.221245E-2
1.810704E-1	7.073371E-2
1.811334E-1	6.900526E-2
1.812122E-1	6.928072E-2
1.812128E-1	6.676000E-2
1.812151E-1	6.448530E-2
1.812733E-1	6.345267E-2
1.812874E-1	6.217898E-2
1.812686E-1	6.142614E-2
1.813227E-1	6.092130E-2
1.813347E-1	5.971751E-2
1.814216E-1	5.926833E-2
1.814193E-1	5.947264E-2
1.815050E-1	5.839141E-2
1.815381E-1	5.763949E-2
1.815624E-1	5.583435E-2
1.816220E-1	5.464631E-2
1.816920E-1	5.389004E-2
1.816556E-1	5.300882E-2
1.816992E-1	5.315726E-2
1.816866E-1	5.521609E-2
1.817601E-1	5.258722E-2
1.818216E-1	5.257588E-2
1.818922E-1	5.131514E-2
1.818553E-1	5.177006E-2
1.818746E-1	5.053665E-2
1.819604E-1	4.966155E-2
1.820027E-1	4.903622E-2
1.820387E-1	4.870659E-2
1.821061E-1	4.849372E-2
1.820740E-1	4.791659E-2
1.820582E-1	4.824291E-2
1.821226E-1	4.774446E-2
1.821828E-1	4.678356E-2
1.822262E-1	4.764631E-2
1.823048E-1	4.641323E-2
1.822950E-1	4.646604E-2
1.823150E-1	4.628197E-2
1.823089E-1	4.554896E-2
1.824074E-1	4.484954E-2
1.824572E-1	4.447950E-2
1.825267E-1	4.458336E-2
1.824500E-1	4.386317E-2
1.825322E-1	4.399269E-2
1.826028E-1	4.353840E-2
1.826005E-1	4.384086E-2
1.826593E-1	4.339017E-2
1.827218E-1	4.335008E-2
1.827665E-1	4.269089E-2
1.828056E-1	4.309267E-2
1.828102E-1	4.258628E-2
1.828675E-1	4.229837E-2
1.828858E-1	4.206901E-2
1.829137E-1	4.224811E-2
1.829465E-1	4.173472E-2
1.830074E-1	4.158382E-2
1.829900E-1	4.165149E-2
1.830633E-1	4.223881E-2
1.831275E-1	4.152413E-2
1.831413E-1	4.186120E-2
1.832394E-1	4.156479E-2
1.831924E-1	4.075462E-2
1.832458E-1	4.115764E-2
1.832379E-1	4.035284E-2
1.832309E-1	4.027544E-2
1.832706E-1	3.980648E-2
1.833450E-1	3.989816E-2
1.833852E-1	4.178350E-2
1.834462E-1	4.135492E-2
1.834756E-1	4.066069E-2
1.835043E-1	3.978600E-2
1.835469E-1	4.003923E-2
1.836406E-1	3.924325E-2
1.836293E-1	3.928529E-2
1.836521E-1	3.911435E-2
1.836593E-1	3.929259E-2
1.836892E-1	3.888582E-2
1.837478E-1	3.856661E-2
1.838110E-1	3.895568E-2
1.838431E-1	3.880221E-2
1.837936E-1	3.867235E-2
1.838374E-1	3.838335E-2
1.838407E-1	3.831595E-2
1.838546E-1	3.805939E-2
1.839391E-1	3.786208E-2
1.839520E-1	3.784155E-2
1.840355E-1	3.831138E-2
1.840354E-1	3.763609E-2
1.840681E-1	3.772417E-2
1.840748E-1	3.749755E-2
1.841060E-1	3.763803E-2
1.841341E-1	3.723291E-2
1.842531E-1	3.714669E-2
1.842361E-1	3.705731E-2
1.843163E-1	3.691805E-2
1.843704E-1	3.716417E-2
1.843646E-1	3.690846E-2
1.844017E-1	3.677202E-2
1.844506E-1	3.671028E-2
1.845027E-1	3.677838E-2
1.844720E-1	3.647834E-2
1.844583E-1	3.712971E-2
1.845627E-1	3.643242E-2
1.845617E-1	3.680860E-2
1.845771E-1	3.711400E-2
1.845596E-1	3.626238E-2
1.846474E-1	3.610326E-2
1.847515E-1	3.587882E-2
1.847433E-1	3.562427E-2
1.847351E-1	3.564583E-2
1.847488E-1	3.538529E-2
1.848512E-1	3.599645E-2
1.848650E-1	3.582216E-2
1.849283E-1	3.619396E-2
1.848873E-1	3.530959E-2
1.849694E-1	3.559763E-2
1.849535E-1	3.605135E-2
1.849646E-1	3.534350E-2
1.850527E-1	3.602073E-2
1.850390E-1	3.567802E-2
1.850319E-1	3.515868E-2
1.850865E-1	3.500124E-2
1.851520E-1	3.476181E-2
1.851665E-1	3.466477E-2
1.852309E-1	3.525278E-2
1.851940E-1	3.493625E-2
1.852204E-1	3.425269E-2
1.852579E-1	3.322077E-2
1.853711E-1	3.258981E-2
1.853873E-1	3.269488E-2
1.853879E-1	3.245481E-2
1.854203E-1	3.278250E-2
1.854906E-1	3.312012E-2
1.855350E-1	3.329000E-2
1.855854E-1	3.365993E-2
1.856989E-1	3.367702E-2
1.857843E-1	3.416072E-2
1.858628E-1	3.351708E-2
1.860033E-1	3.347729E-2
1.860291E-1	3.472409E-2
1.861115E-1	3.347019E-2
1.862096E-1	3.285769E-2
1.862961E-1	3.252272E-2
1.863758E-1	3.234185E-2
1.865137E-1	3.182686E-2
1.866183E-1	3.185242E-2
1.867207E-1	3.177813E-2
1.867731E-1	3.168745E-2
1.868814E-1	3.127288E-2
1.869319E-1	3.094904E-2
1.870644E-1	3.119847E-2
1.871190E-1	3.118414E-2
1.872080E-1	3.057334E-2
1.873344E-1	3.208465E-2
1.874551E-1	3.092064E-2
1.875341E-1	3.100654E-2
1.876457E-1	3.020961E-2
1.877415E-1	3.015386E-2
1.878175E-1	3.024134E-2
1.879563E-1	2.989277E-2
1.880183E-1	2.959242E-2
1.881187E-1	2.950895E-2
1.881873E-1	2.921488E-2
1.882555E-1	2.912819E-2
1.883111E-1	2.900644E-2
1.883863E-1	2.876029E-2
1.885688E-1	2.870402E-2
1.886008E-1	2.852173E-2
1.887080E-1	2.868320E-2
1.888045E-1	2.859648E-2
1.889205E-1	2.858525E-2
1.890441E-1	2.802645E-2
1.891336E-1	2.784625E-2
1.892319E-1	2.790375E-2
1.893016E-1	2.747379E-2
1.894042E-1	2.746998E-2
1.895195E-1	2.692342E-2
1.895604E-1	2.692750E-2
1.896875E-1	2.661340E-2
1.897629E-1	2.644863E-2
1.898717E-1	2.632044E-2
1.899761E-1	2.643221E-2
1.900972E-1	2.597704E-2
1.901361E-1	2.592616E-2
1.902033E-1	2.507609E-2
1.903350E-1	2.483565E-2
1.904732E-1	2.589230E-2
1.905709E-1	2.501276E-2
1.906199E-1	2.473186E-2
1.906829E-1	2.419545E-2
1.908262E-1	2.470863E-2
1.909434E-1	2.377845E-2
1.909835E-1	2.379288E-2
1.910952E-1	2.379696E-2
1.911332E-1	2.322689E-2
1.912327E-1	2.329421E-2
1.913258E-1	2.316045E-2
1.913915E-1	2.319932E-2
1.914895E-1	2.296100E-2
1.915826E-1	2.314686E-2
1.917064E-1	2.333584E-2
1.918002E-1	2.317264E-2
1.918975E-1	2.261949E-2
1.919812E-1	2.302726E-2
1.920803E-1	2.273709E-2
1.921399E-1	2.227782E-2
1.922538E-1	2.216357E-2
1.923365E-1	2.193781E-2
1.924601E-1	2.182054E-2
1.925835E-1	2.143080E-2
1.926835E-1	2.104633E-2
1.927550E-1	2.095950E-2
1.928415E-1	2.067717E-2
1.929394E-1	2.044101E-2
1.930741E-1	1.965389E-2
1.931742E-1	1.928500E-2
1.932770E-1	1.912930E-2
1.933127E-1	1.904632E-2
1.934092E-1	1.902021E-2
1.934891E-1	1.931852E-2
1.935901E-1	1.913443E-2
1.937061E-1	1.911549E-2
1.938543E-1	1.881729E-2
1.939924E-1	1.862438E-2
1.941027E-1	1.862333E-2
1.941970E-1	1.895360E-2
1.944126E-1	1.918515E-2
1.945835E-1	1.858414E-2
1.947016E-1	1.844672E-2
1.948024E-1	1.842056E-2
1.949280E-1	1.815240E-2
1.951640E-1	1.804479E-2
1.952461E-1	1.814094E-2
1.954062E-1	1.812988E-2
1.955149E-1	1.807128E-2
1.956654E-1	1.778069E-2
1.958181E-1	1.789584E-2
1.959225E-1	1.907991E-2
1.960617E-1	1.828109E-2
1.962114E-1	1.825598E-2
1.963846E-1	1.840347E-2
1.964945E-1	1.794554E-2
1.965940E-1	1.774894E-2
1.968024E-1	1.787214E-2
1.969239E-1	1.766451E-2
1.970633E-1	1.774854E-2
1.972067E-1	1.779867E-2
1.973484E-1	1.755735E-2
1.974041E-1	1.814839E-2
1.975145E-1	1.797156E-2
1.976758E-1	1.795784E-2
1.978434E-1	1.780695E-2
1.979774E-1	1.751731E-2
1.981719E-1	1.736376E-2
1.982510E-1	1.748713E-2
1.984750E-1	1.756727E-2
1.986177E-1	1.751915E-2
1.987812E-1	1.773818E-2
1.989569E-1	1.757853E-2
1.990236E-1	1.741277E-2
1.991243E-1	1.794349E-2
1.992589E-1	1.763556E-2
1.993776E-1	1.740270E-2
1.995225E-1	1.796895E-2
1.997098E-1	1.752181E-2
1.998008E-1	1.752187E-2
2.000260E-1	1.740980E-2
2.001470E-1	1.746554E-2
2.002406E-1	1.740632E-2
2.003704E-1	1.791410E-2
2.005269E-1	1.707856E-2
2.006999E-1	1.777150E-2
2.008101E-1	1.736820E-2
2.009415E-1	1.730921E-2
2.011166E-1	1.707636E-2
2.012040E-1	1.853373E-2
2.013152E-1	1.799038E-2
2.014816E-1	1.747189E-2
2.016336E-1	1.693982E-2
2.018512E-1	1.708321E-2
2.018855E-1	1.709737E-2
2.020397E-1	1.680277E-2
2.021515E-1	1.811749E-2
2.023051E-1	1.717997E-2
2.023895E-1	1.729905E-2
2.025843E-1	1.703731E-2
2.027337E-1	1.683076E-2
2.028815E-1	1.678430E-2
2.030611E-1	1.668515E-2
2.031831E-1	1.658369E-2
2.032781E-1	1.666993E-2
2.034366E-1	1.669174E-2
2.035936E-1	1.651508E-2
2.037378E-1	1.760552E-2
2.039252E-1	1.725198E-2
2.039442E-1	1.669927E-2
2.041480E-1	1.646959E-2
2.043061E-1	1.630568E-2
2.043890E-1	1.629426E-2
2.045344E-1	1.643513E-2
2.046390E-1	1.628658E-2
2.048102E-1	1.622497E-2
2.049413E-1	1.617791E-2
2.051508E-1	1.621964E-2
2.052341E-1	1.647655E-2
2.053332E-1	1.695232E-2
2.054781E-1	1.634627E-2
2.055775E-1	1.621859E-2
2.057168E-1	1.624170E-2
2.059027E-1	1.614922E-2
2.061125E-1	1.601172E-2
2.062393E-1	1.586233E-2
2.063678E-1	1.604780E-2
2.064838E-1	1.596697E-2
2.065810E-1	1.589437E-2
2.067373E-1	1.568401E-2
2.069373E-1	1.642169E-2
2.070223E-1	1.653452E-2
2.071161E-1	1.644492E-2
2.072906E-1	1.606372E-2
2.074871E-1	1.587971E-2
2.075692E-1	1.567595E-2
2.076815E-1	1.583220E-2
2.078074E-1	1.575475E-2
2.079922E-1	1.595761E-2
2.081346E-1	1.579304E-2
2.082559E-1	1.567864E-2
2.084041E-1	1.572600E-2
2.085044E-1	1.563612E-2
2.086649E-1	1.563284E-2
2.089427E-1	1.565658E-2
2.090452E-1	1.589937E-2
2.091734E-1	1.584542E-2
2.093352E-1	1.553033E-2
2.094928E-1	1.563433E-2
2.096830E-1	1.556272E-2
2.097372E-1	1.544959E-2
2.099294E-1	1.548572E-2
2.100566E-1	1.554400E-2
2.102072E-1	1.573929E-2
2.103392E-1	1.578282E-2
2.104705E-1	1.629169E-2
2.106517E-1	1.586354E-2
2.107658E-1	1.568890E-2
2.109110E-1	1.554740E-2
2.110727E-1	1.541285E-2
2.111472E-1	1.697160E-2
2.112323E-1	1.594723E-2
2.114501E-1	1.560891E-2
2.116861E-1	1.531168E-2
2.118552E-1	1.578298E-2
2.119551E-1	1.561969E-2
2.120892E-1	1.565876E-2
2.121829E-1	1.574847E-2
2.123684E-1	1.533706E-2
2.125486E-1	1.581880E-2
2.126966E-1	1.571356E-2
2.128411E-1	1.544037E-2
2.130329E-1	1.534595E-2
2.131485E-1	1.532767E-2
2.132772E-1	1.516738E-2
2.134521E-1	1.523226E-2
2.135520E-1	1.556029E-2
2.137224E-1	1.574375E-2
2.138384E-1	1.648700E-2
2.140730E-1	1.584922E-2
2.141309E-1	1.535225E-2
2.143325E-1	1.548109E-2
2.145230E-1	1.546224E-2
2.146272E-1	1.504541E-2
2.147476E-1	1.472725E-2
2.148644E-1	1.456746E-2
2.150655E-1	1.492773E-2
2.152195E-1	1.469726E-2
2.154324E-1	1.452247E-2
2.155152E-1	1.420338E-2
2.156645E-1	1.399438E-2
2.157713E-1	1.411735E-2
2.158750E-1	1.422957E-2
2.160430E-1	1.412111E-2
2.161890E-1	1.413654E-2
2.163491E-1	1.420175E-2
2.165249E-1	1.514742E-2
2.166334E-1	1.466020E-2
2.168029E-1	1.494098E-2
2.170415E-1	1.473019E-2
2.170760E-1	1.414386E-2
2.171925E-1	1.401537E-2
2.174788E-1	1.391703E-2
2.175338E-1	1.429044E-2
2.178040E-1	1.422905E-2
2.178489E-1	1.483337E-2
2.179159E-1	1.453190E-2
2.181315E-1	1.429150E-2
2.182531E-1	1.408806E-2
2.183861E-1	1.409751E-2
2.185130E-1	1.458689E-2
2.186744E-1	1.452235E-2
2.188089E-1	1.424354E-2
2.189061E-1	1.395247E-2
2.190561E-1	1.413214E-2
2.191635E-1	1.431687E-2
2.194696E-1	1.431303E-2
2.195467E-1	1.426686E-2
2.196896E-1	1.391478E-2
2.198432E-1	1.700137E-2
2.196906E-1	1.650939E-2
2.200177E-1	1.534732E-2
2.202214E-1	1.526980E-2
2.203646E-1	1.447779E-2
2.205548E-1	1.447114E-2
2.206252E-1	1.428875E-2
2.207773E-1	1.424240E-2
2.209611E-1	1.413662E-2
2.210843E-1	1.421887E-2
2.211985E-1	1.411423E-2
2.214129E-1	1.396970E-2
2.215678E-1	1.410771E-2
2.216756E-1	1.460645E-2
2.218129E-1	1.444843E-2
2.218654E-1	1.416445E-2
2.220259E-1	1.409318E-2
2.222537E-1	1.384808E-2
2.223475E-1	1.385153E-2
2.224797E-1	1.446900E-2
2.226489E-1	1.425843E-2
2.226907E-1	1.396348E-2
2.228692E-1	1.394241E-2
2.230523E-1	1.392224E-2
2.231592E-1	1.418418E-2
2.233473E-1	1.429437E-2
2.234059E-1	1.400106E-2
2.235978E-1	1.386845E-2
2.237536E-1	1.383106E-2
2.238853E-1	1.432914E-2
2.240303E-1	1.517675E-2
2.241817E-1	1.428893E-2
2.243646E-1	1.405794E-2
2.245171E-1	1.390416E-2
2.246052E-1	1.430021E-2
2.247801E-1	1.421827E-2
2.248758E-1	1.527381E-2
2.250571E-1	1.469665E-2
2.251559E-1	1.410918E-2
2.252107E-1	1.431662E-2
2.253961E-1	1.463407E-2
2.254895E-1	1.419205E-2
2.257176E-1	1.387340E-2
2.259583E-1	1.386918E-2
2.260175E-1	1.392584E-2
2.261136E-1	1.506275E-2
2.261905E-1	1.521670E-2
2.263380E-1	1.425297E-2
2.265513E-1	1.383888E-2
2.267024E-1	1.372704E-2
2.267511E-1	1.385606E-2
2.269249E-1	1.392817E-2
2.270571E-1	1.374742E-2
2.272068E-1	1.349206E-2
2.273719E-1	1.351866E-2
2.274692E-1	1.358041E-2
2.276434E-1	1.360239E-2
2.277550E-1	1.355718E-2
2.278869E-1	1.449096E-2
2.279884E-1	1.394535E-2
2.281602E-1	1.388047E-2
2.283836E-1	1.384084E-2
2.285006E-1	1.349295E-2
2.286141E-1	1.355215E-2
2.286844E-1	1.348182E-2
2.288752E-1	1.384279E-2
2.290252E-1	1.371452E-2
2.291506E-1	1.368309E-2
2.291926E-1	1.348412E-2
2.293973E-1	1.438002E-2
2.295496E-1	1.384762E-2
2.297028E-1	1.418040E-2
2.298037E-1	1.373413E-2
2.299621E-1	1.341304E-2
2.301139E-1	1.420020E-2
2.302099E-1	1.404235E-2
2.303544E-1	1.369160E-2
2.303904E-1	1.498718E-2
2.305052E-1	1.606066E-2
2.305709E-1	1.472624E-2
2.308203E-1	1.372258E-2
2.309969E-1	1.348547E-2
2.311584E-1	1.366906E-2
2.312424E-1	1.359461E-2
2.314058E-1	1.353975E-2
2.315330E-1	1.340313E-2
2.316919E-1	1.330308E-2
2.317934E-1	1.411199E-2
2.318589E-1	1.429376E-2
2.320271E-1	1.375299E-2
2.322049E-1	1.370539E-2
2.323418E-1	1.364507E-2
2.324932E-1	1.353159E-2
2.326036E-1	1.363775E-2
2.327727E-1	1.345122E-2
2.328233E-1	1.328503E-2
2.329799E-1	1.337437E-2
2.331337E-1	1.343249E-2
2.332541E-1	1.351281E-2
2.333431E-1	1.412665E-2
2.335260E-1	1.365417E-2
2.336610E-1	1.349670E-2
2.338091E-1	1.362543E-2
2.339217E-1	1.355570E-2
2.340750E-1	1.346155E-2
2.342293E-1	1.348384E-2
2.342755E-1	1.329446E-2
2.344044E-1	1.339619E-2
2.345931E-1	1.336729E-2
2.347054E-1	1.302511E-2
2.349049E-1	1.300051E-2
2.349869E-1	1.318293E-2
2.350775E-1	1.336912E-2
2.352575E-1	1.347286E-2
2.353376E-1	1.342311E-2
2.354844E-1	1.347879E-2
2.357274E-1	1.364920E-2
2.358014E-1	1.356028E-2
2.359099E-1	1.366756E-2
2.360569E-1	1.363275E-2
2.361200E-1	1.348240E-2
2.362561E-1	1.326758E-2
2.363901E-1	1.336944E-2
2.365557E-1	1.335646E-2
2.366652E-1	1.322850E-2
2.367418E-1	1.331326E-2
2.368490E-1	1.334287E-2
2.370106E-1	1.329775E-2
2.371228E-1	1.335292E-2
2.372450E-1	1.329566E-2
2.373391E-1	1.331585E-2
2.374406E-1	1.334828E-2
2.377085E-1	1.343127E-2
2.377619E-1	1.333199E-2
2.379740E-1	1.344227E-2
2.380922E-1	1.353631E-2
2.381621E-1	1.344273E-2
2.382522E-1	1.324709E-2
2.384023E-1	1.341368E-2
2.385106E-1	1.357655E-2
2.387364E-1	1.358071E-2
2.388642E-1	1.357559E-2
2.389244E-1	1.327720E-2
2.390909E-1	1.342530E-2
2.392144E-1	1.362643E-2
2.393179E-1	1.353484E-2
2.394321E-1	1.342885E-2
2.395898E-1	1.333284E-2
2.396961E-1	1.320724E-2
2.397308E-1	1.342985E-2
2.399234E-1	1.341769E-2
2.400867E-1	1.327095E-2
2.402383E-1	1.335759E-2
2.403273E-1	1.324411E-2
2.404671E-1	1.330665E-2
2.405938E-1	1.341577E-2
2.406747E-1	1.356924E-2
2.407349E-1	1.319378E-2
2.409132E-1	1.324197E-2
2.410303E-1	1.324657E-2
2.412161E-1	1.351403E-2
2.413615E-1	1.330590E-2
2.414895E-1	1.357459E-2
2.415721E-1	1.355701E-2
2.416961E-1	1.334915E-2
2.419221E-1	1.350432E-2
2.421195E-1	1.340248E-2
2.422581E-1	1.317922E-2
2.424766E-1	1.306503E-2
2.427072E-1	1.296739E-2
2.429453E-1	1.402114E-2
2.432155E-1	1.359308E-2
2.434782E-1	1.353751E-2
2.437144E-1	1.350234E-2
2.440510E-1	1.348386E-2
2.442894E-1	1.347286E-2
2.445487E-1	1.351203E-2
2.447897E-1	1.334706E-2
2.450185E-1	1.326947E-2
2.453035E-1	1.338804E-2
2.455594E-1	1.357612E-2
2.458241E-1	1.350991E-2
2.460997E-1	1.330873E-2
2.463809E-1	1.359253E-2
2.466668E-1	1.356484E-2
2.469340E-1	1.341975E-2
2.472035E-1	1.351978E-2
2.474385E-1	1.340216E-2
2.477389E-1	1.337731E-2
2.479893E-1	1.333531E-2
2.482517E-1	1.418764E-2
2.484591E-1	1.453707E-2
2.487681E-1	1.379820E-2
2.491291E-1	1.392240E-2
2.494923E-1	1.380324E-2
2.495933E-1	1.455131E-2
2.498646E-1	1.629557E-2
2.503233E-1	1.521242E-2
2.504738E-1	1.392123E-2
2.507443E-1	1.360252E-2
2.510496E-1	1.342308E-2
2.513133E-1	1.368809E-2
2.515618E-1	1.348043E-2
2.518361E-1	1.355831E-2
2.521203E-1	1.352042E-2
2.524065E-1	1.354085E-2
2.526944E-1	1.348876E-2
2.529656E-1	1.351941E-2
2.532507E-1	1.320489E-2
2.534628E-1	1.312966E-2
2.538357E-1	1.316656E-2
2.541539E-1	1.299214E-2
2.543723E-1	1.286441E-2
2.546425E-1	1.227085E-2
2.549406E-1	1.184464E-2
2.552059E-1	1.163584E-2
2.554936E-1	1.188502E-2
2.558335E-1	1.217573E-2
2.561009E-1	1.224493E-2
2.563982E-1	1.247481E-2
2.566744E-1	1.257773E-2
2.570021E-1	1.248006E-2
2.573032E-1	1.268901E-2
2.575696E-1	1.280488E-2
2.577245E-1	1.273053E-2
2.579927E-1	1.278093E-2
2.583476E-1	1.287803E-2
2.588248E-1	1.295174E-2
2.589800E-1	1.282653E-2
2.591849E-1	1.293432E-2
2.595341E-1	1.303847E-2
2.598254E-1	1.268074E-2
2.601558E-1	1.291857E-2
2.604363E-1	1.278191E-2
2.606875E-1	1.290989E-2
2.610253E-1	1.294541E-2
2.612347E-1	1.294345E-2
2.615013E-1	1.289799E-2
2.617245E-1	1.314147E-2
2.620836E-1	1.314076E-2
2.623587E-1	1.301661E-2
2.628228E-1	1.310109E-2
2.630118E-1	1.359974E-2
2.632459E-1	1.346240E-2
2.636188E-1	1.365649E-2
2.637818E-1	1.363519E-2
2.640408E-1	1.357854E-2
2.644032E-1	1.335542E-2
2.645965E-1	1.354655E-2
2.649336E-1	1.382441E-2
2.652356E-1	1.343833E-2
2.655658E-1	1.315246E-2
2.658633E-1	1.295743E-2
2.661029E-1	1.257219E-2
2.663919E-1	1.213925E-2
2.666468E-1	1.205436E-2
2.669295E-1	1.185842E-2
2.671881E-1	1.196678E-2
2.674675E-1	1.182910E-2
2.677322E-1	1.185593E-2
2.680680E-1	1.189641E-2
2.685353E-1	1.186547E-2
2.686295E-1	1.216026E-2
2.689321E-1	1.224011E-2
2.691860E-1	1.218777E-2
2.694556E-1	1.229493E-2
2.697657E-1	1.225993E-2
2.700579E-1	1.237829E-2
2.703258E-1	1.238926E-2
2.706093E-1	1.233662E-2
2.708909E-1	1.242678E-2
2.712043E-1	1.241752E-2
2.714749E-1	1.205441E-2
2.717693E-1	1.184535E-2
2.720587E-1	1.134355E-2
2.724616E-1	1.121516E-2
2.726044E-1	1.046208E-2
2.729627E-1	9.940640E-3
2.732008E-1	9.129910E-3
2.734582E-1	8.900573E-3
2.738180E-1	8.269689E-3
2.741011E-1	7.648781E-3
2.744397E-1	7.352330E-3
2.745424E-1	6.138032E-3
2.748066E-1	5.371123E-3
2.752011E-1	4.818130E-3
2.754963E-1	4.026336E-3
2.757897E-1	3.275242E-3
2.760278E-1	2.951086E-3
2.763031E-1	2.270951E-3
2.766005E-1	1.837973E-3
2.768297E-1	1.635723E-3
2.771324E-1	1.164544E-3
2.774663E-1	1.133887E-3
2.777073E-1	9.352070E-4
2.780640E-1	5.812610E-4
2.783524E-1	1.168930E-4
2.786321E-1	3.134070E-4
2.788417E-1	4.559830E-4
2.791622E-1	3.869260E-4
2.795415E-1	5.589770E-4
2.797811E-1	2.779470E-4
2.801738E-1	2.491530E-4
2.803047E-1	6.741380E-4
2.805780E-1	4.272810E-4
2.809071E-1	3.938810E-4
2.811777E-1	2.049660E-4
2.814875E-1	2.895870E-4
2.821962E-1	2.570670E-4
2.819684E-1	7.709250E-4
2.824960E-1	4.905240E-4
2.824405E-1	9.377270E-4
2.823516E-1	2.246869E-3
2.830775E-1	1.273181E-3
2.835167E-1	5.286480E-4
2.837234E-1	2.318430E-4
2.841296E-1	2.002940E-4
2.840144E-1	1.413420E-4
2.847680E-1	6.304600E-5
2.849607E-1	5.577600E-5
2.851073E-1	6.215400E-5
2.853233E-1	2.333000E-4
2.856844E-1	1.982990E-4
2.858893E-1	4.183960E-4
2.861278E-1	7.801900E-4
2.863870E-1	1.746760E-4
2.866822E-1	2.546000E-6
2.869619E-1	1.198720E-4
2.872452E-1	1.765140E-4
2.875247E-1	2.834700E-5
2.878071E-1	1.988760E-4
2.880274E-1	4.356410E-4
2.883924E-1	1.868030E-4
2.886044E-1	1.696630E-4
2.889185E-1	4.122680E-4
2.891732E-1	3.246410E-4
2.894512E-1	3.960600E-4
2.897490E-1	1.984960E-4
2.901565E-1	1.701620E-4
2.902830E-1	2.647000E-5
2.905451E-1	2.086800E-4
2.908408E-1	-5.072300E-5
2.911657E-1	9.407100E-5
2.914317E-1	2.822120E-4
2.918560E-1	4.309290E-4
2.919524E-1	4.527150E-4
2.922337E-1	4.274400E-5
2.924807E-1	-1.291760E-4
2.926940E-1	-2.488120E-4
2.930197E-1	-1.462500E-4
2.932618E-1	7.515900E-5
2.935684E-1	-3.517000E-6
2.939191E-1	3.076060E-4
2.941287E-1	1.774590E-4
2.945467E-1	2.116850E-4
2.946423E-1	1.736400E-4
2.949720E-1	6.426700E-5
2.951743E-1	2.567260E-4
2.954821E-1	-1.914700E-5
2.958383E-1	1.191500E-4
2.960863E-1	2.127480E-4
2.963188E-1	2.328930E-4
2.965490E-1	2.044800E-4
2.968246E-1	6.098600E-5
2.970697E-1	-1.307780E-4
2.973136E-1	-4.867600E-5
2.976611E-1	2.176040E-4
2.978984E-1	-7.518600E-5
2.981780E-1	3.738900E-5
2.984196E-1	2.930500E-5
2.986839E-1	-4.414800E-5
2.990152E-1	1.472220E-4
2.992426E-1	2.333390E-4
2.995193E-1	1.025620E-4
2.998024E-1	1.700960E-4
3.000756E-1	1.618150E-4
3.003518E-1	1.239790E-4
3.006161E-1	5.434500E-5
3.008264E-1	1.889550E-4
3.010953E-1	-2.279600E-5
3.013227E-1	8.088100E-5
3.015582E-1	1.747680E-4
3.018440E-1	2.932230E-4
3.020719E-1	1.503580E-4
3.023999E-1	-1.952800E-5
3.026113E-1	-5.748000E-6
3.026957E-1	-3.710100E-5
3.027982E-1	1.310660E-4
3.027363E-1	2.069740E-4
3.026078E-1	3.358400E-5
3.025039E-1	-4.195600E-5
3.023558E-1	3.635000E-6
3.020998E-1	2.615600E-5
3.018400E-1	3.361900E-4
3.015409E-1	1.442030E-4
3.011582E-1	5.250000E-7
3.007378E-1	-3.572300E-5
3.002675E-1	3.424000E-5
2.998749E-1	1.432980E-4
2.994121E-1	4.345300E-5
2.989680E-1	-5.656000E-6
2.985116E-1	-7.017200E-5
2.980009E-1	1.284680E-4
2.974709E-1	-2.988300E-5
2.969246E-1	-4.804600E-5
2.963888E-1	-1.211300E-5
2.957940E-1	1.311450E-4
2.951782E-1	3.484300E-5
2.947006E-1	1.358300E-4
2.941470E-1	2.449540E-4
2.932472E-1	1.599650E-4
2.929051E-1	-7.232500E-5
2.922774E-1	-1.841380E-4
2.915626E-1	-4.236300E-5
2.910058E-1	-1.270110E-4
2.900591E-1	-5.274400E-5
2.897001E-1	-1.791400E-5
2.891569E-1	3.707700E-4
2.885183E-1	2.046900E-4
2.878876E-1	-1.255280E-4
2.868642E-1	-1.300560E-4
2.865762E-1	1.450690E-4
2.858756E-1	1.873410E-4
2.852074E-1	1.136250E-4
2.846188E-1	2.798000E-5
2.839796E-1	1.424450E-4
2.833097E-1	1.657920E-4
2.827459E-1	2.628020E-4
2.821103E-1	1.603580E-4
2.815234E-1	2.988790E-4
2.809101E-1	4.826500E-4
2.803413E-1	3.425680E-4
2.794953E-1	3.262940E-4
2.791240E-1	3.042200E-4
2.786257E-1	4.832140E-4
2.780777E-1	6.791110E-4
2.775210E-1	1.304285E-3
2.769071E-1	1.978462E-3
2.763203E-1	2.835782E-3
2.757336E-1	3.803129E-3
2.751580E-1	5.241133E-3
2.746058E-1	6.830886E-3
2.737547E-1	7.576745E-3
2.731691E-1	8.650541E-3
2.728648E-1	1.057841E-2
2.723281E-1	1.132821E-2
2.717547E-1	1.178145E-2
2.712346E-1	1.222763E-2
2.707109E-1	1.222062E-2
2.701086E-1	1.245752E-2
2.695522E-1	1.202286E-2
2.689583E-1	1.218166E-2
2.684252E-1	1.201274E-2
2.679008E-1	1.192900E-2
2.674164E-1	1.200066E-2
2.668653E-1	1.233671E-2
2.662983E-1	1.287447E-2
2.657129E-1	1.340236E-2
2.651242E-1	1.371200E-2
2.645620E-1	1.373268E-2
2.640472E-1	1.351625E-2
2.635797E-1	1.319641E-2
2.629641E-1	1.299888E-2
2.624929E-1	1.282345E-2
2.619675E-1	1.302495E-2
2.614760E-1	1.292246E-2
2.609165E-1	1.278940E-2
2.601341E-1	1.278817E-2
2.598591E-1	1.284803E-2
2.593926E-1	1.277957E-2
2.588612E-1	1.287039E-2
2.583241E-1	1.270550E-2
2.578093E-1	1.259137E-2
2.572754E-1	1.248429E-2
2.567589E-1	1.233726E-2
2.562603E-1	1.214618E-2
2.558587E-1	1.206308E-2
2.553044E-1	1.202504E-2
2.548318E-1	1.240987E-2
2.543028E-1	1.287916E-2
2.538415E-1	1.324225E-2
2.533073E-1	1.353329E-2
2.528228E-1	1.328549E-2
2.523091E-1	1.340408E-2
2.518093E-1	1.360933E-2
2.513372E-1	1.334398E-2
2.509214E-1	1.347922E-2
2.504264E-1	1.356029E-2
2.499431E-1	1.333362E-2
2.494812E-1	1.343519E-2
2.490076E-1	1.335076E-2
2.485166E-1	1.336871E-2
2.480518E-1	1.344034E-2
2.475918E-1	1.332044E-2
2.471553E-1	1.334929E-2
2.467004E-1	1.325078E-2
2.462421E-1	1.311520E-2
2.457485E-1	1.359226E-2
2.452994E-1	1.349962E-2
2.448717E-1	1.337494E-2
2.444074E-1	1.349680E-2
2.439365E-1	1.343647E-2
2.435299E-1	1.324715E-2
2.430580E-1	1.326813E-2
2.426801E-1	1.327641E-2
2.422540E-1	1.326323E-2
2.418386E-1	1.333572E-2
2.413940E-1	1.327043E-2
2.409620E-1	1.321045E-2
2.405238E-1	1.317513E-2
2.398559E-1	1.312831E-2
2.396360E-1	1.331964E-2
2.391980E-1	1.342098E-2
2.388118E-1	1.323792E-2
2.383707E-1	1.339118E-2
2.379257E-1	1.342166E-2
2.374782E-1	1.331666E-2
2.370525E-1	1.332812E-2
2.366687E-1	1.342704E-2
2.362928E-1	1.356486E-2
2.356652E-1	1.348702E-2
2.354183E-1	1.332640E-2
2.350330E-1	1.319733E-2
2.346536E-1	1.326533E-2
2.342774E-1	1.318264E-2
2.338309E-1	1.359622E-2
2.334888E-1	1.345278E-2
2.330824E-1	1.325796E-2
2.326213E-1	1.313335E-2
2.321954E-1	1.361252E-2
2.318424E-1	1.356151E-2
2.314296E-1	1.393563E-2
2.310633E-1	1.390621E-2
2.307347E-1	1.383425E-2
2.304200E-1	1.367170E-2
2.300808E-1	1.356060E-2
2.297717E-1	1.363264E-2
2.294803E-1	1.348967E-2
2.291932E-1	1.365602E-2
2.287145E-1	1.358996E-2
2.285963E-1	1.357119E-2
2.282779E-1	1.374577E-2
2.280156E-1	1.412314E-2
2.276011E-1	1.405036E-2
2.274479E-1	1.408045E-2
2.271765E-1	1.396764E-2
2.268859E-1	1.383592E-2
2.266436E-1	1.358610E-2
2.263985E-1	1.369169E-2
2.261364E-1	1.378162E-2
2.258933E-1	1.392791E-2
2.256600E-1	1.375318E-2
2.253717E-1	1.373660E-2
2.246539E-1	1.385305E-2
2.241146E-1	1.543270E-2
2.235822E-1	1.478242E-2
2.242287E-1	1.551945E-2
2.247160E-1	1.510514E-2
2.227083E-1	1.654991E-2
2.229430E-1	1.475220E-2
2.220993E-1	1.421797E-2
2.229711E-1	1.463328E-2
2.236048E-1	1.472314E-2
2.227297E-1	1.457545E-2
2.222938E-1	1.439320E-2
2.219688E-1	1.467632E-2
2.217961E-1	1.434200E-2
2.193867E-1	2.170796E-2
2.197691E-1	1.738720E-2
2.201700E-1	1.576900E-2
2.204858E-1	1.465553E-2
2.202444E-1	1.449315E-2
2.201394E-1	1.475887E-2
2.199782E-1	1.429514E-2
2.197272E-1	1.473579E-2
2.195139E-1	1.449304E-2
2.192720E-1	1.448312E-2
2.190208E-1	1.486493E-2
2.185523E-1	1.477044E-2
2.183381E-1	1.454942E-2
2.182833E-1	1.470090E-2
2.180411E-1	1.444535E-2
2.178228E-1	1.432698E-2
2.176815E-1	1.420514E-2
2.174098E-1	1.420598E-2
2.171365E-1	1.520031E-2
2.168920E-1	1.474346E-2
2.166057E-1	1.510892E-2
2.163989E-1	1.506229E-2
2.161923E-1	1.459213E-2
2.159694E-1	1.399603E-2
2.157851E-1	1.419913E-2
2.155465E-1	1.433238E-2
2.152644E-1	1.481341E-2
2.150748E-1	1.500256E-2
2.148133E-1	1.502995E-2
2.146201E-1	1.530476E-2
2.143943E-1	1.533282E-2
2.141625E-1	1.556452E-2
2.139648E-1	1.549698E-2
2.137081E-1	1.599939E-2
2.134424E-1	1.583849E-2
2.132252E-1	1.560996E-2
2.129545E-1	1.551728E-2
2.128433E-1	1.525232E-2
2.126757E-1	1.535153E-2
2.124455E-1	1.539139E-2
2.121700E-1	1.525855E-2
2.119599E-1	1.542875E-2
2.118082E-1	1.558202E-2
2.115990E-1	1.571640E-2
2.113475E-1	1.560103E-2
2.111257E-1	1.590311E-2
2.108775E-1	1.601671E-2
2.106882E-1	1.594788E-2
2.103800E-1	1.602386E-2
2.102886E-1	1.577192E-2
2.101422E-1	1.553672E-2
2.097854E-1	1.571831E-2
2.096678E-1	1.541029E-2
2.094936E-1	1.553432E-2
2.093108E-1	1.580173E-2
2.091398E-1	1.580280E-2
2.088966E-1	1.568082E-2
2.086687E-1	1.586314E-2
2.084546E-1	1.604502E-2
2.082176E-1	1.604180E-2
2.080696E-1	1.583492E-2
2.078654E-1	1.598267E-2
2.076271E-1	1.616560E-2
2.072668E-1	1.641059E-2
2.071661E-1	1.637239E-2
2.069857E-1	1.615258E-2
2.068995E-1	1.613751E-2
2.066608E-1	1.621956E-2
2.064340E-1	1.624493E-2
2.062240E-1	1.623703E-2
2.060300E-1	1.614989E-2
2.057761E-1	1.625812E-2
2.056577E-1	1.633013E-2
2.054347E-1	1.622772E-2
2.052651E-1	1.729425E-2
2.051035E-1	1.687367E-2
2.049479E-1	1.656112E-2
2.047018E-1	1.655378E-2
2.045323E-1	1.697990E-2
2.043267E-1	1.714918E-2
2.041174E-1	1.643856E-2
2.039508E-1	1.696711E-2
2.037204E-1	1.664018E-2
2.035383E-1	1.661243E-2
2.033233E-1	1.668392E-2
2.032427E-1	1.693803E-2
2.030355E-1	1.726262E-2
2.028637E-1	1.722906E-2
2.026300E-1	1.768989E-2
2.024493E-1	1.718049E-2
2.022664E-1	1.715363E-2
2.021051E-1	1.702381E-2
2.018947E-1	1.693224E-2
2.015997E-1	1.687451E-2
2.015503E-1	1.719782E-2
2.013955E-1	1.726002E-2
2.012101E-1	1.713947E-2
2.010198E-1	1.737630E-2
2.007322E-1	1.755971E-2
2.005162E-1	1.831842E-2
2.003953E-1	1.781010E-2
2.002692E-1	1.773032E-2
2.000743E-1	1.770523E-2
1.999169E-1	1.735396E-2
1.997111E-1	1.772746E-2
1.995509E-1	1.800876E-2
1.994295E-1	1.756386E-2
1.992175E-1	1.763456E-2
1.990593E-1	1.779850E-2
1.988751E-1	1.821215E-2
1.986291E-1	1.834622E-2
1.985757E-1	1.793546E-2
1.984201E-1	1.769586E-2
1.982301E-1	1.755994E-2
1.980365E-1	1.795106E-2
1.978137E-1	1.783282E-2
1.976277E-1	1.779774E-2
1.974576E-1	1.802381E-2
1.972479E-1	1.792618E-2
1.971607E-1	1.781433E-2
1.970311E-1	1.785682E-2
1.968732E-1	1.818599E-2
1.966796E-1	1.862825E-2
1.965166E-1	1.817768E-2
1.963561E-1	1.807623E-2
1.961976E-1	1.795280E-2
1.960279E-1	1.803923E-2
1.957983E-1	1.808518E-2
1.956558E-1	1.819241E-2
1.954613E-1	1.814350E-2
1.953589E-1	1.800520E-2
1.952219E-1	1.811196E-2
1.950129E-1	1.841109E-2
1.948183E-1	1.845460E-2
1.946483E-1	1.846638E-2
1.945182E-1	1.843609E-2
1.942367E-1	1.842784E-2
1.941875E-1	1.843787E-2
1.940974E-1	1.885512E-2
1.938784E-1	1.916055E-2
1.936691E-1	1.922359E-2
1.935023E-1	2.005083E-2
1.933793E-1	1.982947E-2
1.932441E-1	1.976406E-2
1.930965E-1	2.011015E-2
1.930253E-1	2.051242E-2
1.928186E-1	2.104753E-2
1.926894E-1	2.124536E-2
1.924903E-1	2.209186E-2
1.922751E-1	2.180957E-2
1.921792E-1	2.234447E-2
1.920420E-1	2.239398E-2
1.919051E-1	2.184611E-2
1.917077E-1	2.169959E-2
1.915346E-1	2.182751E-2
1.914033E-1	2.289008E-2
1.914181E-1	2.343126E-2
1.912265E-1	2.362085E-2
1.910705E-1	2.362550E-2
1.909072E-1	2.376706E-2
1.908393E-1	2.384425E-2
1.906890E-1	2.439354E-2
1.906193E-1	2.480373E-2
1.905569E-1	2.480104E-2
1.904108E-1	2.515832E-2
1.902693E-1	2.554447E-2
1.901481E-1	2.572366E-2
1.900529E-1	2.572229E-2
1.899997E-1	2.640838E-2
1.898318E-1	2.643853E-2
1.897480E-1	2.710518E-2
1.896952E-1	2.703719E-2
1.895888E-1	2.714600E-2
1.894772E-1	2.731700E-2
1.893493E-1	2.744596E-2
1.892483E-1	2.770569E-2
1.891768E-1	2.797794E-2
1.890658E-1	2.809938E-2
1.890071E-1	2.845214E-2
1.889474E-1	2.840189E-2
1.888080E-1	2.866338E-2
1.887138E-1	2.884320E-2
1.885829E-1	2.917792E-2
1.884854E-1	2.908854E-2
1.883740E-1	2.907643E-2
1.882686E-1	2.926044E-2
1.881918E-1	3.068127E-2
1.880712E-1	3.097488E-2
1.879123E-1	3.009689E-2
1.879100E-1	3.127601E-2
1.876972E-1	3.098491E-2
1.876344E-1	3.081422E-2
1.875294E-1	3.027871E-2
1.874378E-1	3.035522E-2
1.873558E-1	3.027733E-2
1.872972E-1	3.037452E-2
1.872590E-1	3.118722E-2
1.871039E-1	3.072106E-2
1.869884E-1	3.106701E-2
1.868763E-1	3.176478E-2
1.868427E-1	3.202700E-2
1.867213E-1	3.185201E-2
1.866296E-1	3.187740E-2
1.865619E-1	3.161681E-2
1.864069E-1	3.199319E-2
1.863635E-1	3.180845E-2
1.862534E-1	3.249639E-2
1.861401E-1	3.268249E-2
1.860912E-1	3.266363E-2
1.860495E-1	3.272246E-2
1.859439E-1	3.347721E-2
1.858678E-1	3.323040E-2
1.858112E-1	3.349217E-2
1.857671E-1	3.351925E-2
1.856177E-1	3.353810E-2
1.855824E-1	3.406284E-2
1.854352E-1	3.402205E-2
1.854483E-1	3.410767E-2
1.853607E-1	3.442373E-2
1.852531E-1	3.452268E-2
1.851805E-1	3.439827E-2
1.851419E-1	3.486140E-2
1.851213E-1	3.512969E-2
1.850179E-1	3.576291E-2
1.849291E-1	3.528229E-2
1.848712E-1	3.549053E-2
1.848792E-1	3.531793E-2
1.848219E-1	3.571251E-2
1.847132E-1	3.562904E-2
1.847052E-1	3.619067E-2
1.845535E-1	3.614576E-2
1.844296E-1	3.639709E-2
1.843728E-1	3.672654E-2
1.842784E-1	3.698296E-2
1.842270E-1	3.750595E-2
1.842186E-1	3.740162E-2
1.842052E-1	3.729187E-2
1.840976E-1	3.782225E-2
1.840495E-1	3.768550E-2
1.840465E-1	3.796209E-2
1.838910E-1	3.825563E-2
1.838688E-1	3.851834E-2
1.837795E-1	3.876928E-2
1.837487E-1	3.875483E-2
1.836896E-1	3.999804E-2
1.836126E-1	3.993483E-2
1.835472E-1	3.953804E-2
1.834344E-1	3.962627E-2
1.834697E-1	3.980654E-2
1.833011E-1	4.034816E-2
1.832439E-1	4.023806E-2
1.831848E-1	4.035116E-2
1.831613E-1	4.094061E-2
1.831393E-1	4.109876E-2
1.830113E-1	4.145077E-2
1.829774E-1	4.158194E-2
1.829267E-1	4.251656E-2
1.828630E-1	4.242406E-2
1.828270E-1	4.257440E-2
1.826622E-1	4.313033E-2
1.826299E-1	4.346366E-2
1.825474E-1	4.379889E-2
1.825136E-1	4.452133E-2
1.825069E-1	4.456103E-2
1.824816E-1	4.540222E-2
1.823707E-1	4.542781E-2
1.822797E-1	4.633242E-2
1.822405E-1	4.704821E-2
1.822096E-1	4.754585E-2
1.820619E-1	4.769895E-2
1.820405E-1	4.866024E-2
1.819892E-1	4.931829E-2
1.819093E-1	5.000153E-2
1.818731E-1	5.068012E-2
1.818352E-1	5.226514E-2
1.816977E-1	5.247341E-2
1.816983E-1	5.335278E-2
1.816836E-1	5.450956E-2
1.815327E-1	5.519936E-2
1.814784E-1	5.730189E-2
1.815019E-1	5.860435E-2
1.814428E-1	5.919910E-2
1.813239E-1	6.128749E-2
1.812907E-1	6.264308E-2
1.812184E-1	6.376241E-2
1.812072E-1	6.614616E-2
1.811556E-1	6.734298E-2
1.810530E-1	6.957132E-2
1.809870E-1	7.264848E-2
1.809150E-1	7.481108E-2
1.808449E-1	7.699898E-2
1.807850E-1	7.804915E-2
1.807437E-1	8.236081E-2
1.807346E-1	8.548014E-2
1.806595E-1	8.869071E-2
1.805500E-1	9.041917E-2
1.805523E-1	9.470046E-2
1.804800E-1	9.695850E-2
1.804196E-1	9.992614E-2
1.803720E-1	1.033540E-1
1.803476E-1	1.057275E-1
1.802664E-1	1.092373E-1
1.802141E-1	1.110175E-1
1.801622E-1	1.141816E-1
1.800901E-1	1.167317E-1
1.799954E-1	1.185375E-1
1.799433E-1	1.214659E-1
1.798726E-1	1.228460E-1
1.798206E-1	1.251833E-1
1.797956E-1	1.282981E-1
1.797742E-1	1.302445E-1
1.796438E-1	1.312570E-1
1.796354E-1	1.334797E-1
1.795672E-1	1.350251E-1
1.794935E-1	1.365842E-1
1.794402E-1	1.383686E-1
1.794228E-1	1.397920E-1
1.793658E-1	1.416034E-1
1.793421E-1	1.428210E-1
1.792403E-1	1.442274E-1
1.792500E-1	1.449218E-1
1.792100E-1	1.464373E-1
1.790969E-1	1.474029E-1
1.790460E-1	1.483492E-1
1.789532E-1	1.499068E-1
1.789460E-1	1.505569E-1
1.789292E-1	1.516821E-1
1.788084E-1	1.520104E-1
1.787875E-1	1.534761E-1
1.787749E-1	1.545872E-1
1.786856E-1	1.550853E-1
1.786212E-1	1.562513E-1
1.785422E-1	1.570489E-1
1.785276E-1	1.577444E-1
1.784511E-1	1.589382E-1
1.784261E-1	1.597052E-1
1.783618E-1	1.602881E-1
1.782792E-1	1.612691E-1
1.781485E-1	1.614180E-1
1.781531E-1	1.621968E-1
1.780983E-1	1.630854E-1
1.779799E-1	1.634190E-1
1.780096E-1	1.640272E-1
1.780030E-1	1.649056E-1
1.779415E-1	1.652321E-1
1.778907E-1	1.659965E-1
1.777453E-1	1.664963E-1
1.777186E-1	1.668461E-1
1.777004E-1	1.675310E-1
1.775784E-1	1.675928E-1
1.775401E-1	1.684932E-1
1.775619E-1	1.692793E-1
1.775263E-1	1.691754E-1
1.774432E-1	1.698050E-1
1.774290E-1	1.704391E-1
1.773046E-1	1.706911E-1
1.772436E-1	1.713505E-1
1.772398E-1	1.718125E-1
1.771771E-1	1.722196E-1
1.771086E-1	1.725870E-1
1.771146E-1	1.728809E-1
1.771045E-1	1.733189E-1
1.769746E-1	1.736543E-1
1.769341E-1	1.739013E-1
1.768900E-1	1.743147E-1
1.768970E-1	1.747919E-1
1.767724E-1	1.751608E-1
1.767646E-1	1.753155E-1
1.767436E-1	1.755569E-1
1.766973E-1	1.757358E-1
1.766192E-1	1.762623E-1
1.764809E-1	1.768251E-1
1.764542E-1	1.771695E-1
1.764383E-1	1.774198E-1
1.763848E-1	1.776753E-1
1.763433E-1	1.779462E-1
1.763088E-1	1.785407E-1
1.762117E-1	1.788029E-1
1.762188E-1	1.789912E-1
1.761348E-1	1.793310E-1
1.761137E-1	1.794656E-1
1.759930E-1	1.798993E-1
1.759814E-1	1.800730E-1
1.760211E-1	1.800388E-1
1.758839E-1	1.801465E-1
1.758249E-1	1.805787E-1
1.757853E-1	1.809423E-1
1.757611E-1	1.811898E-1
1.757273E-1	1.816887E-1
1.756465E-1	1.818535E-1
1.755966E-1	1.822131E-1
1.755277E-1	1.824848E-1
1.753539E-1	1.829384E-1
1.752979E-1	1.832447E-1
1.752616E-1	1.834420E-1
1.751665E-1	1.837257E-1
1.751038E-1	1.840634E-1
1.750619E-1	1.842842E-1
1.749527E-1	1.846249E-1
1.749080E-1	1.848886E-1
1.748506E-1	1.852500E-1
1.747846E-1	1.853936E-1
1.747274E-1	1.856937E-1
1.745925E-1	1.860796E-1
1.745581E-1	1.862974E-1
1.745723E-1	1.866167E-1
1.744635E-1	1.866306E-1
1.743603E-1	1.868759E-1
1.743222E-1	1.871736E-1
1.742759E-1	1.873163E-1
1.742505E-1	1.876659E-1
1.741544E-1	1.879062E-1
1.740251E-1	1.879876E-1
1.740391E-1	1.882679E-1
1.739188E-1	1.884740E-1
1.738340E-1	1.887074E-1
1.737673E-1	1.889039E-1
1.737697E-1	1.890572E-1
1.737129E-1	1.892290E-1
1.735930E-1	1.892449E-1
1.735598E-1	1.896874E-1
1.734544E-1	1.899662E-1
1.734089E-1	1.900089E-1
1.733370E-1	1.901294E-1
1.733085E-1	1.904908E-1
1.731529E-1	1.907212E-1
1.731148E-1	1.909784E-1
1.731132E-1	1.909900E-1
1.730171E-1	1.910884E-1
1.729123E-1	1.913155E-1
1.728257E-1	1.914656E-1
1.728153E-1	1.914894E-1
1.727952E-1	1.917585E-1
1.727476E-1	1.921107E-1
1.726893E-1	1.924970E-1
1.725759E-1	1.924424E-1
1.724612E-1	1.926710E-1
1.724193E-1	1.925197E-1
1.723637E-1	1.926435E-1
1.722856E-1	1.932228E-1
1.722594E-1	1.933723E-1
1.722147E-1	1.935571E-1
1.721536E-1	1.935823E-1
1.720432E-1	1.935514E-1
1.720065E-1	1.937322E-1
1.719577E-1	1.939391E-1
1.718635E-1	1.940547E-1
1.717898E-1	1.941775E-1
1.717623E-1	1.942388E-1
1.716107E-1	1.943802E-1
1.715408E-1	1.947292E-1
1.715410E-1	1.945985E-1
1.714799E-1	1.947983E-1
1.713560E-1	1.947944E-1
1.714153E-1	1.946586E-1
1.713207E-1	1.948683E-1
1.712693E-1	1.954360E-1
1.711922E-1	1.955289E-1
1.710742E-1	1.954090E-1
1.709981E-1	1.956619E-1
1.709701E-1	1.957478E-1
1.708753E-1	1.960086E-1
1.706728E-1	1.963838E-1
1.704662E-1	1.964512E-1
1.704201E-1	1.966915E-1
1.703471E-1	1.971573E-1
1.702754E-1	1.971514E-1
1.700745E-1	1.974326E-1
1.700262E-1	1.975867E-1
1.699234E-1	1.977352E-1
1.697561E-1	1.982004E-1
1.695780E-1	1.983478E-1
1.694790E-1	1.985065E-1
1.694083E-1	1.986810E-1
1.692718E-1	1.987985E-1
1.691430E-1	1.989704E-1
1.690139E-1	1.991305E-1
1.688787E-1	1.993971E-1
1.687693E-1	1.996309E-1
1.686467E-1	1.999225E-1
1.685560E-1	2.003234E-1
1.684020E-1	2.003711E-1
1.682757E-1	2.004379E-1
1.681679E-1	2.003039E-1
1.680450E-1	2.006215E-1
1.679137E-1	2.005676E-1
1.678079E-1	2.005347E-1
1.677140E-1	2.007783E-1
1.675934E-1	2.007865E-1
1.675475E-1	2.009534E-1
1.673944E-1	2.013859E-1
1.672326E-1	2.011836E-1
1.671800E-1	2.016651E-1
1.670412E-1	2.017929E-1
1.668394E-1	2.018042E-1
1.667032E-1	2.020712E-1
1.665760E-1	2.022007E-1
1.664888E-1	2.025653E-1
1.663198E-1	2.026972E-1
1.661222E-1	2.027686E-1
1.659822E-1	2.028436E-1
1.658348E-1	2.032378E-1
1.655978E-1	2.034548E-1
1.654815E-1	2.036786E-1
1.653397E-1	2.039706E-1
1.651963E-1	2.039192E-1
1.650197E-1	2.038045E-1
1.648434E-1	2.041161E-1
1.647233E-1	2.041615E-1
1.645692E-1	2.046017E-1
1.644351E-1	2.045583E-1
1.642792E-1	2.047930E-1
1.640578E-1	2.049158E-1
1.639264E-1	2.050631E-1
1.637699E-1	2.049556E-1
1.636630E-1	2.053493E-1
1.635001E-1	2.054415E-1
1.633629E-1	2.056187E-1
1.632403E-1	2.056307E-1
1.630383E-1	2.057526E-1
1.628602E-1	2.060081E-1
1.627504E-1	2.062235E-1
1.625829E-1	2.064526E-1
1.624556E-1	2.064429E-1
1.623053E-1	2.066244E-1
1.621927E-1	2.064134E-1
1.619212E-1	2.067008E-1
1.618828E-1	2.066288E-1
1.617465E-1	2.069035E-1
1.616094E-1	2.071783E-1
1.613842E-1	2.070980E-1
1.611988E-1	2.071785E-1
1.611694E-1	2.072927E-1
1.610379E-1	2.074336E-1
1.608191E-1	2.076111E-1
1.606834E-1	2.077968E-1
1.605428E-1	2.079342E-1
1.604527E-1	2.078647E-1
1.602831E-1	2.080649E-1
1.601613E-1	2.083554E-1
1.600134E-1	2.084229E-1
1.598921E-1	2.083420E-1
1.597364E-1	2.084725E-1
1.595523E-1	2.086618E-1
1.594652E-1	2.087024E-1
1.592605E-1	2.088715E-1
1.591465E-1	2.090273E-1
1.590966E-1	2.091300E-1
1.589227E-1	2.092133E-1
1.588206E-1	2.092488E-1
1.586086E-1	2.093575E-1
1.585328E-1	2.096302E-1
1.583811E-1	2.101015E-1
1.582766E-1	2.098852E-1
1.581005E-1	2.096954E-1
1.579688E-1	2.100090E-1
1.578309E-1	2.101245E-1
1.576639E-1	2.101970E-1
1.575486E-1	2.101491E-1
1.574125E-1	2.101386E-1
1.572407E-1	2.102921E-1
1.571201E-1	2.104900E-1
1.570122E-1	2.106695E-1
1.569088E-1	2.107183E-1
1.567321E-1	2.106214E-1
1.567073E-1	2.109828E-1
1.565295E-1	2.110900E-1
1.564249E-1	2.111107E-1
1.562387E-1	2.110370E-1
1.561052E-1	2.110504E-1
1.559866E-1	2.112736E-1
1.558337E-1	2.112215E-1
1.556990E-1	2.112729E-1
1.556205E-1	2.116147E-1
1.554661E-1	2.116723E-1
1.553285E-1	2.117639E-1
1.551525E-1	2.116839E-1
1.551234E-1	2.118563E-1
1.549643E-1	2.120427E-1
1.548463E-1	2.121586E-1
1.546447E-1	2.121911E-1
1.545866E-1	2.123470E-1
1.543600E-1	2.124391E-1
1.541118E-1	2.125427E-1
1.539054E-1	2.125309E-1
1.535792E-1	2.128206E-1
1.532561E-1	2.131539E-1
1.529990E-1	2.133193E-1
1.527105E-1	2.132942E-1
1.524428E-1	2.136026E-1
1.522345E-1	2.136092E-1
1.519700E-1	2.137747E-1
1.517563E-1	2.137430E-1
1.515055E-1	2.139115E-1
1.513504E-1	2.140922E-1
1.510966E-1	2.142163E-1
1.509253E-1	2.143792E-1
1.507183E-1	2.143952E-1
1.504800E-1	2.146246E-1
1.502595E-1	2.145832E-1
1.501065E-1	2.147375E-1
1.498854E-1	2.149228E-1
1.497063E-1	2.148328E-1
1.494969E-1	2.149405E-1
1.492399E-1	2.152429E-1
1.490698E-1	2.152613E-1
1.489612E-1	2.153672E-1
1.486631E-1	2.154498E-1
1.485164E-1	2.154703E-1
1.483268E-1	2.157394E-1
1.481173E-1	2.159648E-1
1.479681E-1	2.161043E-1
1.477418E-1	2.161359E-1
1.475601E-1	2.160774E-1
1.473518E-1	2.161488E-1
1.471137E-1	2.163366E-1
1.470073E-1	2.164912E-1
1.467521E-1	2.165029E-1
1.466240E-1	2.166317E-1
1.464275E-1	2.166838E-1
1.462371E-1	2.167867E-1
1.460799E-1	2.169001E-1
1.458718E-1	2.171174E-1
1.456944E-1	2.171521E-1
1.455176E-1	2.172026E-1
1.453268E-1	2.171920E-1
1.450863E-1	2.173600E-1
1.449626E-1	2.173916E-1
1.447594E-1	2.176351E-1
1.446349E-1	2.175356E-1
1.444136E-1	2.176450E-1
1.442899E-1	2.179192E-1
1.441080E-1	2.180461E-1
1.438618E-1	2.179942E-1
1.436878E-1	2.179585E-1
1.435339E-1	2.182860E-1
1.433531E-1	2.181703E-1
1.430978E-1	2.182092E-1
1.428818E-1	2.183720E-1
1.427011E-1	2.184116E-1
1.425244E-1	2.184031E-1
1.422547E-1	2.186814E-1
1.420237E-1	2.186612E-1
1.417010E-1	2.188300E-1
1.415373E-1	2.190280E-1
1.412992E-1	2.192518E-1
1.411163E-1	2.191905E-1
1.408905E-1	2.193155E-1
1.406210E-1	2.191406E-1
1.403400E-1	2.193909E-1
1.401360E-1	2.197352E-1
1.399184E-1	2.198190E-1
1.397050E-1	2.197603E-1
1.394816E-1	2.198698E-1
1.392500E-1	2.200319E-1
1.389831E-1	2.202033E-1
1.387347E-1	2.200755E-1
1.384740E-1	2.202020E-1
1.383891E-1	2.204699E-1
1.380950E-1	2.205273E-1
1.379435E-1	2.207478E-1
1.376644E-1	2.210593E-1
1.375222E-1	2.209923E-1
1.373296E-1	2.210217E-1
1.370158E-1	2.208964E-1
1.368435E-1	2.211143E-1
1.366204E-1	2.212436E-1
1.364132E-1	2.214514E-1
1.361724E-1	2.215040E-1
1.360162E-1	2.215916E-1
1.357650E-1	2.215523E-1
1.355765E-1	2.215234E-1
1.353737E-1	2.217297E-1
1.351846E-1	2.217140E-1
1.349620E-1	2.217754E-1
1.347429E-1	2.219677E-1
1.345498E-1	2.222299E-1
1.343244E-1	2.221245E-1
1.340927E-1	2.223664E-1
1.339007E-1	2.221499E-1
1.337121E-1	2.221023E-1
1.335399E-1	2.223607E-1
1.333164E-1	2.225102E-1
1.331092E-1	2.227029E-1
1.329218E-1	2.228507E-1
1.327569E-1	2.226446E-1
1.325248E-1	2.227131E-1
1.323654E-1	2.228354E-1
1.321815E-1	2.229750E-1
1.318839E-1	2.230651E-1
1.317708E-1	2.229894E-1
1.314165E-1	2.229867E-1
1.313680E-1	2.233467E-1
1.311741E-1	2.231696E-1
1.309949E-1	2.233451E-1
1.307930E-1	2.236206E-1
1.306355E-1	2.236409E-1
1.303895E-1	2.236050E-1
1.302626E-1	2.237944E-1
1.299456E-1	2.239024E-1
1.298825E-1	2.237612E-1
1.296420E-1	2.238951E-1
1.294917E-1	2.238341E-1
1.293389E-1	2.240302E-1
1.291789E-1	2.241087E-1
1.289220E-1	2.240594E-1
1.287829E-1	2.242376E-1
1.285699E-1	2.241712E-1
1.284084E-1	2.241443E-1
1.282503E-1	2.244568E-1
