1.207022E-1	2.060203E-1
1.189622E-1	2.067137E-1
1.187480E-1	2.065911E-1
1.186033E-1	2.066717E-1
1.183460E-1	2.068139E-1
1.182704E-1	2.069482E-1
1.182188E-1	2.069978E-1
1.180483E-1	2.070953E-1
1.178883E-1	2.072103E-1
1.177341E-1	2.070131E-1
1.176090E-1	2.071008E-1
1.175315E-1	2.072649E-1
1.173810E-1	2.068579E-1
1.172868E-1	2.068228E-1
1.171057E-1	2.069305E-1
1.171504E-1	2.069888E-1
1.170803E-1	2.069629E-1
1.170691E-1	2.072018E-1
1.171640E-1	2.072785E-1
1.171586E-1	2.070948E-1
1.172693E-1	2.067965E-1
1.173290E-1	2.069263E-1
1.174065E-1	2.070487E-1
1.174677E-1	2.069004E-1
1.175995E-1	2.068878E-1
1.176978E-1	2.070634E-1
1.177287E-1	2.071066E-1
1.178025E-1	2.067361E-1
1.178893E-1	2.068861E-1
1.180144E-1	2.068285E-1
1.180522E-1	2.069167E-1
1.181101E-1	2.067260E-1
1.182846E-1	2.069443E-1
1.183148E-1	2.071261E-1
1.183802E-1	2.064736E-1
1.184364E-1	2.066032E-1
1.185666E-1	2.066892E-1
1.186336E-1	2.068177E-1
1.187175E-1	2.068996E-1
1.188124E-1	2.067334E-1
1.188471E-1	2.067615E-1
1.189295E-1	2.068868E-1
1.189779E-1	2.066882E-1
1.190353E-1	2.067245E-1
1.190123E-1	2.064918E-1
1.191957E-1	2.063853E-1
1.192387E-1	2.064815E-1
1.192910E-1	2.067237E-1
1.193711E-1	2.066784E-1
1.194867E-1	2.066150E-1
1.195636E-1	2.067708E-1
1.195626E-1	2.068360E-1
1.196268E-1	2.064189E-1
1.196673E-1	2.064674E-1
1.197746E-1	2.065434E-1
1.198657E-1	2.064248E-1
1.199557E-1	2.062224E-1
1.200104E-1	2.064243E-1
1.200424E-1	2.064676E-1
1.200760E-1	2.062519E-1
1.201671E-1	2.063241E-1
1.202540E-1	2.064569E-1
1.203279E-1	2.062995E-1
1.204262E-1	2.060971E-1
1.204597E-1	2.061955E-1
1.205734E-1	2.064272E-1
1.205971E-1	2.061762E-1
1.206849E-1	2.064494E-1
1.207550E-1	2.064874E-1
1.207995E-1	2.061495E-1
1.209082E-1	2.059450E-1
1.209911E-1	2.065899E-1
1.210293E-1	2.061801E-1
1.211139E-1	2.064353E-1
1.212031E-1	2.061025E-1
1.212234E-1	2.064328E-1
1.213070E-1	2.061305E-1
1.213617E-1	2.062782E-1
1.214279E-1	2.060191E-1
1.214551E-1	2.060521E-1
1.215318E-1	2.059504E-1
1.216551E-1	2.060498E-1
1.217448E-1	2.060048E-1
1.217284E-1	2.059648E-1
1.218953E-1	2.055262E-1
1.219259E-1	2.059174E-1
1.219337E-1	2.059039E-1
1.219820E-1	2.058540E-1
1.220234E-1	2.060173E-1
1.221365E-1	2.059764E-1
1.221670E-1	2.060872E-1
1.223681E-1	2.057218E-1
1.224126E-1	2.056570E-1
1.223510E-1	2.057454E-1
1.225177E-1	2.059391E-1
1.224904E-1	2.056061E-1
1.225910E-1	2.056308E-1
1.226966E-1	2.057905E-1
1.227475E-1	2.056674E-1
1.227780E-1	2.055734E-1
1.228588E-1	2.058645E-1
1.229082E-1	2.058517E-1
1.230520E-1	2.056197E-1
1.231056E-1	2.061529E-1
1.231068E-1	2.060720E-1
1.231957E-1	2.057844E-1
1.232701E-1	2.056298E-1
1.233559E-1	2.056528E-1
1.234020E-1	2.056149E-1
1.234628E-1	2.055587E-1
1.234977E-1	2.057543E-1
1.236244E-1	2.057799E-1
1.236862E-1	2.057549E-1
1.237710E-1	2.055969E-1
1.238304E-1	2.055798E-1
1.238603E-1	2.054717E-1
1.239100E-1	2.054266E-1
1.239505E-1	2.055358E-1
1.241114E-1	2.054597E-1
1.241317E-1	2.057072E-1
1.241844E-1	2.058615E-1
1.241998E-1	2.057070E-1
1.243619E-1	2.054561E-1
1.243379E-1	2.055476E-1
1.244273E-1	2.052223E-1
1.245145E-1	2.053917E-1
1.245645E-1	2.057386E-1
1.246312E-1	2.056637E-1
1.247215E-1	2.054739E-1
1.248519E-1	2.053872E-1
1.248983E-1	2.054567E-1
1.249488E-1	2.053000E-1
1.249524E-1	2.053142E-1
1.249484E-1	2.055114E-1
1.250179E-1	2.053877E-1
1.250906E-1	2.053342E-1
1.252393E-1	2.055228E-1
1.252423E-1	2.054023E-1
1.253131E-1	2.053017E-1
1.254201E-1	2.050087E-1
1.255234E-1	2.052433E-1
1.255341E-1	2.052847E-1
1.255439E-1	2.048006E-1
1.256934E-1	2.048781E-1
1.257260E-1	2.050166E-1
1.257688E-1	2.049199E-1
1.258474E-1	2.049955E-1
1.259848E-1	2.049234E-1
1.260067E-1	2.054858E-1
1.260836E-1	2.048755E-1
1.261314E-1	2.049608E-1
1.262071E-1	2.050839E-1
1.262546E-1	2.052350E-1
1.262315E-1	2.049938E-1
1.263650E-1	2.050358E-1
1.263848E-1	2.048641E-1
1.264830E-1	2.046757E-1
1.265254E-1	2.047515E-1
1.265626E-1	2.048489E-1
1.266856E-1	2.048930E-1
1.267314E-1	2.047547E-1
1.268169E-1	2.046985E-1
1.269146E-1	2.049636E-1
1.269851E-1	2.048687E-1
1.270421E-1	2.048789E-1
1.271248E-1	2.047535E-1
1.271778E-1	2.046740E-1
1.271934E-1	2.046804E-1
1.272188E-1	2.046697E-1
1.273197E-1	2.047777E-1
1.273108E-1	2.047392E-1
1.274683E-1	2.049303E-1
1.275344E-1	2.048985E-1
1.275891E-1	2.046768E-1
1.276422E-1	2.047429E-1
1.277051E-1	2.048151E-1
1.278199E-1	2.045441E-1
1.278360E-1	2.044268E-1
1.278729E-1	2.045833E-1
1.279668E-1	2.048380E-1
1.280554E-1	2.044424E-1
1.281292E-1	2.046116E-1
1.281466E-1	2.047464E-1
1.282099E-1	2.045800E-1
1.283001E-1	2.043543E-1
1.283956E-1	2.045482E-1
1.283550E-1	2.044541E-1
1.284547E-1	2.044431E-1
1.285936E-1	2.046874E-1
1.286557E-1	2.046358E-1
1.287839E-1	2.044045E-1
1.289713E-1	2.046611E-1
1.290430E-1	2.043351E-1
1.291655E-1	2.041878E-1
1.291659E-1	2.041875E-1
1.293083E-1	2.042942E-1
1.293404E-1	2.043577E-1
1.294392E-1	2.042280E-1
1.296353E-1	2.042296E-1
1.297649E-1	2.040606E-1
1.298623E-1	2.039152E-1
1.299474E-1	2.042563E-1
1.300551E-1	2.040850E-1
1.300759E-1	2.040091E-1
1.302175E-1	2.041117E-1
1.303694E-1	2.038744E-1
1.305074E-1	2.039418E-1
1.305821E-1	2.039261E-1
1.306431E-1	2.042027E-1
1.307507E-1	2.038178E-1
1.309386E-1	2.038867E-1
1.309794E-1	2.039785E-1
1.311009E-1	2.035710E-1
1.312229E-1	2.035446E-1
1.312724E-1	2.036358E-1
1.314486E-1	2.036158E-1
1.314832E-1	2.035301E-1
1.315588E-1	2.035711E-1
1.316969E-1	2.034649E-1
1.318285E-1	2.035103E-1
1.319863E-1	2.034584E-1
1.320486E-1	2.037029E-1
1.321607E-1	2.035802E-1
1.322609E-1	2.034671E-1
1.323788E-1	2.034828E-1
1.324589E-1	2.034561E-1
1.325769E-1	2.035782E-1
1.326021E-1	2.035639E-1
1.327499E-1	2.035012E-1
1.328753E-1	2.032809E-1
1.329811E-1	2.035109E-1
1.330952E-1	2.032672E-1
1.331871E-1	2.031912E-1
1.332413E-1	2.031900E-1
1.333718E-1	2.034355E-1
1.335074E-1	2.034842E-1
1.336333E-1	2.033979E-1
1.337001E-1	2.034489E-1
1.338720E-1	2.029101E-1
1.339544E-1	2.031033E-1
1.340473E-1	2.032249E-1
1.341029E-1	2.030445E-1
1.341942E-1	2.030405E-1
1.342969E-1	2.030786E-1
1.344262E-1	2.027156E-1
1.344636E-1	2.030220E-1
1.346570E-1	2.030590E-1
1.347922E-1	2.028363E-1
1.348828E-1	2.028614E-1
1.349810E-1	2.028583E-1
1.350487E-1	2.027658E-1
1.351146E-1	2.026496E-1
1.352883E-1	2.028974E-1
1.353727E-1	2.028266E-1
1.354462E-1	2.025036E-1
1.355682E-1	2.027289E-1
1.356704E-1	2.027543E-1
1.357479E-1	2.025583E-1
1.358708E-1	2.024663E-1
1.359581E-1	2.025696E-1
1.361283E-1	2.025048E-1
1.361829E-1	2.023235E-1
1.362490E-1	2.025453E-1
1.364024E-1	2.023891E-1
1.365187E-1	2.022241E-1
1.365744E-1	2.024160E-1
1.366712E-1	2.024269E-1
1.368026E-1	2.023285E-1
1.368752E-1	2.023846E-1
1.370154E-1	2.023126E-1
1.371475E-1	2.021597E-1
1.372113E-1	2.021418E-1
1.373168E-1	2.019765E-1
1.374858E-1	2.018419E-1
1.375996E-1	2.020087E-1
1.376608E-1	2.019378E-1
1.377674E-1	2.019314E-1
1.378953E-1	2.019537E-1
1.380008E-1	2.018224E-1
1.380670E-1	2.017911E-1
1.381533E-1	2.019592E-1
1.382581E-1	2.017705E-1
1.383986E-1	2.018484E-1
1.384997E-1	2.019878E-1
1.386189E-1	2.019410E-1
1.387280E-1	2.017184E-1
1.388026E-1	2.017309E-1
1.389371E-1	2.019389E-1
1.390142E-1	2.017577E-1
1.391486E-1	2.016413E-1
1.392621E-1	2.015300E-1
1.393452E-1	2.014796E-1
1.393516E-1	2.015980E-1
1.395450E-1	2.015422E-1
1.396894E-1	2.017951E-1
1.397566E-1	2.016128E-1
1.398726E-1	2.014063E-1
1.399936E-1	2.016082E-1
1.400341E-1	2.014313E-1
1.401286E-1	2.013569E-1
1.402391E-1	2.014192E-1
1.402696E-1	2.012433E-1
1.404281E-1	2.013343E-1
1.405588E-1	2.010622E-1
1.407107E-1	2.014622E-1
1.407934E-1	2.010823E-1
1.408789E-1	2.011459E-1
1.409639E-1	2.011014E-1
1.410881E-1	2.010089E-1
1.411847E-1	2.011355E-1
1.412774E-1	2.013161E-1
1.413417E-1	2.012067E-1
1.414754E-1	2.008454E-1
1.415823E-1	2.010855E-1
1.416993E-1	2.010298E-1
1.418206E-1	2.008706E-1
1.419181E-1	2.009372E-1
1.421032E-1	2.007396E-1
1.421882E-1	2.009052E-1
1.422901E-1	2.010885E-1
1.423738E-1	2.010379E-1
1.424879E-1	2.007799E-1
1.425839E-1	2.007752E-1
1.426413E-1	2.010554E-1
1.427023E-1	2.006574E-1
1.428194E-1	2.004288E-1
1.429374E-1	2.006806E-1
1.430429E-1	2.008049E-1
1.431095E-1	2.005981E-1
1.432939E-1	2.005258E-1
1.433714E-1	2.004911E-1
1.434733E-1	2.003618E-1
1.436317E-1	2.001298E-1
1.436952E-1	2.001710E-1
1.437915E-1	2.004017E-1
1.438965E-1	2.005588E-1
1.439484E-1	2.003446E-1
1.441000E-1	2.002366E-1
1.442607E-1	2.002724E-1
1.442837E-1	2.001242E-1
1.444176E-1	2.002086E-1
1.444815E-1	2.001189E-1
1.445953E-1	2.000446E-1
1.447206E-1	2.001619E-1
1.448611E-1	2.002080E-1
1.448859E-1	1.998641E-1
1.450411E-1	2.000209E-1
1.451446E-1	2.000675E-1
1.452441E-1	1.997921E-1
1.453567E-1	1.997616E-1
1.454191E-1	2.000441E-1
1.454998E-1	1.999591E-1
1.456501E-1	1.997076E-1
1.457957E-1	1.997813E-1
1.458968E-1	1.997643E-1
1.459984E-1	1.996160E-1
1.460478E-1	1.996075E-1
1.461282E-1	1.998159E-1
1.462005E-1	1.995060E-1
1.463928E-1	1.994814E-1
1.464406E-1	1.996245E-1
1.465500E-1	1.997055E-1
1.466620E-1	1.994922E-1
1.467640E-1	1.995719E-1
1.468750E-1	1.997210E-1
1.470020E-1	1.996197E-1
1.470924E-1	1.994949E-1
1.471158E-1	1.993611E-1
1.472883E-1	1.993421E-1
1.474082E-1	1.992924E-1
1.475691E-1	1.992688E-1
1.476355E-1	1.992967E-1
1.477055E-1	1.989610E-1
1.477699E-1	1.991503E-1
1.478762E-1	1.990507E-1
1.479253E-1	1.991786E-1
1.480658E-1	1.990660E-1
1.481859E-1	1.990841E-1
1.482967E-1	1.991345E-1
1.485358E-1	1.991871E-1
1.485725E-1	1.990862E-1
1.486867E-1	1.986366E-1
1.486863E-1	1.987776E-1
1.488780E-1	1.986043E-1
1.489173E-1	1.987631E-1
1.489060E-1	1.984985E-1
1.491052E-1	1.985380E-1
1.492147E-1	1.986293E-1
1.492906E-1	1.986815E-1
1.493696E-1	1.983423E-1
1.495269E-1	1.981707E-1
1.496362E-1	1.984256E-1
1.498244E-1	1.987040E-1
1.498594E-1	1.983621E-1
1.499259E-1	1.983456E-1
1.500528E-1	1.983604E-1
1.501279E-1	1.982500E-1
1.502437E-1	1.981160E-1
1.503247E-1	1.984076E-1
1.504513E-1	1.983731E-1
1.505875E-1	1.983697E-1
1.506582E-1	1.982277E-1
1.507993E-1	1.981584E-1
1.508745E-1	1.980679E-1
1.509495E-1	1.978722E-1
1.510585E-1	1.981113E-1
1.511612E-1	1.978597E-1
1.512859E-1	1.976232E-1
1.514213E-1	1.977564E-1
1.514680E-1	1.980134E-1
1.516140E-1	1.979492E-1
1.516554E-1	1.981101E-1
1.517438E-1	1.979518E-1
1.519259E-1	1.975041E-1
1.520180E-1	1.976073E-1
1.520969E-1	1.977769E-1
1.521955E-1	1.978518E-1
1.523527E-1	1.977781E-1
1.524116E-1	1.978070E-1
1.524778E-1	1.979616E-1
1.525406E-1	1.977267E-1
1.527220E-1	1.976529E-1
1.528165E-1	1.973344E-1
1.528707E-1	1.971996E-1
1.530006E-1	1.971419E-1
1.531084E-1	1.973435E-1
1.531869E-1	1.972022E-1
1.533151E-1	1.972736E-1
1.534669E-1	1.971377E-1
1.535188E-1	1.970476E-1
1.536380E-1	1.969577E-1
1.536723E-1	1.970641E-1
1.537801E-1	1.968371E-1
1.539551E-1	1.971356E-1
1.540601E-1	1.968160E-1
1.541387E-1	1.970847E-1
1.541888E-1	1.969421E-1
1.543376E-1	1.969770E-1
1.543977E-1	1.971986E-1
1.545612E-1	1.968884E-1
1.546435E-1	1.968131E-1
1.547391E-1	1.963650E-1
1.548541E-1	1.965258E-1
1.549220E-1	1.963524E-1
1.549973E-1	1.964482E-1
1.550347E-1	1.963679E-1
1.552894E-1	1.962925E-1
1.553646E-1	1.963068E-1
1.554106E-1	1.963936E-1
1.555203E-1	1.963437E-1
1.555715E-1	1.963319E-1
1.557186E-1	1.965591E-1
1.558429E-1	1.961375E-1
1.559667E-1	1.960169E-1
1.559804E-1	1.959804E-1
1.561307E-1	1.960074E-1
1.562580E-1	1.958004E-1
1.563845E-1	1.960749E-1
1.564779E-1	1.959002E-1
1.566054E-1	1.960416E-1
1.566717E-1	1.956916E-1
1.567472E-1	1.959468E-1
1.568669E-1	1.958864E-1
1.568756E-1	1.959175E-1
1.570167E-1	1.956295E-1
1.572052E-1	1.953862E-1
1.573044E-1	1.954713E-1
1.574357E-1	1.953755E-1
1.574870E-1	1.954659E-1
1.576070E-1	1.954459E-1
1.577529E-1	1.953337E-1
1.579260E-1	1.952217E-1
1.579855E-1	1.953202E-1
1.581296E-1	1.951906E-1
1.582061E-1	1.952049E-1
1.583775E-1	1.951599E-1
1.583695E-1	1.950489E-1
1.585088E-1	1.950081E-1
1.586537E-1	1.951179E-1
1.588030E-1	1.949305E-1
1.588878E-1	1.945344E-1
1.589779E-1	1.946826E-1
1.590699E-1	1.950415E-1
1.591419E-1	1.950099E-1
1.592755E-1	1.948535E-1
1.593994E-1	1.946548E-1
1.595172E-1	1.946750E-1
1.595850E-1	1.945484E-1
1.597223E-1	1.945373E-1
1.598666E-1	1.943749E-1
1.599611E-1	1.943893E-1
1.599993E-1	1.942946E-1
1.601564E-1	1.941338E-1
1.602702E-1	1.941691E-1
1.603501E-1	1.941500E-1
1.604830E-1	1.941464E-1
1.605813E-1	1.941555E-1
1.606843E-1	1.940782E-1
1.607501E-1	1.940162E-1
1.608195E-1	1.937938E-1
1.610333E-1	1.939131E-1
1.611121E-1	1.937789E-1
1.611873E-1	1.938288E-1
1.612659E-1	1.937316E-1
1.613973E-1	1.935829E-1
1.615247E-1	1.936198E-1
1.616015E-1	1.935718E-1
1.617266E-1	1.934655E-1
1.618876E-1	1.933138E-1
1.619179E-1	1.931967E-1
1.620797E-1	1.932928E-1
1.621141E-1	1.932601E-1
1.622107E-1	1.931993E-1
1.623449E-1	1.932148E-1
1.624230E-1	1.934239E-1
1.625767E-1	1.933528E-1
1.626627E-1	1.931653E-1
1.627898E-1	1.929549E-1
1.628877E-1	1.929661E-1
1.630080E-1	1.928632E-1
1.630766E-1	1.927035E-1
1.632087E-1	1.927910E-1
1.632593E-1	1.925547E-1
1.634254E-1	1.924855E-1
1.635186E-1	1.926412E-1
1.636402E-1	1.924913E-1
1.637691E-1	1.926096E-1
1.638196E-1	1.926947E-1
1.639391E-1	1.924769E-1
1.640236E-1	1.923306E-1
1.640673E-1	1.923545E-1
1.642581E-1	1.921834E-1
1.643797E-1	1.918981E-1
1.644611E-1	1.920128E-1
1.646481E-1	1.916920E-1
1.647167E-1	1.915600E-1
1.648078E-1	1.916031E-1
1.648342E-1	1.917710E-1
1.649565E-1	1.915501E-1
1.650701E-1	1.916695E-1
1.652109E-1	1.915338E-1
1.653829E-1	1.913407E-1
1.654367E-1	1.912556E-1
1.655123E-1	1.913595E-1
1.656099E-1	1.909866E-1
1.657338E-1	1.908986E-1
1.657781E-1	1.910430E-1
1.659230E-1	1.910114E-1
1.660505E-1	1.909490E-1
1.661431E-1	1.907508E-1
1.662354E-1	1.908643E-1
1.663414E-1	1.906057E-1
1.664564E-1	1.904854E-1
1.665528E-1	1.903600E-1
1.666689E-1	1.903704E-1
1.667139E-1	1.903213E-1
1.668658E-1	1.902552E-1
1.669406E-1	1.902510E-1
1.670837E-1	1.901053E-1
1.672035E-1	1.902679E-1
1.672707E-1	1.902745E-1
1.674004E-1	1.901333E-1
1.674758E-1	1.898679E-1
1.675633E-1	1.900839E-1
1.677511E-1	1.897874E-1
1.677813E-1	1.895304E-1
1.679640E-1	1.894821E-1
1.679815E-1	1.894330E-1
1.681385E-1	1.895077E-1
1.681806E-1	1.895145E-1
1.682762E-1	1.893571E-1
1.684494E-1	1.890965E-1
1.686027E-1	1.893249E-1
1.686192E-1	1.890966E-1
1.687167E-1	1.889420E-1
1.688577E-1	1.890327E-1
1.689325E-1	1.889692E-1
1.690453E-1	1.885571E-1
1.691182E-1	1.884291E-1
1.692621E-1	1.887270E-1
1.693299E-1	1.883635E-1
1.694775E-1	1.882590E-1
1.695444E-1	1.881888E-1
1.696428E-1	1.884363E-1
1.696938E-1	1.881349E-1
1.698250E-1	1.879069E-1
1.699319E-1	1.881175E-1
1.700572E-1	1.880966E-1
1.702055E-1	1.879409E-1
1.702696E-1	1.874878E-1
1.703838E-1	1.875448E-1
1.704642E-1	1.873353E-1
1.706190E-1	1.872235E-1
1.707244E-1	1.871296E-1
1.707826E-1	1.870915E-1
1.708623E-1	1.871821E-1
1.709710E-1	1.868966E-1
1.711121E-1	1.869904E-1
1.712291E-1	1.871057E-1
1.713929E-1	1.868792E-1
1.714348E-1	1.863938E-1
1.715244E-1	1.861483E-1
1.715626E-1	1.862876E-1
1.716756E-1	1.861623E-1
1.717876E-1	1.860922E-1
1.718650E-1	1.858707E-1
1.719577E-1	1.859638E-1
1.720911E-1	1.859556E-1
1.721697E-1	1.858078E-1
1.722669E-1	1.856960E-1
1.723833E-1	1.854624E-1
1.724293E-1	1.852111E-1
1.725754E-1	1.852571E-1
1.725987E-1	1.851808E-1
1.726679E-1	1.850613E-1
1.727981E-1	1.849225E-1
1.729357E-1	1.848992E-1
1.731073E-1	1.846439E-1
1.732000E-1	1.848391E-1
1.731816E-1	1.845570E-1
1.733110E-1	1.843029E-1
1.734104E-1	1.842212E-1
1.734559E-1	1.841779E-1
1.736190E-1	1.840286E-1
1.737122E-1	1.836911E-1
1.737868E-1	1.836360E-1
1.738763E-1	1.833382E-1
1.740205E-1	1.830425E-1
1.740451E-1	1.832028E-1
1.741546E-1	1.831918E-1
1.742604E-1	1.827378E-1
1.743445E-1	1.826839E-1
1.744399E-1	1.825428E-1
1.745274E-1	1.821944E-1
1.747034E-1	1.823163E-1
1.747411E-1	1.821040E-1
1.748955E-1	1.817263E-1
1.749468E-1	1.818775E-1
1.749880E-1	1.820444E-1
1.751315E-1	1.820238E-1
1.751773E-1	1.812701E-1
1.753028E-1	1.811064E-1
1.753882E-1	1.809773E-1
1.754844E-1	1.808769E-1
1.755672E-1	1.808134E-1
1.757342E-1	1.808171E-1
1.757752E-1	1.805197E-1
1.758352E-1	1.803867E-1
1.759504E-1	1.803262E-1
1.760866E-1	1.799620E-1
1.760655E-1	1.795961E-1
1.761667E-1	1.794360E-1
1.762981E-1	1.790613E-1
1.763616E-1	1.788057E-1
1.765142E-1	1.788794E-1
1.765677E-1	1.788820E-1
1.766135E-1	1.785252E-1
1.768201E-1	1.783672E-1
1.768945E-1	1.781673E-1
1.770156E-1	1.778423E-1
1.771122E-1	1.774660E-1
1.771543E-1	1.774105E-1
1.772234E-1	1.770569E-1
1.773421E-1	1.769092E-1
1.774150E-1	1.768607E-1
1.775325E-1	1.764268E-1
1.776011E-1	1.762347E-1
1.776660E-1	1.759748E-1
1.777968E-1	1.756686E-1
1.779163E-1	1.754927E-1
1.779907E-1	1.748780E-1
1.780315E-1	1.746269E-1
1.781883E-1	1.745925E-1
1.782413E-1	1.744949E-1
1.783550E-1	1.742806E-1
1.784490E-1	1.739477E-1
1.784971E-1	1.735236E-1
1.786233E-1	1.731158E-1
1.786978E-1	1.727181E-1
1.787868E-1	1.723508E-1
1.789745E-1	1.725567E-1
1.790261E-1	1.719961E-1
1.791047E-1	1.716119E-1
1.791325E-1	1.713568E-1
1.792633E-1	1.712151E-1
1.793528E-1	1.706780E-1
1.794889E-1	1.703570E-1
1.795285E-1	1.699359E-1
1.796540E-1	1.695337E-1
1.796974E-1	1.690192E-1
1.797332E-1	1.686578E-1
1.798769E-1	1.683168E-1
1.799880E-1	1.679604E-1
1.800529E-1	1.673411E-1
1.801441E-1	1.664452E-1
1.802509E-1	1.660976E-1
1.803216E-1	1.659911E-1
1.804258E-1	1.656275E-1
1.804804E-1	1.645338E-1
1.806449E-1	1.642034E-1
1.807537E-1	1.633917E-1
1.807966E-1	1.629271E-1
1.808623E-1	1.625851E-1
1.809800E-1	1.616343E-1
1.810298E-1	1.608987E-1
1.811271E-1	1.599731E-1
1.812492E-1	1.595901E-1
1.813219E-1	1.587911E-1
1.813893E-1	1.574047E-1
1.814464E-1	1.569636E-1
1.815527E-1	1.559277E-1
1.816020E-1	1.551257E-1
1.817726E-1	1.535031E-1
1.818315E-1	1.526461E-1
1.819867E-1	1.515924E-1
1.820506E-1	1.501937E-1
1.820618E-1	1.490805E-1
1.822738E-1	1.481327E-1
1.823775E-1	1.460123E-1
1.824260E-1	1.448793E-1
1.824575E-1	1.430239E-1
1.825639E-1	1.407848E-1
1.826039E-1	1.387028E-1
1.826666E-1	1.366193E-1
1.827629E-1	1.342685E-1
1.828745E-1	1.312340E-1
1.829929E-1	1.284686E-1
1.830850E-1	1.244709E-1
1.831612E-1	1.201593E-1
1.832733E-1	1.164899E-1
1.833135E-1	1.112483E-1
1.834125E-1	1.051425E-1
1.834887E-1	9.877098E-2
1.835519E-1	9.288327E-2
1.836133E-1	8.644353E-2
1.836952E-1	8.048168E-2
1.837669E-1	7.549804E-2
1.839026E-1	7.017208E-2
1.840902E-1	6.579007E-2
1.841320E-1	6.279400E-2
1.842765E-1	6.143600E-2
1.843094E-1	5.854974E-2
1.843032E-1	5.512739E-2
1.844110E-1	5.194773E-2
1.845116E-1	4.985490E-2
1.846287E-1	4.840633E-2
1.846909E-1	4.738343E-2
1.847843E-1	4.543612E-2
1.848697E-1	4.428845E-2
1.849440E-1	4.305461E-2
1.850629E-1	4.213857E-2
1.851748E-1	4.208775E-2
1.852384E-1	4.150628E-2
1.852494E-1	4.036794E-2
1.853505E-1	4.023676E-2
1.854777E-1	3.964095E-2
1.855450E-1	3.837801E-2
1.856633E-1	3.832263E-2
1.857151E-1	3.728935E-2
1.858321E-1	3.701712E-2
1.859241E-1	3.617767E-2
1.860585E-1	3.569751E-2
1.860555E-1	3.867008E-2
1.860798E-1	3.730578E-2
1.862204E-1	3.602401E-2
1.863456E-1	3.513167E-2
1.864301E-1	3.423809E-2
1.865014E-1	3.446719E-2
1.865842E-1	3.368656E-2
1.866630E-1	3.296506E-2
1.867383E-1	3.348711E-2
1.867831E-1	3.307678E-2
1.869370E-1	3.265821E-2
1.870258E-1	3.316157E-2
1.870432E-1	3.255843E-2
1.871806E-1	3.252626E-2
1.872457E-1	3.139884E-2
1.873715E-1	3.179245E-2
1.874288E-1	3.136716E-2
1.875254E-1	3.056334E-2
1.876328E-1	3.074055E-2
1.876785E-1	3.038762E-2
1.877427E-1	3.037735E-2
1.878096E-1	3.006717E-2
1.879162E-1	3.029867E-2
1.879701E-1	3.301242E-2
1.880105E-1	3.894622E-2
1.882113E-1	3.918589E-2
1.885291E-1	8.319763E-2
1.881914E-1	7.827873E-2
1.883634E-1	5.150722E-2
1.884480E-1	4.095286E-2
1.887644E-1	5.105419E-2
1.888228E-1	6.039474E-2
1.889373E-1	6.343914E-2
1.889195E-1	5.369158E-2
1.891905E-1	5.149423E-2
1.890863E-1	5.151032E-2
1.891102E-1	5.199682E-2
1.889950E-1	4.003602E-2
1.891539E-1	3.427098E-2
1.893088E-1	3.183483E-2
1.892541E-1	3.149570E-2
1.894044E-1	3.127667E-2
1.894794E-1	2.986200E-2
1.895661E-1	3.110977E-2
1.894241E-1	2.848842E-2
1.897085E-1	2.733800E-2
1.898406E-1	2.709035E-2
1.898825E-1	2.649375E-2
1.899956E-1	2.634612E-2
1.900760E-1	2.599788E-2
1.901780E-1	2.615518E-2
1.902508E-1	2.567393E-2
1.902859E-1	2.580987E-2
1.903491E-1	2.595178E-2
1.904914E-1	2.564764E-2
1.906168E-1	2.561268E-2
1.906048E-1	2.543348E-2
1.906891E-1	2.588968E-2
1.907439E-1	2.530138E-2
1.908812E-1	2.553494E-2
1.909987E-1	2.509378E-2
1.910450E-1	2.477689E-2
1.910973E-1	2.486166E-2
1.911870E-1	2.484657E-2
1.912587E-1	2.451108E-2
1.913434E-1	2.474455E-2
1.914875E-1	2.468084E-2
1.915828E-1	2.440977E-2
1.915866E-1	2.775951E-2
1.915979E-1	2.767454E-2
1.916776E-1	2.579738E-2
1.917954E-1	2.533528E-2
1.919307E-1	2.492375E-2
1.920104E-1	2.439207E-2
1.920895E-1	2.388199E-2
1.921443E-1	2.397567E-2
1.922258E-1	2.442951E-2
1.923149E-1	2.475410E-2
1.923617E-1	2.442708E-2
1.924393E-1	2.618143E-2
1.924930E-1	2.659710E-2
1.926081E-1	2.530377E-2
1.927215E-1	2.416080E-2
1.927958E-1	2.438978E-2
1.928219E-1	2.430729E-2
1.928484E-1	2.310510E-2
1.930302E-1	2.315324E-2
1.930596E-1	2.265757E-2
1.932121E-1	2.255056E-2
1.932517E-1	2.268917E-2
1.932785E-1	2.275612E-2
1.933188E-1	2.324840E-2
1.934009E-1	2.261269E-2
1.935684E-1	2.221390E-2
1.936001E-1	2.226193E-2
1.937047E-1	2.204091E-2
1.937350E-1	2.198355E-2
1.938240E-1	2.163182E-2
1.938838E-1	2.123592E-2
1.939590E-1	2.133676E-2
1.940916E-1	2.139827E-2
1.941605E-1	2.123670E-2
1.941925E-1	2.128278E-2
1.942873E-1	2.118001E-2
1.944168E-1	2.070612E-2
1.944917E-1	2.072603E-2
1.944980E-1	2.087011E-2
1.945667E-1	2.115154E-2
1.946977E-1	2.064713E-2
1.948111E-1	2.035875E-2
1.948209E-1	2.044600E-2
1.948433E-1	2.035563E-2
1.947915E-1	2.021446E-2
1.949323E-1	2.036768E-2
1.950926E-1	2.039431E-2
1.951953E-1	2.008137E-2
1.952673E-1	1.990800E-2
1.953904E-1	2.004494E-2
1.953746E-1	1.968560E-2
1.954681E-1	1.964893E-2
1.954951E-1	1.933577E-2
1.956110E-1	1.920811E-2
1.956671E-1	1.917657E-2
1.957437E-1	1.889820E-2
1.958094E-1	1.929988E-2
1.958677E-1	1.889351E-2
1.960343E-1	1.885803E-2
1.961270E-1	1.841881E-2
1.961735E-1	1.817922E-2
1.962509E-1	1.803006E-2
1.963294E-1	1.825525E-2
1.963465E-1	1.747417E-2
1.964126E-1	1.707151E-2
1.965043E-1	1.662182E-2
1.966145E-1	1.649245E-2
1.966585E-1	1.713922E-2
1.968061E-1	1.664910E-2
1.968344E-1	1.676632E-2
1.969443E-1	1.715377E-2
1.970834E-1	1.652617E-2
1.972140E-1	1.626980E-2
1.973224E-1	1.578662E-2
1.974976E-1	1.579307E-2
1.975936E-1	1.546312E-2
1.976842E-1	1.506122E-2
1.978406E-1	1.509205E-2
1.980647E-1	1.522114E-2
1.981135E-1	1.505442E-2
1.982410E-1	1.494360E-2
1.984021E-1	1.486684E-2
1.985414E-1	1.474043E-2
1.986642E-1	1.473629E-2
1.988355E-1	1.493084E-2
1.989469E-1	1.500823E-2
1.990663E-1	1.480992E-2
1.992901E-1	1.476734E-2
1.993678E-1	1.458348E-2
1.995073E-1	1.455624E-2
1.996013E-1	1.491590E-2
1.996671E-1	1.489136E-2
1.999194E-1	1.435305E-2
2.000697E-1	1.417940E-2
2.001985E-1	1.424877E-2
2.003600E-1	1.423359E-2
2.004683E-1	1.405265E-2
2.006511E-1	1.411120E-2
2.007435E-1	1.403449E-2
2.008598E-1	1.380404E-2
2.009865E-1	1.398323E-2
2.012307E-1	1.394773E-2
2.013187E-1	1.379584E-2
2.014175E-1	1.342341E-2
2.015542E-1	1.373318E-2
2.016483E-1	1.380046E-2
2.017106E-1	1.380922E-2
2.019879E-1	1.381425E-2
2.020562E-1	1.361618E-2
2.023045E-1	1.335708E-2
2.023656E-1	1.342595E-2
2.024865E-1	1.359503E-2
2.026385E-1	1.361948E-2
2.027266E-1	1.324150E-2
2.028671E-1	1.329226E-2
2.029644E-1	1.338120E-2
2.031595E-1	1.342115E-2
2.033086E-1	1.338930E-2
2.034334E-1	1.332492E-2
2.035673E-1	1.327812E-2
2.037324E-1	1.341643E-2
2.037923E-1	1.343117E-2
2.039287E-1	1.349661E-2
2.040959E-1	1.346225E-2
2.041603E-1	1.336234E-2
2.042968E-1	1.310883E-2
2.044310E-1	1.307375E-2
2.045637E-1	1.317019E-2
2.047659E-1	1.319966E-2
2.048349E-1	1.324501E-2
2.049760E-1	1.302346E-2
2.051084E-1	1.311223E-2
2.052577E-1	1.302450E-2
2.054115E-1	1.276699E-2
2.055351E-1	1.293018E-2
2.056947E-1	1.308429E-2
2.058472E-1	1.307650E-2
2.058964E-1	1.299722E-2
2.060933E-1	1.307944E-2
2.063298E-1	1.271900E-2
2.063708E-1	1.285395E-2
2.064912E-1	1.303636E-2
2.066581E-1	1.317006E-2
2.068991E-1	1.283729E-2
2.069913E-1	1.286217E-2
2.071487E-1	1.292004E-2
2.073205E-1	1.311415E-2
2.074242E-1	1.320037E-2
2.076262E-1	1.338993E-2
2.077967E-1	1.293921E-2
2.078946E-1	1.282136E-2
2.081006E-1	1.305829E-2
2.082706E-1	1.314356E-2
2.084359E-1	1.310593E-2
2.086391E-1	1.310244E-2
2.086820E-1	1.297719E-2
2.088579E-1	1.285740E-2
2.090884E-1	1.284190E-2
2.092213E-1	1.270876E-2
2.093518E-1	1.296429E-2
2.095744E-1	1.296777E-2
2.097233E-1	1.286590E-2
2.098565E-1	1.274136E-2
2.100260E-1	1.283367E-2
2.101599E-1	1.280246E-2
2.102814E-1	1.280569E-2
2.104730E-1	1.283607E-2
2.106214E-1	1.300808E-2
2.108006E-1	1.296067E-2
2.109977E-1	1.307235E-2
2.110393E-1	1.281788E-2
2.112314E-1	1.274926E-2
2.114066E-1	1.278859E-2
2.115851E-1	1.288929E-2
2.117174E-1	1.283207E-2
2.118532E-1	1.285456E-2
2.120049E-1	1.294795E-2
2.121831E-1	1.272358E-2
2.124489E-1	1.260798E-2
2.125968E-1	1.275423E-2
2.126985E-1	1.246388E-2
2.128123E-1	1.255119E-2
2.130165E-1	1.266381E-2
2.132172E-1	1.260789E-2
2.133748E-1	1.252000E-2
2.134722E-1	1.281225E-2
2.135910E-1	1.265020E-2
2.137828E-1	1.269151E-2
2.139376E-1	1.258571E-2
2.140797E-1	1.286126E-2
2.142270E-1	1.287241E-2
2.143930E-1	1.261393E-2
2.145395E-1	1.285107E-2
2.146982E-1	1.268111E-2
2.148624E-1	1.260884E-2
2.150023E-1	1.277464E-2
2.151443E-1	1.271414E-2
2.153214E-1	1.249724E-2
2.155064E-1	1.275200E-2
2.156531E-1	1.284183E-2
2.157577E-1	1.266087E-2
2.159721E-1	1.269575E-2
2.161283E-1	1.268427E-2
2.162209E-1	1.282858E-2
2.163980E-1	1.259461E-2
2.165462E-1	1.283776E-2
2.166820E-1	1.288535E-2
2.168510E-1	1.269506E-2
2.169907E-1	1.232043E-2
2.172255E-1	1.244305E-2
2.173584E-1	1.248294E-2
2.174512E-1	1.262755E-2
2.176793E-1	1.289366E-2
2.177872E-1	1.269184E-2
2.179873E-1	1.242086E-2
2.180974E-1	1.254296E-2
2.182280E-1	1.276136E-2
2.184747E-1	1.274033E-2
2.185722E-1	1.276375E-2
2.187188E-1	1.270808E-2
2.189584E-1	1.262748E-2
2.190974E-1	1.235119E-2
2.191671E-1	1.269082E-2
2.192843E-1	1.257415E-2
2.196055E-1	1.281156E-2
2.197150E-1	1.305059E-2
2.198123E-1	1.276047E-2
2.199338E-1	1.262790E-2
2.201259E-1	1.261185E-2
2.202584E-1	1.254408E-2
2.204339E-1	1.261138E-2
2.206450E-1	1.277795E-2
2.207666E-1	1.264670E-2
2.209546E-1	1.267077E-2
2.210893E-1	1.279121E-2
2.211805E-1	1.274677E-2
2.213644E-1	1.248390E-2
2.215381E-1	1.242330E-2
2.217992E-1	1.262091E-2
2.219113E-1	1.263025E-2
2.219987E-1	1.268947E-2
2.221156E-1	1.270130E-2
2.222935E-1	1.260034E-2
2.224045E-1	1.244017E-2
2.226209E-1	1.262205E-2
2.227317E-1	1.237316E-2
2.228926E-1	1.260407E-2
2.230359E-1	1.246639E-2
2.231869E-1	1.272508E-2
2.233102E-1	1.275802E-2
2.235756E-1	1.248702E-2
2.236554E-1	1.230174E-2
2.237151E-1	1.248403E-2
2.239238E-1	1.246832E-2
2.240796E-1	1.242206E-2
2.242688E-1	1.244118E-2
2.244007E-1	1.241089E-2
2.245343E-1	1.216540E-2
2.247960E-1	1.255636E-2
2.248395E-1	1.234641E-2
2.249790E-1	1.228533E-2
2.251122E-1	1.245590E-2
2.252120E-1	1.217359E-2
2.254616E-1	1.233329E-2
2.255913E-1	1.235284E-2
2.257174E-1	1.227720E-2
2.259107E-1	1.259156E-2
2.260138E-1	1.255554E-2
2.261383E-1	1.259570E-2
2.263223E-1	1.267741E-2
2.264262E-1	1.238868E-2
2.265738E-1	1.239165E-2
2.267158E-1	1.249190E-2
2.268947E-1	1.230742E-2
2.270449E-1	1.256085E-2
2.272382E-1	1.255445E-2
2.272975E-1	1.227423E-2
2.275294E-1	1.216953E-2
2.276871E-1	1.240867E-2
2.277963E-1	1.238238E-2
2.279754E-1	1.220537E-2
2.280720E-1	1.224725E-2
2.281854E-1	1.244485E-2
2.283226E-1	1.223389E-2
2.285214E-1	1.215365E-2
2.286533E-1	1.228973E-2
2.288427E-1	1.218376E-2
2.289575E-1	1.207795E-2
2.291457E-1	1.225149E-2
2.292968E-1	1.210301E-2
2.293730E-1	1.251714E-2
2.295924E-1	1.251982E-2
2.296665E-1	1.233211E-2
2.298267E-1	1.227536E-2
2.299302E-1	1.239187E-2
2.301256E-1	1.229103E-2
2.302777E-1	1.203663E-2
2.304077E-1	1.237131E-2
2.306163E-1	1.207975E-2
2.306976E-1	1.222592E-2
2.308135E-1	1.201824E-2
2.309794E-1	1.246400E-2
2.311495E-1	1.214159E-2
2.312982E-1	1.213545E-2
2.314491E-1	1.226611E-2
2.315091E-1	1.228242E-2
2.315692E-1	1.217092E-2
2.317876E-1	1.211041E-2
2.320401E-1	1.223464E-2
2.321628E-1	1.215679E-2
2.323592E-1	1.218411E-2
2.325145E-1	1.243745E-2
2.326912E-1	1.206784E-2
2.328598E-1	1.220187E-2
2.329947E-1	1.220818E-2
2.332128E-1	1.185259E-2
2.334230E-1	1.193845E-2
2.335933E-1	1.218538E-2
2.337664E-1	1.249405E-2
2.340672E-1	1.246179E-2
2.341736E-1	1.232119E-2
2.343157E-1	1.238379E-2
2.345039E-1	1.224569E-2
2.346155E-1	1.225676E-2
2.348074E-1	1.224054E-2
2.350322E-1	1.239047E-2
2.352055E-1	1.218406E-2
2.354060E-1	1.209328E-2
2.355767E-1	1.207343E-2
2.357839E-1	1.224275E-2
2.359283E-1	1.226041E-2
2.361739E-1	1.247538E-2
2.363395E-1	1.242465E-2
2.366189E-1	1.220454E-2
2.367303E-1	1.209520E-2
2.368453E-1	1.236868E-2
2.370520E-1	1.219100E-2
2.373970E-1	1.220252E-2
2.375020E-1	1.175981E-2
2.376350E-1	1.130305E-2
2.378494E-1	1.095698E-2
2.379780E-1	1.076120E-2
2.382011E-1	1.060504E-2
2.384432E-1	1.024591E-2
2.385065E-1	9.934432E-3
2.386964E-1	1.030976E-2
2.389107E-1	1.035746E-2
2.390693E-1	1.048425E-2
2.392217E-1	1.032115E-2
2.394181E-1	1.071643E-2
2.395879E-1	1.087778E-2
2.398874E-1	1.120460E-2
2.399778E-1	1.152233E-2
2.401662E-1	1.167406E-2
2.404072E-1	1.138020E-2
2.405643E-1	1.140933E-2
2.407372E-1	1.188362E-2
2.408964E-1	1.147521E-2
2.410930E-1	1.181489E-2
2.412925E-1	1.171319E-2
2.414475E-1	1.179509E-2
2.416410E-1	1.151249E-2
2.418326E-1	1.186582E-2
2.419949E-1	1.178254E-2
2.421858E-1	1.183416E-2
2.423415E-1	1.162882E-2
2.425430E-1	1.160981E-2
2.427784E-1	1.177100E-2
2.429001E-1	1.169856E-2
2.432160E-1	1.170957E-2
2.433300E-1	1.183179E-2
2.435347E-1	1.184317E-2
2.436210E-1	1.206167E-2
2.437977E-1	1.202244E-2
2.440412E-1	1.161958E-2
2.441390E-1	1.176527E-2
2.443713E-1	1.203673E-2
2.445396E-1	1.171722E-2
2.445778E-1	1.157138E-2
2.448376E-1	1.179427E-2
2.450961E-1	1.148529E-2
2.452624E-1	1.158924E-2
2.454611E-1	1.191804E-2
2.456615E-1	1.177194E-2
2.458009E-1	1.161219E-2
2.459818E-1	1.176246E-2
2.461899E-1	1.187072E-2
2.462996E-1	1.143072E-2
2.465157E-1	1.163175E-2
2.467721E-1	1.173165E-2
2.469117E-1	1.167620E-2
2.470850E-1	1.182611E-2
2.472582E-1	1.180392E-2
2.474366E-1	1.178382E-2
2.477402E-1	1.156009E-2
2.477959E-1	1.170578E-2
2.479650E-1	1.155995E-2
2.481155E-1	1.140951E-2
2.483006E-1	1.164542E-2
2.485153E-1	1.148943E-2
2.487131E-1	1.098858E-2
2.488903E-1	1.121493E-2
2.490414E-1	1.128783E-2
2.492378E-1	1.115301E-2
2.495622E-1	1.138204E-2
2.496861E-1	1.165587E-2
2.500104E-1	1.185207E-2
2.503962E-1	1.153805E-2
2.508133E-1	1.191469E-2
2.511658E-1	1.175987E-2
2.515378E-1	1.135068E-2
2.519319E-1	1.174984E-2
2.523593E-1	1.150235E-2
2.528448E-1	1.137654E-2
2.534316E-1	1.129655E-2
2.538878E-1	1.077830E-2
2.540812E-1	1.035884E-2
2.545451E-1	9.946742E-3
2.549478E-1	1.032337E-2
2.553769E-1	1.054260E-2
2.558495E-1	1.030295E-2
2.562695E-1	1.054938E-2
2.567117E-1	1.074008E-2
2.570936E-1	1.073981E-2
2.575627E-1	1.054336E-2
2.580167E-1	1.056661E-2
2.584931E-1	1.081421E-2
2.589253E-1	1.075130E-2
2.593924E-1	1.051158E-2
2.598455E-1	1.074249E-2
2.602937E-1	1.064304E-2
2.607656E-1	1.073791E-2
2.614011E-1	1.074511E-2
2.616506E-1	1.060324E-2
2.620625E-1	1.069017E-2
2.624408E-1	1.057293E-2
2.629942E-1	1.043635E-2
2.634854E-1	1.022885E-2
2.639201E-1	1.035917E-2
2.643606E-1	1.047900E-2
2.647843E-1	1.026155E-2
2.652783E-1	1.057785E-2
2.657464E-1	1.042984E-2
2.662283E-1	9.934773E-3
2.666836E-1	1.009348E-2
2.671836E-1	1.018345E-2
2.675782E-1	9.938868E-3
2.680829E-1	1.009664E-2
2.688293E-1	1.020070E-2
2.690538E-1	1.011284E-2
2.695122E-1	1.024613E-2
2.699709E-1	1.027377E-2
2.704259E-1	1.029166E-2
2.709596E-1	1.028852E-2
2.714456E-1	1.008920E-2
2.719029E-1	9.851385E-3
2.723516E-1	9.389536E-3
2.728593E-1	8.364810E-3
2.733551E-1	6.568005E-3
2.738169E-1	5.043096E-3
2.743250E-1	3.567834E-3
2.747908E-1	2.092625E-3
2.753146E-1	1.264927E-3
2.757617E-1	1.018818E-3
2.764640E-1	6.062360E-4
2.766747E-1	2.724350E-4
2.772842E-1	2.382610E-4
2.776228E-1	2.975930E-4
2.781975E-1	-7.863700E-5
2.786999E-1	4.027530E-4
2.791586E-1	5.935450E-4
2.796536E-1	4.556680E-4
2.801644E-1	3.916760E-4
2.807057E-1	6.003040E-4
2.810882E-1	1.795320E-4
2.815640E-1	9.991100E-5
2.820891E-1	1.082700E-4
2.823053E-1	1.001470E-4
2.825483E-1	-5.157600E-5
2.826798E-1	2.279580E-4
2.828109E-1	1.869860E-4
2.828350E-1	2.098480E-4
2.828906E-1	2.424470E-4
2.828893E-1	2.668050E-4
2.828807E-1	4.332260E-4
2.828721E-1	2.886820E-4
2.827041E-1	2.195200E-4
2.825589E-1	3.620560E-4
2.824072E-1	3.141810E-4
2.822719E-1	2.066190E-4
2.820326E-1	3.382110E-4
2.819038E-1	2.416860E-4
2.816272E-1	2.711220E-4
2.814160E-1	2.227610E-4
2.811437E-1	1.398990E-4
2.809840E-1	6.872900E-5
2.805403E-1	2.412530E-4
2.803515E-1	1.898080E-4
2.800744E-1	1.154880E-4
2.798044E-1	2.810830E-4
2.795073E-1	1.606860E-4
2.791493E-1	1.475500E-4
2.788276E-1	4.253400E-5
2.784802E-1	2.855580E-4
2.781499E-1	5.138580E-4
2.775520E-1	3.165040E-4
2.773580E-1	3.084330E-4
2.770318E-1	3.680410E-4
2.766996E-1	6.277320E-4
2.762565E-1	7.140340E-4
2.757583E-1	1.025275E-3
2.755854E-1	1.423553E-3
2.751575E-1	2.387516E-3
2.748259E-1	3.338603E-3
2.745109E-1	4.319574E-3
2.740691E-1	5.577322E-3
2.736904E-1	7.034447E-3
2.733118E-1	8.539081E-3
2.726758E-1	8.811726E-3
2.724607E-1	9.620264E-3
2.721397E-1	1.001551E-2
2.716717E-1	1.009042E-2
2.713333E-1	1.026457E-2
2.709566E-1	1.033400E-2
2.705455E-1	1.030745E-2
2.698834E-1	9.992623E-3
2.694778E-1	9.960574E-3
2.692864E-1	1.003472E-2
2.689036E-1	1.008374E-2
2.684830E-1	1.031792E-2
2.678339E-1	1.051707E-2
2.676912E-1	1.066617E-2
2.672448E-1	1.014582E-2
2.667092E-1	1.021006E-2
2.662801E-1	1.043868E-2
2.659185E-1	1.036099E-2
2.654940E-1	1.055312E-2
2.650511E-1	1.058475E-2
2.646490E-1	1.052719E-2
2.642493E-1	1.007673E-2
2.638274E-1	1.021910E-2
2.633818E-1	1.038590E-2
2.629713E-1	1.042548E-2
2.624715E-1	1.067529E-2
2.621035E-1	1.058748E-2
2.616668E-1	1.058925E-2
2.611783E-1	1.060763E-2
2.607785E-1	1.063505E-2
2.603799E-1	1.035167E-2
2.599623E-1	1.058917E-2
2.595677E-1	1.083665E-2
2.591360E-1	1.094224E-2
2.586974E-1	1.087501E-2
2.582445E-1	1.104673E-2
2.578131E-1	1.079327E-2
2.573792E-1	1.063950E-2
2.570062E-1	1.094837E-2
2.565910E-1	1.102642E-2
2.561789E-1	1.052022E-2
2.557956E-1	1.040074E-2
2.552717E-1	1.065710E-2
2.549133E-1	1.014437E-2
2.545298E-1	1.068025E-2
2.540750E-1	1.106366E-2
2.536648E-1	1.158265E-2
2.532975E-1	1.173604E-2
2.528827E-1	1.189332E-2
2.524236E-1	1.183175E-2
2.518310E-1	1.202628E-2
2.516726E-1	1.200460E-2
2.510624E-1	1.175890E-2
2.508377E-1	1.163205E-2
2.504818E-1	1.177547E-2
2.499921E-1	1.176468E-2
2.496825E-1	1.151740E-2
2.493539E-1	1.193954E-2
2.489230E-1	1.200373E-2
2.485158E-1	1.155399E-2
2.481444E-1	1.186780E-2
2.476572E-1	1.186589E-2
2.473270E-1	1.166901E-2
2.469398E-1	1.165947E-2
2.465557E-1	1.184526E-2
2.462174E-1	1.167802E-2
2.457915E-1	1.166700E-2
2.454365E-1	1.182738E-2
2.451049E-1	1.179498E-2
2.447187E-1	1.192836E-2
2.442459E-1	1.193769E-2
2.439223E-1	1.194492E-2
2.435610E-1	1.182866E-2
2.431632E-1	1.183544E-2
2.428271E-1	1.182855E-2
2.424151E-1	1.152681E-2
2.420692E-1	1.171506E-2
2.416249E-1	1.198089E-2
2.412128E-1	1.175571E-2
2.409442E-1	1.168237E-2
2.406319E-1	1.182108E-2
2.402004E-1	1.155000E-2
2.398626E-1	1.096719E-2
2.392936E-1	1.085357E-2
2.391303E-1	1.044857E-2
2.388299E-1	1.025531E-2
2.384938E-1	1.056067E-2
2.381020E-1	1.116576E-2
2.377698E-1	1.160950E-2
2.374420E-1	1.167150E-2
2.371493E-1	1.193535E-2
2.367713E-1	1.191019E-2
2.363644E-1	1.230489E-2
2.360344E-1	1.241603E-2
2.356790E-1	1.225944E-2
2.353339E-1	1.247035E-2
2.350095E-1	1.232705E-2
2.346396E-1	1.243378E-2
2.342938E-1	1.242218E-2
2.339882E-1	1.250645E-2
2.335507E-1	1.231402E-2
2.332189E-1	1.247884E-2
2.330049E-1	1.242472E-2
2.324784E-1	1.213912E-2
2.321927E-1	1.234650E-2
2.318519E-1	1.237522E-2
2.316493E-1	1.229493E-2
2.312923E-1	1.227693E-2
2.310338E-1	1.222037E-2
2.306837E-1	1.239708E-2
2.303934E-1	1.234250E-2
2.300160E-1	1.237381E-2
2.297506E-1	1.264363E-2
2.294904E-1	1.258161E-2
2.291748E-1	1.249745E-2
2.288969E-1	1.245879E-2
2.285332E-1	1.243170E-2
2.281842E-1	1.229379E-2
2.278969E-1	1.261272E-2
2.275978E-1	1.241536E-2
2.272455E-1	1.233751E-2
2.269333E-1	1.240809E-2
2.266160E-1	1.243546E-2
2.263292E-1	1.226171E-2
2.260783E-1	1.237712E-2
2.257588E-1	1.268109E-2
2.254744E-1	1.248617E-2
2.251860E-1	1.251476E-2
2.247954E-1	1.269314E-2
2.245273E-1	1.254524E-2
2.242554E-1	1.257462E-2
2.240124E-1	1.249708E-2
2.236885E-1	1.258782E-2
2.232565E-1	1.257342E-2
2.229170E-1	1.254073E-2
2.226632E-1	1.275972E-2
2.224600E-1	1.293438E-2
2.223463E-1	1.331360E-2
2.219669E-1	1.577783E-2
2.216629E-1	1.349361E-2
2.213233E-1	1.242843E-2
2.209734E-1	1.273667E-2
2.208582E-1	1.318283E-2
2.206475E-1	1.298716E-2
2.205880E-1	1.300232E-2
2.205668E-1	1.274091E-2
2.205700E-1	1.356587E-2
2.205547E-1	1.455735E-2
2.205624E-1	1.309299E-2
2.205766E-1	1.297495E-2
2.205871E-1	1.277993E-2
2.206965E-1	1.242401E-2
2.207805E-1	1.237127E-2
2.208788E-1	1.271028E-2
2.210012E-1	1.262615E-2
2.211135E-1	1.252092E-2
2.211530E-1	1.249174E-2
2.212087E-1	1.269882E-2
2.212884E-1	1.233155E-2
2.213630E-1	1.235335E-2
2.214938E-1	1.236887E-2
2.215884E-1	1.239114E-2
2.217101E-1	1.250543E-2
2.217244E-1	1.274506E-2
2.217279E-1	1.277725E-2
2.218420E-1	1.257106E-2
2.219923E-1	1.243809E-2
2.220690E-1	1.253437E-2
2.220069E-1	1.249140E-2
2.221911E-1	1.251012E-2
2.222496E-1	1.268856E-2
2.222630E-1	1.266352E-2
2.223279E-1	1.244301E-2
2.223203E-1	1.252699E-2
2.224241E-1	1.283620E-2
2.224088E-1	1.273785E-2
2.224765E-1	1.274686E-2
2.225201E-1	1.274484E-2
2.225724E-1	1.254552E-2
2.225846E-1	1.244836E-2
2.225781E-1	1.256075E-2
2.226006E-1	1.255429E-2
2.226373E-1	1.266675E-2
2.226618E-1	1.262887E-2
2.226970E-1	1.281454E-2
2.227605E-1	1.267430E-2
2.227620E-1	1.247294E-2
2.228083E-1	1.246837E-2
2.228058E-1	1.259831E-2
2.228130E-1	1.263020E-2
2.228571E-1	1.252981E-2
2.229043E-1	1.263142E-2
2.228899E-1	1.253475E-2
2.229818E-1	1.273459E-2
2.229969E-1	1.265637E-2
2.230132E-1	1.264830E-2
2.230595E-1	1.259532E-2
2.231000E-1	1.262740E-2
2.231191E-1	1.246493E-2
2.231589E-1	1.264225E-2
2.231238E-1	1.253151E-2
2.231596E-1	1.240724E-2
2.231775E-1	1.273856E-2
2.232157E-1	1.266275E-2
2.232421E-1	1.245238E-2
2.232598E-1	1.274928E-2
2.233109E-1	1.283725E-2
2.233342E-1	1.253384E-2
2.233564E-1	1.243270E-2
2.233898E-1	1.224645E-2
2.234138E-1	1.217692E-2
2.234646E-1	1.243116E-2
2.234948E-1	1.262936E-2
2.233833E-1	1.257635E-2
2.233858E-1	1.225039E-2
2.234492E-1	1.240304E-2
2.233946E-1	1.266754E-2
2.232885E-1	1.267548E-2
2.233512E-1	1.225911E-2
2.232894E-1	1.235873E-2
2.233085E-1	1.252286E-2
2.232397E-1	1.253411E-2
2.231957E-1	1.234686E-2
2.231803E-1	1.243233E-2
2.231096E-1	1.259074E-2
2.230209E-1	1.243315E-2
2.230213E-1	1.263593E-2
2.229439E-1	1.252644E-2
2.228985E-1	1.257684E-2
2.228318E-1	1.245644E-2
2.228677E-1	1.272199E-2
2.227838E-1	1.251008E-2
2.227872E-1	1.281923E-2
2.226880E-1	1.257522E-2
2.226420E-1	1.250023E-2
2.225481E-1	1.251142E-2
2.225505E-1	1.231281E-2
2.225675E-1	1.271431E-2
2.225165E-1	1.252736E-2
2.225251E-1	1.254972E-2
2.224081E-1	1.254623E-2
2.223658E-1	1.281866E-2
2.223239E-1	1.286489E-2
2.222306E-1	1.261998E-2
2.221947E-1	1.268193E-2
2.221855E-1	1.283245E-2
2.221358E-1	1.288088E-2
2.221726E-1	1.260504E-2
2.221242E-1	1.266660E-2
2.220023E-1	1.283622E-2
2.219705E-1	1.279039E-2
2.219735E-1	1.254509E-2
2.218638E-1	1.268679E-2
2.217925E-1	1.264913E-2
2.218037E-1	1.276557E-2
2.217396E-1	1.279909E-2
2.217177E-1	1.278585E-2
2.216803E-1	1.264109E-2
2.216108E-1	1.260672E-2
2.215580E-1	1.242170E-2
2.214704E-1	1.247468E-2
2.214804E-1	1.238738E-2
2.213827E-1	1.270422E-2
2.212621E-1	1.244397E-2
2.212058E-1	1.220633E-2
2.210800E-1	1.266423E-2
2.209660E-1	1.295458E-2
2.208124E-1	1.271073E-2
2.206702E-1	1.251296E-2
2.204726E-1	1.270355E-2
2.203518E-1	1.258247E-2
2.201540E-1	1.253774E-2
2.199341E-1	1.268586E-2
2.197569E-1	1.280229E-2
2.195327E-1	1.258289E-2
2.194187E-1	1.285149E-2
2.192737E-1	1.261443E-2
2.191200E-1	1.245548E-2
2.189714E-1	1.248487E-2
2.188411E-1	1.289149E-2
2.185601E-1	1.264895E-2
2.183674E-1	1.227833E-2
2.181726E-1	1.249420E-2
2.180435E-1	1.259792E-2
2.178934E-1	1.274536E-2
2.176046E-1	1.274081E-2
2.175215E-1	1.254369E-2
2.173736E-1	1.248985E-2
2.172499E-1	1.275843E-2
2.170017E-1	1.279400E-2
2.168684E-1	1.269603E-2
2.166778E-1	1.246809E-2
2.165292E-1	1.250157E-2
2.163472E-1	1.271061E-2
2.162566E-1	1.253643E-2
2.160089E-1	1.265990E-2
2.158297E-1	1.286351E-2
2.156484E-1	1.271415E-2
2.154727E-1	1.269123E-2
2.153297E-1	1.267955E-2
2.151745E-1	1.272158E-2
2.150703E-1	1.276117E-2
2.148328E-1	1.291287E-2
2.146535E-1	1.292554E-2
2.145435E-1	1.293691E-2
2.143730E-1	1.321378E-2
2.141269E-1	1.292957E-2
2.140352E-1	1.260792E-2
2.138087E-1	1.273403E-2
2.136631E-1	1.262739E-2
2.135157E-1	1.241196E-2
2.133403E-1	1.256016E-2
2.131855E-1	1.272036E-2
2.130274E-1	1.277196E-2
2.128512E-1	1.288114E-2
2.127070E-1	1.302546E-2
2.125963E-1	1.287923E-2
2.124095E-1	1.257722E-2
2.122557E-1	1.279485E-2
2.121233E-1	1.293598E-2
2.118990E-1	1.290912E-2
2.118085E-1	1.247691E-2
2.116044E-1	1.289880E-2
2.114568E-1	1.294138E-2
2.112783E-1	1.280264E-2
2.111312E-1	1.289199E-2
2.109901E-1	1.300205E-2
2.108175E-1	1.302555E-2
2.106599E-1	1.279171E-2
2.105202E-1	1.286341E-2
2.103357E-1	1.288141E-2
2.102797E-1	1.282191E-2
2.101138E-1	1.282338E-2
2.098311E-1	1.299857E-2
2.097102E-1	1.269124E-2
2.096047E-1	1.264643E-2
2.094680E-1	1.292118E-2
2.093058E-1	1.290690E-2
2.091174E-1	1.302701E-2
2.090002E-1	1.290500E-2
2.088728E-1	1.311705E-2
2.087161E-1	1.302617E-2
2.085229E-1	1.302798E-2
2.083695E-1	1.275264E-2
2.082106E-1	1.264445E-2
2.080468E-1	1.305820E-2
2.078598E-1	1.302005E-2
2.077775E-1	1.302285E-2
2.076929E-1	1.308463E-2
2.074780E-1	1.302647E-2
2.073664E-1	1.297831E-2
2.072514E-1	1.318871E-2
2.071095E-1	1.329829E-2
2.069566E-1	1.340775E-2
2.067594E-1	1.313469E-2
2.065890E-1	1.308410E-2
2.063722E-1	1.296790E-2
2.062256E-1	1.304196E-2
2.060130E-1	1.303987E-2
2.058252E-1	1.315109E-2
2.056439E-1	1.295714E-2
2.054121E-1	1.325452E-2
2.052777E-1	1.323540E-2
2.050738E-1	1.320247E-2
2.049026E-1	1.327846E-2
2.046620E-1	1.344971E-2
2.045187E-1	1.338866E-2
2.043164E-1	1.317034E-2
2.040009E-1	1.313973E-2
2.039664E-1	1.312856E-2
2.037537E-1	1.300483E-2
2.035281E-1	1.333678E-2
2.033511E-1	1.328394E-2
2.031553E-1	1.322091E-2
2.030159E-1	1.342846E-2
2.027925E-1	1.328360E-2
2.026308E-1	1.338454E-2
2.024132E-1	1.345016E-2
2.021759E-1	1.336732E-2
2.020233E-1	1.363292E-2
2.017991E-1	1.367951E-2
2.016677E-1	1.366486E-2
2.014617E-1	1.351081E-2
2.012746E-1	1.376682E-2
2.011069E-1	1.404145E-2
2.009561E-1	1.392594E-2
2.007537E-1	1.421646E-2
2.004493E-1	1.435952E-2
2.003611E-1	1.420866E-2
2.002163E-1	1.460683E-2
2.000167E-1	1.477871E-2
1.998523E-1	1.448634E-2
1.996609E-1	1.479073E-2
1.994597E-1	1.486963E-2
1.993024E-1	1.483397E-2
1.991334E-1	1.483026E-2
1.989253E-1	1.497808E-2
1.988057E-1	1.505179E-2
1.986658E-1	1.495125E-2
1.984212E-1	1.511017E-2
1.982596E-1	1.543655E-2
1.980505E-1	1.496904E-2
1.978093E-1	1.517710E-2
1.977325E-1	1.574544E-2
1.975831E-1	1.579622E-2
1.973154E-1	1.603355E-2
1.972436E-1	1.549198E-2
1.970575E-1	1.537370E-2
1.968471E-1	1.539336E-2
1.967157E-1	1.624178E-2
1.965381E-1	1.748505E-2
1.963639E-1	1.802974E-2
1.962492E-1	1.869234E-2
1.960117E-1	1.921708E-2
1.958696E-1	1.931214E-2
1.957395E-1	1.918108E-2
1.956700E-1	1.985800E-2
1.953543E-1	2.013045E-2
1.952576E-1	2.009330E-2
1.951614E-1	2.027737E-2
1.950096E-1	2.079122E-2
1.948211E-1	2.057423E-2
1.946885E-1	2.115298E-2
1.945402E-1	2.165910E-2
1.944254E-1	2.119632E-2
1.942552E-1	2.157232E-2
1.940659E-1	2.243902E-2
1.938285E-1	2.212358E-2
1.938365E-1	2.281268E-2
1.936526E-1	2.279881E-2
1.933949E-1	2.344619E-2
1.932824E-1	2.285751E-2
1.931918E-1	2.302467E-2
1.930144E-1	2.331662E-2
1.928601E-1	2.322293E-2
1.927346E-1	2.341040E-2
1.925371E-1	2.349006E-2
1.924936E-1	2.327437E-2
1.922838E-1	2.381176E-2
1.921445E-1	2.407375E-2
1.920176E-1	2.398817E-2
1.918922E-1	2.453047E-2
1.917286E-1	2.503216E-2
1.915706E-1	2.522608E-2
1.915070E-1	2.478198E-2
1.912708E-1	2.533427E-2
1.911889E-1	2.518227E-2
1.910673E-1	2.509857E-2
1.909410E-1	2.533356E-2
1.907940E-1	2.551535E-2
1.906497E-1	2.544305E-2
1.904442E-1	2.579150E-2
1.903476E-1	2.628583E-2
1.902213E-1	2.669714E-2
1.900685E-1	2.631573E-2
1.900103E-1	2.706619E-2
1.898349E-1	2.719404E-2
1.896383E-1	2.686062E-2
1.895175E-1	2.761798E-2
1.893480E-1	2.805611E-2
1.890778E-1	2.804376E-2
1.890569E-1	2.834419E-2
1.890081E-1	2.875953E-2
1.888444E-1	2.932957E-2
1.887417E-1	2.987989E-2
1.886101E-1	2.983114E-2
1.884548E-1	2.969070E-2
1.883119E-1	2.987227E-2
1.881514E-1	3.028359E-2
1.880490E-1	3.029746E-2
1.878465E-1	3.069592E-2
1.877546E-1	3.043585E-2
1.875951E-1	3.121804E-2
1.874707E-1	3.127762E-2
1.873850E-1	3.176989E-2
1.872660E-1	3.259783E-2
1.871148E-1	3.207586E-2
1.869321E-1	3.259477E-2
1.868156E-1	3.346201E-2
1.867391E-1	3.380075E-2
1.866382E-1	3.393193E-2
1.864871E-1	3.437906E-2
1.863541E-1	3.512280E-2
1.862041E-1	3.588437E-2
1.861266E-1	3.622020E-2
1.859357E-1	3.691965E-2
1.857894E-1	3.771587E-2
1.856794E-1	3.815907E-2
1.856202E-1	3.871505E-2
1.854533E-1	3.969570E-2
1.852988E-1	4.055949E-2
1.851895E-1	4.116171E-2
1.851111E-1	4.289996E-2
1.849650E-1	4.480104E-2
1.848007E-1	4.688234E-2
1.847039E-1	4.853285E-2
1.845561E-1	5.148969E-2
1.844059E-1	5.277742E-2
1.843348E-1	5.906957E-2
1.842257E-1	6.340364E-2
1.841000E-1	6.813998E-2
1.839447E-1	7.169879E-2
1.838665E-1	8.231166E-2
1.836998E-1	9.132211E-2
1.835507E-1	9.912372E-2
1.834679E-1	1.065167E-1
1.833552E-1	1.137806E-1
1.831756E-1	1.208966E-1
1.830522E-1	1.266741E-1
1.829822E-1	1.310018E-1
1.828683E-1	1.347052E-1
1.827247E-1	1.382320E-1
1.825885E-1	1.408034E-1
1.825514E-1	1.433668E-1
1.824402E-1	1.454494E-1
1.823441E-1	1.472523E-1
1.821354E-1	1.494200E-1
1.820099E-1	1.513123E-1
1.819407E-1	1.527997E-1
1.818828E-1	1.542744E-1
1.816926E-1	1.555064E-1
1.815625E-1	1.564074E-1
1.814883E-1	1.576555E-1
1.814006E-1	1.586991E-1
1.812805E-1	1.597864E-1
1.811127E-1	1.610204E-1
1.809885E-1	1.616883E-1
1.808736E-1	1.624993E-1
1.807828E-1	1.633025E-1
1.806666E-1	1.643131E-1
1.805334E-1	1.649512E-1
1.803665E-1	1.657472E-1
1.802815E-1	1.664565E-1
1.801863E-1	1.668444E-1
1.800327E-1	1.669523E-1
1.799909E-1	1.681101E-1
1.797988E-1	1.685566E-1
1.797159E-1	1.692270E-1
1.796282E-1	1.695743E-1
1.795704E-1	1.699830E-1
1.794334E-1	1.706915E-1
1.793562E-1	1.710692E-1
1.791949E-1	1.713366E-1
1.791439E-1	1.718753E-1
1.789732E-1	1.720674E-1
1.789131E-1	1.728048E-1
1.787901E-1	1.731096E-1
1.786712E-1	1.734591E-1
1.785867E-1	1.739931E-1
1.784489E-1	1.743925E-1
1.783056E-1	1.746032E-1
1.781553E-1	1.749729E-1
1.781048E-1	1.750339E-1
1.780075E-1	1.752289E-1
1.779102E-1	1.757096E-1
1.778545E-1	1.758675E-1
1.778049E-1	1.759358E-1
1.776482E-1	1.761041E-1
1.774796E-1	1.767332E-1
1.773366E-1	1.770411E-1
1.772140E-1	1.772200E-1
1.771415E-1	1.778889E-1
1.771406E-1	1.780083E-1
1.770344E-1	1.779455E-1
1.768998E-1	1.781939E-1
1.767322E-1	1.786919E-1
1.766519E-1	1.786736E-1
1.765576E-1	1.791760E-1
1.764499E-1	1.792717E-1
1.764383E-1	1.793054E-1
1.763397E-1	1.794195E-1
1.762016E-1	1.797748E-1
1.760773E-1	1.799678E-1
1.759967E-1	1.801051E-1
1.758769E-1	1.803046E-1
1.757288E-1	1.807349E-1
1.756445E-1	1.808467E-1
1.755798E-1	1.810673E-1
1.755019E-1	1.813241E-1
1.753859E-1	1.811522E-1
1.752498E-1	1.815342E-1
1.751254E-1	1.818005E-1
1.749796E-1	1.816354E-1
1.749232E-1	1.820220E-1
1.747274E-1	1.818550E-1
1.747520E-1	1.823171E-1
1.746305E-1	1.823265E-1
1.745802E-1	1.826609E-1
1.744808E-1	1.827935E-1
1.744025E-1	1.830038E-1
1.743013E-1	1.831350E-1
1.741440E-1	1.831918E-1
1.740651E-1	1.834207E-1
1.739850E-1	1.833714E-1
1.738915E-1	1.835653E-1
1.738006E-1	1.838317E-1
1.736825E-1	1.838947E-1
1.736485E-1	1.837934E-1
1.735055E-1	1.838905E-1
1.734423E-1	1.843950E-1
1.733424E-1	1.842838E-1
1.732843E-1	1.844407E-1
1.731595E-1	1.848524E-1
1.730099E-1	1.847689E-1
1.730138E-1	1.847307E-1
1.728456E-1	1.850757E-1
1.727451E-1	1.850365E-1
1.726539E-1	1.850331E-1
1.725785E-1	1.853394E-1
1.724881E-1	1.857218E-1
1.723596E-1	1.857551E-1
1.722978E-1	1.853987E-1
1.721614E-1	1.852822E-1
1.720834E-1	1.857963E-1
1.719518E-1	1.858669E-1
1.719461E-1	1.861181E-1
1.717887E-1	1.860659E-1
1.717549E-1	1.865024E-1
1.716075E-1	1.864171E-1
1.714607E-1	1.868233E-1
1.713229E-1	1.868872E-1
1.712367E-1	1.870592E-1
1.710895E-1	1.869102E-1
1.709856E-1	1.867902E-1
1.708584E-1	1.870146E-1
1.707494E-1	1.870533E-1
1.706844E-1	1.874951E-1
1.705259E-1	1.874525E-1
1.704372E-1	1.874869E-1
1.703332E-1	1.877944E-1
1.702136E-1	1.879154E-1
1.700480E-1	1.880331E-1
1.698936E-1	1.879268E-1
1.697778E-1	1.882718E-1
1.695854E-1	1.882420E-1
1.695469E-1	1.881987E-1
1.694443E-1	1.882792E-1
1.693640E-1	1.883734E-1
1.692569E-1	1.888688E-1
1.691837E-1	1.888758E-1
1.690594E-1	1.886262E-1
1.688839E-1	1.887166E-1
1.687715E-1	1.890486E-1
1.686928E-1	1.889860E-1
1.685854E-1	1.893322E-1
1.684836E-1	1.895075E-1
1.683677E-1	1.889705E-1
1.682464E-1	1.892729E-1
1.681674E-1	1.892602E-1
1.680043E-1	1.897370E-1
1.679142E-1	1.896636E-1
1.678105E-1	1.896576E-1
1.677189E-1	1.895469E-1
1.676321E-1	1.899511E-1
1.674827E-1	1.898674E-1
1.673446E-1	1.901396E-1
1.672380E-1	1.902055E-1
1.671009E-1	1.903656E-1
1.670345E-1	1.903310E-1
1.668705E-1	1.904963E-1
1.668172E-1	1.905885E-1
1.666839E-1	1.907101E-1
1.666441E-1	1.906894E-1
1.665533E-1	1.906787E-1
1.664100E-1	1.909863E-1
1.662498E-1	1.907499E-1
1.661014E-1	1.909033E-1
1.660518E-1	1.909436E-1
1.659784E-1	1.910288E-1
1.658369E-1	1.909936E-1
1.656868E-1	1.911490E-1
1.656428E-1	1.910743E-1
1.655031E-1	1.911150E-1
1.654561E-1	1.914999E-1
1.653333E-1	1.917816E-1
1.652500E-1	1.916344E-1
1.651187E-1	1.916143E-1
1.650693E-1	1.917737E-1
1.649577E-1	1.915009E-1
1.648674E-1	1.916905E-1
1.647447E-1	1.918343E-1
1.645804E-1	1.918567E-1
1.644772E-1	1.922557E-1
1.644022E-1	1.921010E-1
1.643272E-1	1.921138E-1
1.641521E-1	1.920514E-1
1.641579E-1	1.921408E-1
1.640027E-1	1.923345E-1
1.639246E-1	1.925252E-1
1.638860E-1	1.925496E-1
1.637457E-1	1.927298E-1
1.636652E-1	1.925113E-1
1.634477E-1	1.925549E-1
1.633710E-1	1.925322E-1
1.633280E-1	1.927865E-1
1.631894E-1	1.926923E-1
1.631725E-1	1.926682E-1
1.630481E-1	1.927320E-1
1.628887E-1	1.930159E-1
1.628201E-1	1.927125E-1
1.627351E-1	1.930203E-1
1.626496E-1	1.929979E-1
1.625482E-1	1.931941E-1
1.624467E-1	1.932847E-1
1.623787E-1	1.936193E-1
1.622811E-1	1.934550E-1
1.621718E-1	1.930758E-1
1.621426E-1	1.934169E-1
1.619812E-1	1.935002E-1
1.619014E-1	1.933856E-1
1.617857E-1	1.936060E-1
1.616988E-1	1.936875E-1
1.615917E-1	1.938172E-1
1.614950E-1	1.933855E-1
1.614211E-1	1.934020E-1
1.612803E-1	1.935584E-1
1.612035E-1	1.936996E-1
1.610925E-1	1.937314E-1
1.610243E-1	1.938752E-1
1.609517E-1	1.938828E-1
1.608749E-1	1.942451E-1
1.607211E-1	1.941186E-1
1.606828E-1	1.940961E-1
1.605715E-1	1.940874E-1
1.604516E-1	2.043740E-1
1.598234E-1	2.105815E-1
1.592017E-1	2.123723E-1
1.593661E-1	2.146027E-1
1.593993E-1	2.151360E-1
1.594270E-1	2.071265E-1
1.597643E-1	1.985057E-1
1.598354E-1	1.958341E-1
1.597931E-1	1.949977E-1
1.596607E-1	1.945422E-1
1.596059E-1	1.946784E-1
1.594807E-1	1.948889E-1
1.593632E-1	1.946705E-1
1.593095E-1	1.945853E-1
1.592079E-1	1.946879E-1
1.591456E-1	1.947077E-1
1.590362E-1	1.945899E-1
1.589591E-1	1.946006E-1
1.588752E-1	1.949248E-1
1.587499E-1	1.948844E-1
1.587021E-1	1.949711E-1
1.586414E-1	1.950544E-1
1.585334E-1	1.949072E-1
1.583606E-1	1.949722E-1
1.582438E-1	1.952329E-1
1.580667E-1	1.954087E-1
1.578951E-1	1.953026E-1
1.576840E-1	1.954323E-1
1.575443E-1	1.956727E-1
1.573436E-1	1.955065E-1
1.571922E-1	1.956550E-1
1.570253E-1	1.958614E-1
1.568578E-1	1.958720E-1
1.566201E-1	1.958356E-1
1.564335E-1	1.961181E-1
1.562551E-1	1.960011E-1
1.561300E-1	1.959974E-1
1.559145E-1	1.965523E-1
1.557645E-1	1.963742E-1
1.555457E-1	1.964333E-1
1.553925E-1	1.964962E-1
1.552141E-1	1.967582E-1
1.550623E-1	1.967155E-1
1.548545E-1	1.965667E-1
1.547485E-1	1.967195E-1
1.545699E-1	1.968844E-1
1.543267E-1	1.972662E-1
1.541877E-1	1.969770E-1
1.539960E-1	1.967025E-1
1.537363E-1	1.967476E-1
1.536885E-1	1.970299E-1
1.535694E-1	1.971314E-1
1.534209E-1	1.971292E-1
1.532213E-1	1.973729E-1
1.530090E-1	1.974406E-1
1.528188E-1	1.973834E-1
1.526600E-1	1.974951E-1
1.525097E-1	1.978026E-1
1.523920E-1	1.973589E-1
1.523582E-1	1.972791E-1
1.521169E-1	1.975503E-1
1.519138E-1	1.977658E-1
1.517914E-1	1.977666E-1
1.516121E-1	1.976454E-1
1.514221E-1	1.980410E-1
1.513107E-1	1.980513E-1
1.511652E-1	1.981321E-1
1.510129E-1	1.982338E-1
1.508420E-1	1.980283E-1
1.506709E-1	1.983226E-1
1.505035E-1	1.982151E-1
1.503762E-1	1.981317E-1
1.501869E-1	1.982563E-1
1.500441E-1	1.985511E-1
1.499321E-1	1.984956E-1
1.497252E-1	1.984595E-1
1.496023E-1	1.985285E-1
1.493875E-1	1.983408E-1
1.492899E-1	1.984908E-1
1.491028E-1	1.986500E-1
1.489358E-1	1.987953E-1
1.488591E-1	1.989067E-1
1.487289E-1	1.988617E-1
1.485741E-1	1.988369E-1
1.484299E-1	1.988867E-1
1.482580E-1	1.988394E-1
1.480867E-1	1.989708E-1
1.479056E-1	1.991210E-1
1.478047E-1	1.991232E-1
1.476616E-1	1.993230E-1
1.474437E-1	1.990367E-1
1.473861E-1	1.989614E-1
1.471859E-1	1.992703E-1
1.470320E-1	1.990781E-1
1.469278E-1	1.992945E-1
1.467219E-1	1.994165E-1
1.465708E-1	1.994605E-1
1.464729E-1	1.995952E-1
1.463185E-1	1.995161E-1
1.462233E-1	1.996021E-1
1.460743E-1	1.996549E-1
1.459576E-1	1.995682E-1
1.457990E-1	1.997764E-1
1.455896E-1	1.993667E-1
1.454891E-1	1.996619E-1
1.453898E-1	1.999705E-1
1.452339E-1	2.001277E-1
1.451461E-1	1.999989E-1
1.450769E-1	2.002251E-1
1.449014E-1	1.997569E-1
1.447208E-1	1.998052E-1
1.445477E-1	2.000477E-1
1.444167E-1	2.003876E-1
1.442812E-1	2.004080E-1
1.441764E-1	2.005549E-1
1.440233E-1	2.005757E-1
1.438214E-1	2.003647E-1
1.437947E-1	2.003242E-1
1.436396E-1	2.005308E-1
1.434549E-1	2.005507E-1
1.433255E-1	2.003782E-1
1.432373E-1	2.004512E-1
1.431325E-1	2.004784E-1
1.430060E-1	2.005271E-1
1.428289E-1	2.006097E-1
1.426339E-1	2.005595E-1
1.425914E-1	2.008565E-1
1.424514E-1	2.008375E-1
1.422957E-1	2.008099E-1
1.420949E-1	2.008892E-1
1.418061E-1	2.011085E-1
1.416636E-1	2.011161E-1
1.414535E-1	2.013329E-1
1.411074E-1	2.013547E-1
1.409349E-1	2.015710E-1
1.405621E-1	2.014488E-1
1.402026E-1	2.015417E-1
1.399526E-1	2.016421E-1
1.396483E-1	2.017747E-1
1.394115E-1	2.019075E-1
1.390734E-1	2.019639E-1
1.387739E-1	2.017586E-1
1.384771E-1	2.017106E-1
1.382002E-1	2.019558E-1
1.379077E-1	2.020396E-1
1.375583E-1	2.025779E-1
1.372796E-1	2.022380E-1
1.370091E-1	2.023277E-1
1.367567E-1	2.027750E-1
1.365418E-1	2.025094E-1
1.360918E-1	2.023348E-1
1.359114E-1	2.027291E-1
1.356544E-1	2.029315E-1
1.353920E-1	2.027552E-1
1.350998E-1	2.030978E-1
1.348416E-1	2.030121E-1
1.346414E-1	2.031058E-1
1.343120E-1	2.030906E-1
1.340378E-1	2.032839E-1
1.338475E-1	2.030493E-1
1.335405E-1	2.031468E-1
1.332204E-1	2.036388E-1
1.330071E-1	2.036125E-1
1.327005E-1	2.036943E-1
1.324740E-1	2.036956E-1
1.321180E-1	2.033972E-1
1.319809E-1	2.035778E-1
1.317504E-1	2.038741E-1
1.314721E-1	2.039287E-1
1.312132E-1	2.035885E-1
1.309871E-1	2.036507E-1
1.307374E-1	2.037396E-1
1.305009E-1	2.039736E-1
1.301199E-1	2.041375E-1
1.298637E-1	2.040667E-1
1.297803E-1	2.039109E-1
1.294983E-1	2.041216E-1
1.292449E-1	2.042263E-1
1.289841E-1	2.040625E-1
1.287578E-1	2.042836E-1
1.285157E-1	2.043753E-1
1.283145E-1	2.043694E-1
1.280666E-1	2.044245E-1
1.279254E-1	2.045833E-1
1.276246E-1	2.045022E-1
1.273878E-1	2.047307E-1
1.271836E-1	2.048333E-1
1.269475E-1	2.048191E-1
1.267460E-1	2.049699E-1
1.265103E-1	2.052776E-1
1.261636E-1	2.048784E-1
1.260719E-1	2.051914E-1
1.258489E-1	2.053331E-1
1.255712E-1	2.052347E-1
1.253768E-1	2.049971E-1
1.251722E-1	2.050373E-1
1.249825E-1	2.052500E-1
1.247634E-1	2.050941E-1
1.245983E-1	2.053339E-1
1.242007E-1	2.052268E-1
1.240511E-1	2.054901E-1
1.238893E-1	2.056643E-1
1.236375E-1	2.057387E-1
1.234540E-1	2.055224E-1
1.232811E-1	2.057030E-1
1.230137E-1	2.058940E-1
1.227312E-1	2.057776E-1
1.226238E-1	2.058690E-1
1.224186E-1	2.060179E-1
1.221919E-1	2.058560E-1
1.220408E-1	2.061667E-1
1.218553E-1	2.061390E-1
1.216462E-1	2.060638E-1
1.213945E-1	2.061563E-1
1.211429E-1	2.062274E-1
1.209906E-1	2.061575E-1
1.208170E-1	2.063116E-1
1.206163E-1	2.063295E-1
1.204079E-1	2.064136E-1
1.202139E-1	2.063151E-1
1.200117E-1	2.063501E-1
1.198108E-1	2.061600E-1
1.197487E-1	2.063016E-1
1.195529E-1	2.063185E-1
1.192765E-1	2.063145E-1
1.190585E-1	2.066307E-1
1.189117E-1	2.067793E-1
1.187682E-1	2.064594E-1
1.185746E-1	2.067980E-1
1.183690E-1	2.067944E-1
1.181100E-1	2.069257E-1
1.179252E-1	2.070608E-1
1.177390E-1	2.069910E-1
1.175449E-1	2.071465E-1
1.174130E-1	2.070214E-1
1.172628E-1	2.071747E-1
1.170917E-1	2.070972E-1
1.168654E-1	2.072549E-1
1.166005E-1	2.069581E-1
1.165354E-1	2.071546E-1
1.164123E-1	2.070981E-1
1.161562E-1	2.072715E-1
1.158860E-1	2.076733E-1
1.157940E-1	2.075390E-1
1.156533E-1	2.071437E-1
1.155056E-1	2.072932E-1
1.152594E-1	2.072355E-1
1.150816E-1	2.075141E-1
1.149079E-1	2.074337E-1
1.147426E-1	2.075999E-1
1.146785E-1	2.077695E-1
1.144362E-1	2.076076E-1
1.142312E-1	2.076670E-1
1.140497E-1	2.079105E-1
1.140043E-1	2.075619E-1
1.137739E-1	2.075226E-1
1.134958E-1	2.076276E-1
1.134854E-1	2.078216E-1
1.133587E-1	2.078989E-1
1.131199E-1	2.080146E-1
1.129383E-1	2.080899E-1
1.127111E-1	2.080617E-1
1.127003E-1	2.080183E-1
1.125165E-1	2.081680E-1
1.122876E-1	2.078542E-1
1.120691E-1	2.079107E-1
1.119982E-1	2.081755E-1
1.118756E-1	2.081293E-1
1.116828E-1	2.082360E-1
1.114968E-1	2.082351E-1
1.113314E-1	2.082669E-1
1.110866E-1	2.082006E-1
1.110195E-1	2.085846E-1
1.107790E-1	2.085975E-1
1.107086E-1	2.084166E-1
1.105401E-1	2.085987E-1
1.103620E-1	2.082881E-1
1.102452E-1	2.083220E-1
1.100828E-1	2.083688E-1
1.099007E-1	2.085148E-1
1.097362E-1	2.086187E-1
1.095760E-1	2.083252E-1
1.094939E-1	2.084623E-1
1.093334E-1	2.088587E-1
1.091224E-1	2.086625E-1
1.090316E-1	2.085867E-1
1.088581E-1	2.086838E-1
1.086915E-1	2.087109E-1
1.085398E-1	2.087443E-1
1.084085E-1	2.093008E-1
1.081980E-1	2.090985E-1
1.081318E-1	2.088071E-1
1.080101E-1	2.089593E-1
1.077466E-1	2.087129E-1
1.075981E-1	2.090268E-1
1.075617E-1	2.091975E-1
1.073617E-1	2.090891E-1
1.071735E-1	2.091823E-1
1.070507E-1	2.090560E-1
1.069747E-1	2.091750E-1
1.068396E-1	2.093657E-1
1.065718E-1	2.093212E-1
1.065100E-1	2.088971E-1
1.064564E-1	2.090648E-1
1.062874E-1	2.091119E-1
1.061174E-1	2.093842E-1
1.060359E-1	2.090881E-1
1.058370E-1	2.092852E-1
1.056648E-1	2.094110E-1
1.055800E-1	2.093847E-1
1.054248E-1	2.095194E-1
1.052477E-1	2.097831E-1
1.050627E-1	2.094740E-1
1.049695E-1	2.095870E-1
1.048433E-1	2.093742E-1
1.047495E-1	2.094949E-1
1.046172E-1	2.097087E-1
1.045010E-1	2.098289E-1
1.043727E-1	2.094368E-1
1.041606E-1	2.096115E-1
1.041370E-1	2.096747E-1
1.038969E-1	2.094186E-1
1.037638E-1	2.096272E-1
1.036984E-1	2.097980E-1
1.036046E-1	2.095804E-1
1.033586E-1	2.097404E-1
1.032980E-1	2.099373E-1
1.031897E-1	2.095245E-1
1.030747E-1	2.096232E-1
1.029430E-1	2.096490E-1
1.028027E-1	2.099620E-1
1.026603E-1	2.099351E-1
1.025891E-1	2.098482E-1
1.024488E-1	2.100457E-1
1.022925E-1	2.098190E-1
1.021064E-1	2.101174E-1
1.020375E-1	2.099795E-1
1.019157E-1	2.099469E-1
1.017644E-1	2.103985E-1
1.017577E-1	2.100776E-1
1.015347E-1	2.102178E-1
1.014867E-1	2.103710E-1
1.013870E-1	2.101761E-1
1.011958E-1	2.103396E-1
1.010896E-1	2.104469E-1
1.008550E-1	2.101060E-1
1.008064E-1	2.101647E-1
1.006715E-1	2.104599E-1
1.006006E-1	2.102833E-1
1.004341E-1	2.101132E-1
1.002426E-1	2.105164E-1
1.001804E-1	2.103786E-1
1.001312E-1	2.104501E-1
1.000280E-1	2.104105E-1
9.990536E-2	2.102288E-1
9.972790E-2	2.102076E-1
9.957138E-2	2.103532E-1
9.955749E-2	2.103719E-1
9.938985E-2	2.102972E-1
9.922529E-2	2.107882E-1
9.916584E-2	2.104516E-1
9.900477E-2	2.105586E-1
9.898339E-2	2.108376E-1
9.883308E-2	2.108602E-1
9.871598E-2	2.104963E-1
9.859610E-2	2.104387E-1
9.850067E-2	2.104256E-1
9.840446E-2	2.105078E-1
9.832796E-2	2.108124E-1
9.817746E-2	2.107281E-1
9.804576E-2	2.105843E-1
9.796590E-2	2.107436E-1
9.783268E-2	2.107869E-1
9.774977E-2	2.106280E-1
9.760099E-2	2.105350E-1
9.752256E-2	2.106832E-1
9.736634E-2	2.107914E-1
9.729890E-2	2.108469E-1
9.711589E-2	2.108704E-1
9.698809E-2	2.107360E-1
9.694276E-2	2.109500E-1
9.688385E-2	2.111444E-1
9.673705E-2	2.111069E-1
9.655901E-2	2.108864E-1
9.650960E-2	2.109941E-1
9.638854E-2	2.108363E-1
9.632330E-2	2.111816E-1
9.620755E-2	2.111717E-1
9.615779E-2	2.110287E-1
9.602287E-2	2.113647E-1
9.593321E-2	2.110461E-1
9.579808E-2	2.110292E-1
9.569332E-2	2.109165E-1
9.560009E-2	2.111334E-1
9.552117E-2	2.113857E-1
9.536982E-2	2.113438E-1
9.525296E-2	2.112030E-1
9.520483E-2	2.112166E-1
9.513656E-2	2.112624E-1
9.502022E-2	2.111705E-1
9.489343E-2	2.115897E-1
9.470523E-2	2.109898E-1
9.467745E-2	2.112071E-1
9.457951E-2	2.114590E-1
9.443902E-2	2.111817E-1
9.441386E-2	2.114150E-1
9.433061E-2	2.113438E-1
9.420153E-2	2.113983E-1
9.410871E-2	2.113483E-1
9.394915E-2	2.114487E-1
9.389183E-2	2.115708E-1
9.377761E-2	2.113752E-1
9.368604E-2	2.116566E-1
9.361369E-2	2.114014E-1
9.350065E-2	2.117456E-1
9.341187E-2	2.115063E-1
9.325178E-2	2.116872E-1
9.322036E-2	2.116605E-1
9.311315E-2	2.118791E-1
9.301675E-2	2.117833E-1
9.289768E-2	2.117555E-1
9.280365E-2	2.114128E-1
9.271193E-2	2.114611E-1
9.265821E-2	2.115821E-1
9.257567E-2	2.116977E-1
9.248165E-2	2.115412E-1
9.233821E-2	2.118233E-1
9.229906E-2	2.113827E-1
9.218820E-2	2.114781E-1
9.207794E-2	2.118013E-1
9.199723E-2	2.113692E-1
9.192480E-2	2.118053E-1
9.185570E-2	2.118482E-1
9.171334E-2	2.119478E-1
9.169568E-2	2.120225E-1
9.164008E-2	2.115504E-1
9.150839E-2	2.119101E-1
9.132805E-2	2.121878E-1
9.121994E-2	2.119922E-1
9.110800E-2	2.119620E-1
9.109880E-2	2.120786E-1
9.107578E-2	2.118820E-1
9.094493E-2	2.118698E-1
9.082900E-2	2.121077E-1
9.076112E-2	2.117859E-1
9.067540E-2	2.117546E-1
9.062258E-2	2.118851E-1
9.049765E-2	2.119107E-1
9.043500E-2	2.121214E-1
9.034284E-2	2.122193E-1
9.027482E-2	2.121123E-1
9.016209E-2	2.122038E-1
9.001589E-2	2.121236E-1
9.004441E-2	2.121044E-1
8.996151E-2	2.122080E-1
8.980331E-2	2.125373E-1
8.972307E-2	2.122789E-1
8.963429E-2	2.124209E-1
8.955563E-2	2.125130E-1
8.947574E-2	2.122081E-1
8.942343E-2	2.120374E-1
8.935949E-2	2.121040E-1
8.923309E-2	2.122336E-1
8.913814E-2	2.117959E-1
8.908970E-2	2.121268E-1
8.898170E-2	2.124707E-1
8.894747E-2	2.122632E-1
8.884355E-2	2.123646E-1
8.874830E-2	2.125354E-1
8.858056E-2	2.123750E-1
8.855427E-2	2.124206E-1
8.850630E-2	2.126291E-1
8.839775E-2	2.123832E-1
8.840441E-2	2.124072E-1
8.831780E-2	2.124034E-1
8.818844E-2	2.125156E-1
8.809781E-2	2.125012E-1
8.800136E-2	2.125814E-1
8.796301E-2	2.125405E-1
8.793618E-2	2.123836E-1
8.773554E-2	2.123314E-1
8.773704E-2	2.122622E-1
8.767360E-2	2.122207E-1
8.758939E-2	2.124980E-1
8.748473E-2	2.125339E-1
8.740791E-2	2.126194E-1
8.729279E-2	2.126646E-1
8.722731E-2	2.125674E-1
8.719222E-2	2.126366E-1
8.716007E-2	2.125693E-1
8.700802E-2	2.127726E-1
8.693342E-2	2.126629E-1
8.680584E-2	2.127803E-1
8.677141E-2	2.125507E-1
8.668450E-2	2.125326E-1
