-3.000000E+5	-3.000000E+5	1.612915E+0	8.097341E-3
-2.750000E+5	-3.000000E+5	1.687086E+0	3.412493E-2
-2.500000E+5	-3.000000E+5	1.694326E+0	1.803242E-2
-2.250000E+5	-3.000000E+5	1.714654E+0	1.929396E-2
-2.000000E+5	-3.000000E+5	1.713002E+0	2.223295E-2
-1.750000E+5	-3.000000E+5	1.701856E+0	1.065221E-2
-1.500000E+5	-3.000000E+5	1.696961E+0	9.601360E-3
-1.250000E+5	-3.000000E+5	1.735704E+0	8.604444E-3
-1.000000E+5	-3.000000E+5	1.687736E+0	7.714671E-3
-7.500000E+4	-3.000000E+5	1.706943E+0	8.539166E-3
-5.000000E+4	-3.000000E+5	1.738055E+0	4.305075E-2
-2.500000E+4	-3.000000E+5	1.650267E+0	1.086657E-2
0.000000E+0	-3.000000E+5	1.610284E+0	6.352332E-3
2.500000E+4	-3.000000E+5	1.552714E+0	1.334437E-2
5.000000E+4	-3.000000E+5	1.489779E+0	6.040098E-3
7.500000E+4	-3.000000E+5	1.431642E+0	1.204136E-2
1.000000E+5	-3.000000E+5	1.404865E+0	1.322216E-2
1.250000E+5	-3.000000E+5	1.377799E+0	1.027427E-2
1.500000E+5	-3.000000E+5	1.357956E+0	7.239518E-3
1.750000E+5	-3.000000E+5	1.319657E+0	1.291448E-2
2.000000E+5	-3.000000E+5	1.248829E+0	1.067337E-2
2.250000E+5	-3.000000E+5	1.209741E+0	8.184854E-3
2.500000E+5	-3.000000E+5	1.201651E+0	2.600150E-2
2.750000E+5	-3.000000E+5	1.156487E+0	1.248763E-2
3.000000E+5	-3.000000E+5	1.103663E+0	1.902804E-2
-3.000000E+5	-2.750000E+5	1.708005E+0	1.362408E-2
-2.750000E+5	-2.750000E+5	1.720861E+0	1.721248E-2
-2.500000E+5	-2.750000E+5	1.738148E+0	8.393721E-3
-2.250000E+5	-2.750000E+5	1.785964E+0	1.277799E-2
-2.000000E+5	-2.750000E+5	1.805286E+0	6.771924E-3
-1.750000E+5	-2.750000E+5	1.816025E+0	1.073267E-2
-1.500000E+5	-2.750000E+5	1.833112E+0	9.944778E-3
-1.250000E+5	-2.750000E+5	1.824287E+0	5.564348E-3
-1.000000E+5	-2.750000E+5	1.824321E+0	1.138359E-2
-7.500000E+4	-2.750000E+5	1.796904E+0	2.101099E-2
-5.000000E+4	-2.750000E+5	1.741857E+0	1.544153E-2
-2.500000E+4	-2.750000E+5	1.708172E+0	1.489963E-2
0.000000E+0	-2.750000E+5	1.666539E+0	8.772883E-3
2.500000E+4	-2.750000E+5	1.615006E+0	6.793251E-3
5.000000E+4	-2.750000E+5	1.566930E+0	2.134708E-2
7.500000E+4	-2.750000E+5	1.527742E+0	9.436041E-3
1.000000E+5	-2.750000E+5	1.491956E+0	1.113340E-2
1.250000E+5	-2.750000E+5	1.421373E+0	1.691395E-2
1.500000E+5	-2.750000E+5	1.393050E+0	8.953237E-3
1.750000E+5	-2.750000E+5	1.350007E+0	6.669995E-3
2.000000E+5	-2.750000E+5	1.319768E+0	1.672731E-2
2.250000E+5	-2.750000E+5	1.273434E+0	1.264621E-2
2.500000E+5	-2.750000E+5	1.218977E+0	6.618259E-3
2.750000E+5	-2.750000E+5	1.169653E+0	6.350553E-3
3.000000E+5	-2.750000E+5	1.117939E+0	6.027197E-3
-3.000000E+5	-2.500000E+5	1.778012E+0	7.808006E-3
-2.750000E+5	-2.500000E+5	1.812877E+0	8.818501E-3
-2.500000E+5	-2.500000E+5	1.846534E+0	1.272185E-2
-2.250000E+5	-2.500000E+5	1.840619E+0	5.095101E-2
-2.000000E+5	-2.500000E+5	1.909360E+0	1.160463E-2
-1.750000E+5	-2.500000E+5	1.918673E+0	1.560788E-2
-1.500000E+5	-2.500000E+5	1.925301E+0	1.545141E-2
-1.250000E+5	-2.500000E+5	1.919378E+0	2.481798E-2
-1.000000E+5	-2.500000E+5	1.913996E+0	1.266653E-2
-7.500000E+4	-2.500000E+5	1.871169E+0	1.571016E-2
-5.000000E+4	-2.500000E+5	1.821729E+0	9.841355E-3
-2.500000E+4	-2.500000E+5	1.809125E+0	8.956142E-3
0.000000E+0	-2.500000E+5	1.746145E+0	8.472095E-3
2.500000E+4	-2.500000E+5	1.695951E+0	1.252871E-2
5.000000E+4	-2.500000E+5	1.631769E+0	1.357373E-2
7.500000E+4	-2.500000E+5	1.606972E+0	6.110347E-3
1.000000E+5	-2.500000E+5	1.543689E+0	1.109831E-2
1.250000E+5	-2.500000E+5	1.511916E+0	7.675265E-3
1.500000E+5	-2.500000E+5	1.479594E+0	1.581667E-2
1.750000E+5	-2.500000E+5	1.442470E+0	5.550221E-3
2.000000E+5	-2.500000E+5	1.396453E+0	1.284900E-2
2.250000E+5	-2.500000E+5	1.320757E+0	7.643655E-3
2.500000E+5	-2.500000E+5	1.282526E+0	1.556271E-2
2.750000E+5	-2.500000E+5	1.225526E+0	8.962244E-3
3.000000E+5	-2.500000E+5	1.194803E+0	9.795537E-3
-3.000000E+5	-2.250000E+5	1.837483E+0	1.069518E-2
-2.750000E+5	-2.250000E+5	1.895724E+0	6.756343E-3
-2.500000E+5	-2.250000E+5	1.949741E+0	9.282837E-3
-2.250000E+5	-2.250000E+5	1.941995E+0	2.959550E-2
-2.000000E+5	-2.250000E+5	2.008707E+0	7.328010E-3
-1.750000E+5	-2.250000E+5	2.052672E+0	6.258227E-3
-1.500000E+5	-2.250000E+5	2.034272E+0	1.011185E-2
-1.250000E+5	-2.250000E+5	2.035895E+0	9.188504E-3
-1.000000E+5	-2.250000E+5	2.024897E+0	7.868183E-3
-7.500000E+4	-2.250000E+5	2.005128E+0	7.565874E-3
-5.000000E+4	-2.250000E+5	1.941698E+0	5.515380E-3
-2.500000E+4	-2.250000E+5	1.901023E+0	9.871034E-3
0.000000E+0	-2.250000E+5	1.840759E+0	6.556345E-3
2.500000E+4	-2.250000E+5	1.814712E+0	7.189304E-3
5.000000E+4	-2.250000E+5	1.734824E+0	8.630080E-3
7.500000E+4	-2.250000E+5	1.701933E+0	9.802766E-3
1.000000E+5	-2.250000E+5	1.667284E+0	1.387984E-2
1.250000E+5	-2.250000E+5	1.621667E+0	2.352698E-2
1.500000E+5	-2.250000E+5	1.583490E+0	1.281584E-2
1.750000E+5	-2.250000E+5	1.537421E+0	2.312046E-2
2.000000E+5	-2.250000E+5	1.477591E+0	7.816748E-3
2.250000E+5	-2.250000E+5	1.429675E+0	9.232096E-3
2.500000E+5	-2.250000E+5	1.314813E+0	1.693125E-2
2.750000E+5	-2.250000E+5	1.266351E+0	8.983793E-3
3.000000E+5	-2.250000E+5	1.201689E+0	6.144438E-3
-3.000000E+5	-2.000000E+5	1.931989E+0	7.796078E-3
-2.750000E+5	-2.000000E+5	1.974601E+0	9.666632E-3
-2.500000E+5	-2.000000E+5	2.027289E+0	9.582813E-3
-2.250000E+5	-2.000000E+5	2.139049E+0	5.539973E-2
-2.000000E+5	-2.000000E+5	2.102528E+0	1.274378E-2
-1.750000E+5	-2.000000E+5	2.126969E+0	8.419498E-3
-1.500000E+5	-2.000000E+5	2.165813E+0	1.287690E-2
-1.250000E+5	-2.000000E+5	2.151790E+0	1.468753E-2
-1.000000E+5	-2.000000E+5	2.187889E+0	2.576991E-2
-7.500000E+4	-2.000000E+5	2.129176E+0	1.310237E-2
-5.000000E+4	-2.000000E+5	2.131376E+0	1.476061E-2
-2.500000E+4	-2.000000E+5	2.093719E+0	9.999044E-3
0.000000E+0	-2.000000E+5	2.024562E+0	1.305166E-2
2.500000E+4	-2.000000E+5	1.969899E+0	1.658460E-2
5.000000E+4	-2.000000E+5	1.945417E+0	1.625234E-2
7.500000E+4	-2.000000E+5	1.898685E+0	7.919391E-3
1.000000E+5	-2.000000E+5	1.822594E+0	1.746667E-2
1.250000E+5	-2.000000E+5	1.771087E+0	1.914092E-2
1.500000E+5	-2.000000E+5	1.682409E+0	9.024166E-3
1.750000E+5	-2.000000E+5	1.579994E+0	9.253422E-3
2.000000E+5	-2.000000E+5	1.556525E+0	7.058827E-3
2.250000E+5	-2.000000E+5	1.474135E+0	6.278394E-3
2.500000E+5	-2.000000E+5	1.396579E+0	9.510560E-3
2.750000E+5	-2.000000E+5	1.321382E+0	1.029481E-2
3.000000E+5	-2.000000E+5	1.268791E+0	1.267814E-2
-3.000000E+5	-1.750000E+5	2.008657E+0	9.701932E-3
-2.750000E+5	-1.750000E+5	2.102355E+0	6.142358E-3
-2.500000E+5	-1.750000E+5	2.152491E+0	6.704949E-3
-2.250000E+5	-1.750000E+5	2.227886E+0	2.044343E-2
-2.000000E+5	-1.750000E+5	2.187042E+0	6.500887E-3
-1.750000E+5	-1.750000E+5	2.248187E+0	1.134416E-2
-1.500000E+5	-1.750000E+5	2.251554E+0	9.161322E-3
-1.250000E+5	-1.750000E+5	2.280084E+0	5.369266E-3
-1.000000E+5	-1.750000E+5	2.321372E+0	6.319606E-3
-7.500000E+4	-1.750000E+5	2.328828E+0	1.105095E-2
-5.000000E+4	-1.750000E+5	2.359199E+0	2.437666E-2
-2.500000E+4	-1.750000E+5	2.371710E+0	8.155485E-3
0.000000E+0	-1.750000E+5	2.316714E+0	1.609561E-2
2.500000E+4	-1.750000E+5	2.283761E+0	6.643379E-3
5.000000E+4	-1.750000E+5	2.213941E+0	8.432977E-3
7.500000E+4	-1.750000E+5	2.151249E+0	1.392127E-2
1.000000E+5	-1.750000E+5	2.052767E+0	1.381688E-2
1.250000E+5	-1.750000E+5	1.930374E+0	7.796653E-3
1.500000E+5	-1.750000E+5	1.839621E+0	7.208343E-3
1.750000E+5	-1.750000E+5	1.713917E+0	6.714983E-3
2.000000E+5	-1.750000E+5	1.642602E+0	5.738504E-3
2.250000E+5	-1.750000E+5	1.535532E+0	8.905855E-3
2.500000E+5	-1.750000E+5	1.454636E+0	6.274950E-3
2.750000E+5	-1.750000E+5	1.393081E+0	1.391866E-2
3.000000E+5	-1.750000E+5	1.316910E+0	6.694032E-3
-3.000000E+5	-1.500000E+5	2.090261E+0	8.583746E-3
-2.750000E+5	-1.500000E+5	2.166188E+0	7.408000E-3
-2.500000E+5	-1.500000E+5	2.289753E+0	3.867871E-2
-2.250000E+5	-1.500000E+5	2.267887E+0	1.086097E-2
-2.000000E+5	-1.500000E+5	2.283680E+0	8.622880E-3
-1.750000E+5	-1.500000E+5	2.327903E+0	9.034835E-3
-1.500000E+5	-1.500000E+5	2.359327E+0	7.697987E-3
-1.250000E+5	-1.500000E+5	2.446625E+0	1.329013E-2
-1.000000E+5	-1.500000E+5	2.545497E+0	1.428772E-2
-7.500000E+4	-1.500000E+5	2.639263E+0	6.032476E-3
-5.000000E+4	-1.500000E+5	2.743535E+0	9.719206E-3
-2.500000E+4	-1.500000E+5	2.792587E+0	7.447259E-3
0.000000E+0	-1.500000E+5	2.789372E+0	1.502113E-2
2.500000E+4	-1.500000E+5	2.759529E+0	1.663981E-2
5.000000E+4	-1.500000E+5	2.645207E+0	8.032639E-3
7.500000E+4	-1.500000E+5	2.515250E+0	1.015588E-2
1.000000E+5	-1.500000E+5	2.328709E+0	7.741565E-3
1.250000E+5	-1.500000E+5	2.172531E+0	9.353384E-3
1.500000E+5	-1.500000E+5	2.009459E+0	7.804482E-3
1.750000E+5	-1.500000E+5	1.869891E+0	2.153948E-2
2.000000E+5	-1.500000E+5	1.728877E+0	1.148214E-2
2.250000E+5	-1.500000E+5	1.590194E+0	1.006993E-2
2.500000E+5	-1.500000E+5	1.504936E+0	9.262914E-3
2.750000E+5	-1.500000E+5	1.421947E+0	1.321759E-2
3.000000E+5	-1.500000E+5	1.352408E+0	1.325544E-2
-3.000000E+5	-1.250000E+5	2.189663E+0	8.144495E-3
-2.750000E+5	-1.250000E+5	2.249447E+0	1.369557E-2
-2.500000E+5	-1.250000E+5	2.299171E+0	9.162146E-3
-2.250000E+5	-1.250000E+5	2.288097E+0	2.360702E-2
-2.000000E+5	-1.250000E+5	2.390392E+0	1.186638E-2
-1.750000E+5	-1.250000E+5	2.427916E+0	1.214683E-2
-1.500000E+5	-1.250000E+5	2.539582E+0	1.526713E-2
-1.250000E+5	-1.250000E+5	2.670575E+0	1.217418E-2
-1.000000E+5	-1.250000E+5	2.860104E+0	1.731022E-2
-7.500000E+4	-1.250000E+5	3.054427E+0	7.549920E-3
-5.000000E+4	-1.250000E+5	3.228867E+0	1.830393E-2
-2.500000E+4	-1.250000E+5	3.371860E+0	7.325216E-3
0.000000E+0	-1.250000E+5	3.400671E+0	8.402364E-3
2.500000E+4	-1.250000E+5	3.320303E+0	2.485524E-2
5.000000E+4	-1.250000E+5	3.139825E+0	1.314811E-2
7.500000E+4	-1.250000E+5	2.953162E+0	1.649611E-2
1.000000E+5	-1.250000E+5	2.708165E+0	8.612165E-3
1.250000E+5	-1.250000E+5	2.426700E+0	6.374967E-3
1.500000E+5	-1.250000E+5	2.200905E+0	1.615310E-2
1.750000E+5	-1.250000E+5	2.011121E+0	9.675401E-3
2.000000E+5	-1.250000E+5	1.800782E+0	7.913336E-3
2.250000E+5	-1.250000E+5	1.660642E+0	9.941556E-3
2.500000E+5	-1.250000E+5	1.569800E+0	7.547748E-3
2.750000E+5	-1.250000E+5	1.479200E+0	7.670255E-3
3.000000E+5	-1.250000E+5	1.413843E+0	7.846313E-3
-3.000000E+5	-1.000000E+5	2.236988E+0	1.564508E-2
-2.750000E+5	-1.000000E+5	2.317438E+0	6.623601E-3
-2.500000E+5	-1.000000E+5	2.349160E+0	1.643833E-2
-2.250000E+5	-1.000000E+5	2.379492E+0	4.214643E-2
-2.000000E+5	-1.000000E+5	2.460998E+0	2.147184E-2
-1.750000E+5	-1.000000E+5	2.532134E+0	1.106442E-2
-1.500000E+5	-1.000000E+5	2.693389E+0	4.148217E-2
-1.250000E+5	-1.000000E+5	2.965623E+0	1.503207E-2
-1.000000E+5	-1.000000E+5	3.287352E+0	2.516212E-2
-7.500000E+4	-1.000000E+5	3.590762E+0	1.108997E-2
-5.000000E+4	-1.000000E+5	3.888049E+0	8.116094E-3
-2.500000E+4	-1.000000E+5	4.046155E+0	6.020828E-3
0.000000E+0	-1.000000E+5	4.128801E+0	1.128100E-2
2.500000E+4	-1.000000E+5	4.040246E+0	7.780562E-3
5.000000E+4	-1.000000E+5	3.783592E+0	2.482983E-2
7.500000E+4	-1.000000E+5	3.501805E+0	1.176679E-2
1.000000E+5	-1.000000E+5	3.104013E+0	6.973584E-3
1.250000E+5	-1.000000E+5	2.756491E+0	1.041280E-2
1.500000E+5	-1.000000E+5	2.429145E+0	6.943263E-3
1.750000E+5	-1.000000E+5	2.134157E+0	8.968701E-3
2.000000E+5	-1.000000E+5	1.921968E+0	6.592802E-3
2.250000E+5	-1.000000E+5	1.709791E+0	1.571304E-2
2.500000E+5	-1.000000E+5	1.600489E+0	7.716172E-3
2.750000E+5	-1.000000E+5	1.526406E+0	1.449978E-2
3.000000E+5	-1.000000E+5	1.403089E+0	8.291217E-3
-3.000000E+5	-7.500000E+4	2.319812E+0	1.118938E-2
-2.750000E+5	-7.500000E+4	2.392909E+0	8.422553E-3
-2.500000E+5	-7.500000E+4	2.475643E+0	1.590351E-2
-2.250000E+5	-7.500000E+4	2.562533E+0	5.049280E-2
-2.000000E+5	-7.500000E+4	2.574398E+0	1.056700E-2
-1.750000E+5	-7.500000E+4	2.763651E+0	1.195880E-2
-1.500000E+5	-7.500000E+4	2.987994E+0	7.079984E-3
-1.250000E+5	-7.500000E+4	3.365909E+0	1.983915E-2
-1.000000E+5	-7.500000E+4	3.819094E+0	8.858222E-3
-7.500000E+4	-7.500000E+4	4.242096E+0	9.136469E-3
-5.000000E+4	-7.500000E+4	4.594296E+0	1.280809E-2
-2.500000E+4	-7.500000E+4	4.811888E+0	1.097264E-2
0.000000E+0	-7.500000E+4	4.876105E+0	1.010277E-2
2.500000E+4	-7.500000E+4	4.752341E+0	1.627786E-2
5.000000E+4	-7.500000E+4	4.459150E+0	2.250802E-2
7.500000E+4	-7.500000E+4	4.009128E+0	5.675806E-3
1.000000E+5	-7.500000E+4	3.537302E+0	8.473799E-3
1.250000E+5	-7.500000E+4	3.031530E+0	1.468995E-2
1.500000E+5	-7.500000E+4	2.618171E+0	7.794958E-3
1.750000E+5	-7.500000E+4	2.271263E+0	1.033107E-2
2.000000E+5	-7.500000E+4	2.006314E+0	5.599783E-3
2.250000E+5	-7.500000E+4	1.802204E+0	1.644873E-2
2.500000E+5	-7.500000E+4	1.659481E+0	1.674844E-2
2.750000E+5	-7.500000E+4	1.530743E+0	6.868023E-3
3.000000E+5	-7.500000E+4	1.476273E+0	1.314034E-2
-3.000000E+5	-5.000000E+4	2.397731E+0	1.661682E-2
-2.750000E+5	-5.000000E+4	2.471338E+0	7.869922E-3
-2.500000E+5	-5.000000E+4	2.551801E+0	1.204125E-2
-2.250000E+5	-5.000000E+4	2.680500E+0	3.360789E-2
-2.000000E+5	-5.000000E+4	2.779629E+0	8.834410E-3
-1.750000E+5	-5.000000E+4	2.996769E+0	9.386532E-3
-1.500000E+5	-5.000000E+4	3.359543E+0	1.123441E-2
-1.250000E+5	-5.000000E+4	3.829684E+0	8.642946E-3
-1.000000E+5	-5.000000E+4	4.409191E+0	1.624093E-2
-7.500000E+4	-5.000000E+4	4.955153E+0	1.391552E-2
-5.000000E+4	-5.000000E+4	5.403826E+0	1.044923E-2
-2.500000E+4	-5.000000E+4	5.640200E+0	9.781606E-3
0.000000E+0	-5.000000E+4	5.650969E+0	5.602087E-3
2.500000E+4	-5.000000E+4	5.439419E+0	1.084718E-2
5.000000E+4	-5.000000E+4	5.084041E+0	9.923471E-3
7.500000E+4	-5.000000E+4	4.493828E+0	1.017840E-2
1.000000E+5	-5.000000E+4	3.892297E+0	6.940262E-3
1.250000E+5	-5.000000E+4	3.311411E+0	1.298245E-2
1.500000E+5	-5.000000E+4	2.796406E+0	1.332807E-2
1.750000E+5	-5.000000E+4	2.440606E+0	1.889416E-2
2.000000E+5	-5.000000E+4	2.059007E+0	9.014711E-3
2.250000E+5	-5.000000E+4	1.862941E+0	8.706312E-3
2.500000E+5	-5.000000E+4	1.713890E+0	1.312170E-2
2.750000E+5	-5.000000E+4	1.554777E+0	1.835916E-2
3.000000E+5	-5.000000E+4	1.492872E+0	1.110558E-2
-3.000000E+5	-2.500000E+4	2.477650E+0	7.121733E-3
-2.750000E+5	-2.500000E+4	2.565452E+0	1.093405E-2
-2.500000E+5	-2.500000E+4	2.666554E+0	1.065470E-2
-2.250000E+5	-2.500000E+4	2.775765E+0	4.152033E-2
-2.000000E+5	-2.500000E+4	2.978733E+0	9.086735E-3
-1.750000E+5	-2.500000E+4	3.319726E+0	2.342802E-2
-1.500000E+5	-2.500000E+4	3.790442E+0	1.170317E-2
-1.250000E+5	-2.500000E+4	4.417681E+0	1.686234E-2
-1.000000E+5	-2.500000E+4	5.070048E+0	8.928603E-3
-7.500000E+4	-2.500000E+4	5.691183E+0	1.188960E-2
-5.000000E+4	-2.500000E+4	6.174653E+0	1.357893E-2
-2.500000E+4	-2.500000E+4	6.443513E+0	1.198959E-2
0.000000E+0	-2.500000E+4	6.386806E+0	1.314621E-2
2.500000E+4	-2.500000E+4	6.063873E+0	7.681514E-3
5.000000E+4	-2.500000E+4	5.504898E+0	1.968003E-2
7.500000E+4	-2.500000E+4	4.896181E+0	1.107359E-2
1.000000E+5	-2.500000E+4	4.204234E+0	6.315407E-3
1.250000E+5	-2.500000E+4	3.522150E+0	8.962292E-3
1.500000E+5	-2.500000E+4	2.922347E+0	2.360924E-2
1.750000E+5	-2.500000E+4	2.519387E+0	2.717093E-2
2.000000E+5	-2.500000E+4	2.161919E+0	1.609542E-2
2.250000E+5	-2.500000E+4	1.937264E+0	1.524895E-2
2.500000E+5	-2.500000E+4	1.715984E+0	1.199684E-2
2.750000E+5	-2.500000E+4	1.605035E+0	7.947969E-3
3.000000E+5	-2.500000E+4	1.489581E+0	7.690893E-3
-3.000000E+5	0.000000E+0	2.558762E+0	7.067982E-3
-2.750000E+5	0.000000E+0	2.675951E+0	1.389240E-2
-2.500000E+5	0.000000E+0	2.784218E+0	1.169894E-2
-2.250000E+5	0.000000E+0	2.929469E+0	3.679475E-2
-2.000000E+5	0.000000E+0	3.247936E+0	1.068114E-2
-1.750000E+5	0.000000E+0	3.681741E+0	1.541946E-2
-1.500000E+5	0.000000E+0	4.268436E+0	5.567609E-3
-1.250000E+5	0.000000E+0	4.990754E+0	1.155340E-2
-1.000000E+5	0.000000E+0	5.717944E+0	7.869118E-3
-7.500000E+4	0.000000E+0	6.430511E+0	1.057549E-2
-5.000000E+4	0.000000E+0	6.937683E+0	1.166136E-2
-2.500000E+4	0.000000E+0	7.101182E+0	1.113293E-2
0.000000E+0	0.000000E+0	6.994741E+0	1.310976E-2
2.500000E+4	0.000000E+0	6.548401E+0	7.172064E-3
5.000000E+4	0.000000E+0	5.865599E+0	1.960258E-2
7.500000E+4	0.000000E+0	5.133699E+0	1.518775E-2
1.000000E+5	0.000000E+0	4.339335E+0	9.543000E-3
1.250000E+5	0.000000E+0	3.608241E+0	1.310500E-2
1.500000E+5	0.000000E+0	2.997179E+0	8.296335E-3
1.750000E+5	0.000000E+0	2.536405E+0	2.317577E-2
2.000000E+5	0.000000E+0	2.178445E+0	2.217401E-2
2.250000E+5	0.000000E+0	1.953524E+0	9.593106E-3
2.500000E+5	0.000000E+0	1.791174E+0	8.653604E-3
2.750000E+5	0.000000E+0	1.679224E+0	1.673233E-2
3.000000E+5	0.000000E+0	1.519227E+0	1.505213E-2
-3.000000E+5	2.500000E+4	2.600698E+0	7.671186E-3
-2.750000E+5	2.500000E+4	2.735193E+0	7.993111E-3
-2.500000E+5	2.500000E+4	2.903027E+0	2.246417E-2
-2.250000E+5	2.500000E+4	3.140551E+0	1.065707E-2
-2.000000E+5	2.500000E+4	3.516736E+0	6.111922E-3
-1.750000E+5	2.500000E+4	4.010901E+0	2.292687E-2
-1.500000E+5	2.500000E+4	4.711043E+0	2.462727E-2
-1.250000E+5	2.500000E+4	5.466188E+0	1.542339E-2
-1.000000E+5	2.500000E+4	6.277555E+0	1.009892E-2
-7.500000E+4	2.500000E+4	7.013982E+0	4.763879E-3
-5.000000E+4	2.500000E+4	7.460728E+0	8.753698E-3
-2.500000E+4	2.500000E+4	7.602712E+0	1.468537E-2
0.000000E+0	2.500000E+4	7.376221E+0	1.712684E-2
2.500000E+4	2.500000E+4	6.804504E+0	2.174864E-2
5.000000E+4	2.500000E+4	6.052748E+0	1.071638E-2
7.500000E+4	2.500000E+4	5.204169E+0	1.142559E-2
1.000000E+5	2.500000E+4	4.353222E+0	4.860451E-3
1.250000E+5	2.500000E+4	3.611979E+0	1.836153E-2
1.500000E+5	2.500000E+4	2.990624E+0	6.800535E-3
1.750000E+5	2.500000E+4	2.523390E+0	2.751774E-2
2.000000E+5	2.500000E+4	2.246556E+0	9.408540E-3
2.250000E+5	2.500000E+4	1.999297E+0	1.422398E-2
2.500000E+5	2.500000E+4	1.831739E+0	1.418522E-2
2.750000E+5	2.500000E+4	1.679818E+0	8.617258E-3
3.000000E+5	2.500000E+4	1.561265E+0	7.929205E-3
-3.000000E+5	5.000000E+4	2.599567E+0	1.556281E-2
-2.750000E+5	5.000000E+4	2.781868E+0	1.221812E-2
-2.500000E+5	5.000000E+4	2.969093E+0	1.177783E-2
-2.250000E+5	5.000000E+4	3.280302E+0	1.634411E-2
-2.000000E+5	5.000000E+4	3.684618E+0	1.981765E-2
-1.750000E+5	5.000000E+4	4.312849E+0	6.593618E-3
-1.500000E+5	5.000000E+4	5.064811E+0	1.091350E-2
-1.250000E+5	5.000000E+4	5.849026E+0	9.612109E-3
-1.000000E+5	5.000000E+4	6.657161E+0	1.608423E-2
-7.500000E+4	5.000000E+4	7.321288E+0	1.148200E-2
-5.000000E+4	5.000000E+4	7.781317E+0	1.033645E-2
-2.500000E+4	5.000000E+4	7.816817E+0	8.116236E-3
0.000000E+0	5.000000E+4	7.507112E+0	7.292120E-3
2.500000E+4	5.000000E+4	6.891419E+0	5.523065E-3
5.000000E+4	5.000000E+4	6.046483E+0	2.006006E-2
7.500000E+4	5.000000E+4	5.136635E+0	6.972228E-3
1.000000E+5	5.000000E+4	4.274107E+0	1.508166E-2
1.250000E+5	5.000000E+4	3.544190E+0	9.907308E-3
1.500000E+5	5.000000E+4	2.928447E+0	1.178403E-2
1.750000E+5	5.000000E+4	2.523209E+0	9.415684E-3
2.000000E+5	5.000000E+4	2.204330E+0	1.531883E-2
2.250000E+5	5.000000E+4	2.029294E+0	8.341471E-3
2.500000E+5	5.000000E+4	1.851356E+0	1.601210E-2
2.750000E+5	5.000000E+4	1.740738E+0	1.288422E-2
3.000000E+5	5.000000E+4	1.609147E+0	6.725252E-3
-3.000000E+5	7.500000E+4	2.616553E+0	2.529219E-2
-2.750000E+5	7.500000E+4	2.804032E+0	9.653270E-3
-2.500000E+5	7.500000E+4	2.993765E+0	1.232273E-2
-2.250000E+5	7.500000E+4	3.347165E+0	2.517555E-2
-2.000000E+5	7.500000E+4	3.834591E+0	1.426213E-2
-1.750000E+5	7.500000E+4	4.482940E+0	5.953321E-3
-1.500000E+5	7.500000E+4	5.228265E+0	8.397719E-3
-1.250000E+5	7.500000E+4	6.047149E+0	1.166149E-2
-1.000000E+5	7.500000E+4	6.823816E+0	8.254894E-3
-7.500000E+4	7.500000E+4	7.438828E+0	6.256312E-3
-5.000000E+4	7.500000E+4	7.801232E+0	1.219877E-2
-2.500000E+4	7.500000E+4	7.750618E+0	1.195478E-2
0.000000E+0	7.500000E+4	7.402541E+0	6.679768E-3
2.500000E+4	7.500000E+4	6.711980E+0	2.225304E-2
5.000000E+4	7.500000E+4	5.820239E+0	1.047824E-2
7.500000E+4	7.500000E+4	4.925623E+0	1.859365E-2
1.000000E+5	7.500000E+4	4.076557E+0	1.380437E-2
1.250000E+5	7.500000E+4	3.377384E+0	2.727838E-2
1.500000E+5	7.500000E+4	2.839970E+0	1.305125E-2
1.750000E+5	7.500000E+4	2.468338E+0	2.241256E-2
2.000000E+5	7.500000E+4	2.221321E+0	2.326818E-2
2.250000E+5	7.500000E+4	2.028596E+0	1.691085E-2
2.500000E+5	7.500000E+4	1.887770E+0	9.591774E-3
2.750000E+5	7.500000E+4	1.749415E+0	1.863575E-2
3.000000E+5	7.500000E+4	1.681888E+0	1.983975E-2
-3.000000E+5	1.000000E+5	2.575050E+0	8.699598E-3
-2.750000E+5	1.000000E+5	2.760196E+0	1.046349E-2
-2.500000E+5	1.000000E+5	3.035003E+0	2.422310E-2
-2.250000E+5	1.000000E+5	3.395306E+0	1.392283E-2
-2.000000E+5	1.000000E+5	3.893921E+0	1.590445E-2
-1.750000E+5	1.000000E+5	4.503397E+0	1.008831E-2
-1.500000E+5	1.000000E+5	5.253911E+0	8.400869E-3
-1.250000E+5	1.000000E+5	6.060112E+0	4.366835E-2
-1.000000E+5	1.000000E+5	6.758599E+0	1.612518E-2
-7.500000E+4	1.000000E+5	7.278272E+0	1.206706E-2
-5.000000E+4	1.000000E+5	7.563756E+0	1.064912E-2
-2.500000E+4	1.000000E+5	7.450850E+0	1.486244E-2
0.000000E+0	1.000000E+5	7.038489E+0	1.037999E-2
2.500000E+4	1.000000E+5	6.314575E+0	7.998301E-3
5.000000E+4	1.000000E+5	5.469390E+0	7.910159E-3
7.500000E+4	1.000000E+5	4.589481E+0	1.086612E-2
1.000000E+5	1.000000E+5	3.808946E+0	1.451116E-2
1.250000E+5	1.000000E+5	3.179159E+0	1.109201E-2
1.500000E+5	1.000000E+5	2.713457E+0	3.753516E-2
1.750000E+5	1.000000E+5	2.374448E+0	1.563628E-2
2.000000E+5	1.000000E+5	2.160777E+0	1.267732E-2
2.250000E+5	1.000000E+5	2.009634E+0	1.140102E-2
2.500000E+5	1.000000E+5	1.896795E+0	5.620915E-3
2.750000E+5	1.000000E+5	1.768399E+0	6.746949E-3
3.000000E+5	1.000000E+5	1.667539E+0	7.980770E-3
-3.000000E+5	1.250000E+5	2.531294E+0	1.486420E-2
-2.750000E+5	1.250000E+5	2.703773E+0	9.583613E-3
-2.500000E+5	1.250000E+5	2.978605E+0	1.421336E-2
-2.250000E+5	1.250000E+5	3.348891E+0	2.083588E-2
-2.000000E+5	1.250000E+5	3.792087E+0	6.037608E-3
-1.750000E+5	1.250000E+5	4.443496E+0	2.815476E-2
-1.500000E+5	1.250000E+5	5.084357E+0	6.937607E-3
-1.250000E+5	1.250000E+5	5.832678E+0	2.338743E-2
-1.000000E+5	1.250000E+5	6.486230E+0	1.440771E-2
-7.500000E+4	1.250000E+5	6.881822E+0	8.644592E-3
-5.000000E+4	1.250000E+5	7.080529E+0	1.399523E-2
-2.500000E+4	1.250000E+5	6.931597E+0	1.376638E-2
0.000000E+0	1.250000E+5	6.483388E+0	8.880138E-3
2.500000E+4	1.250000E+5	5.766853E+0	7.718386E-3
5.000000E+4	1.250000E+5	4.989415E+0	3.004438E-2
7.500000E+4	1.250000E+5	4.206776E+0	1.385887E-2
1.000000E+5	1.250000E+5	3.470637E+0	1.931539E-2
1.250000E+5	1.250000E+5	2.955437E+0	2.193954E-2
1.500000E+5	1.250000E+5	2.543232E+0	5.187683E-3
1.750000E+5	1.250000E+5	2.273416E+0	5.739084E-3
2.000000E+5	1.250000E+5	2.104664E+0	1.715609E-2
2.250000E+5	1.250000E+5	1.972197E+0	1.252439E-2
2.500000E+5	1.250000E+5	1.897337E+0	1.156327E-2
2.750000E+5	1.250000E+5	1.772876E+0	1.569236E-2
3.000000E+5	1.250000E+5	1.707444E+0	2.215738E-2
-3.000000E+5	1.500000E+5	2.439009E+0	1.721083E-2
-2.750000E+5	1.500000E+5	2.635570E+0	9.422059E-3
-2.500000E+5	1.500000E+5	2.893884E+0	1.075476E-2
-2.250000E+5	1.500000E+5	3.188959E+0	4.823728E-2
-2.000000E+5	1.500000E+5	3.656150E+0	1.426719E-2
-1.750000E+5	1.500000E+5	4.183597E+0	9.440846E-3
-1.500000E+5	1.500000E+5	4.801414E+0	1.476308E-2
-1.250000E+5	1.500000E+5	5.389079E+0	7.783425E-3
-1.000000E+5	1.500000E+5	5.948697E+0	7.420253E-3
-7.500000E+4	1.500000E+5	6.305518E+0	1.327508E-2
-5.000000E+4	1.500000E+5	6.395829E+0	1.475801E-2
-2.500000E+4	1.500000E+5	6.162598E+0	1.690218E-2
0.000000E+0	1.500000E+5	5.754159E+0	1.457855E-2
2.500000E+4	1.500000E+5	5.147452E+0	1.601261E-2
5.000000E+4	1.500000E+5	4.384255E+0	1.218633E-2
7.500000E+4	1.500000E+5	3.716682E+0	1.341597E-2
1.000000E+5	1.500000E+5	3.164611E+0	5.226445E-3
1.250000E+5	1.500000E+5	2.673066E+0	1.051627E-2
1.500000E+5	1.500000E+5	2.355661E+0	6.937862E-3
1.750000E+5	1.500000E+5	2.189298E+0	3.656145E-2
2.000000E+5	1.500000E+5	2.046771E+0	1.281431E-2
2.250000E+5	1.500000E+5	1.941715E+0	7.927791E-3
2.500000E+5	1.500000E+5	1.870193E+0	8.823344E-3
2.750000E+5	1.500000E+5	1.780726E+0	9.420871E-3
3.000000E+5	1.500000E+5	1.674439E+0	6.107259E-3
-3.000000E+5	1.750000E+5	2.393938E+0	5.894331E-3
-2.750000E+5	1.750000E+5	2.521013E+0	1.178659E-2
-2.500000E+5	1.750000E+5	2.767877E+0	1.505738E-2
-2.250000E+5	1.750000E+5	3.096965E+0	3.974524E-2
-2.000000E+5	1.750000E+5	3.423915E+0	1.273929E-2
-1.750000E+5	1.750000E+5	3.851833E+0	1.270699E-2
-1.500000E+5	1.750000E+5	4.406538E+0	7.208623E-3
-1.250000E+5	1.750000E+5	4.860215E+0	7.154334E-3
-1.000000E+5	1.750000E+5	5.297195E+0	1.261237E-2
-7.500000E+4	1.750000E+5	5.553229E+0	1.483117E-2
-5.000000E+4	1.750000E+5	5.633070E+0	1.728235E-2
-2.500000E+4	1.750000E+5	5.425611E+0	1.372030E-2
0.000000E+0	1.750000E+5	5.017006E+0	2.330166E-2
2.500000E+4	1.750000E+5	4.498762E+0	1.495929E-2
5.000000E+4	1.750000E+5	3.897486E+0	2.584701E-2
7.500000E+4	1.750000E+5	3.330679E+0	9.321109E-3
1.000000E+5	1.750000E+5	2.819029E+0	9.177740E-3
1.250000E+5	1.750000E+5	2.464462E+0	2.195885E-2
1.500000E+5	1.750000E+5	2.252178E+0	1.290366E-2
1.750000E+5	1.750000E+5	2.104545E+0	9.979261E-3
2.000000E+5	1.750000E+5	1.981134E+0	1.677730E-2
2.250000E+5	1.750000E+5	1.908978E+0	7.800969E-3
2.500000E+5	1.750000E+5	1.831544E+0	1.234220E-2
2.750000E+5	1.750000E+5	1.737306E+0	1.501437E-2
3.000000E+5	1.750000E+5	1.651264E+0	7.224513E-3
-3.000000E+5	2.000000E+5	2.254616E+0	9.879456E-3
-2.750000E+5	2.000000E+5	2.447478E+0	1.185974E-2
-2.500000E+5	2.000000E+5	2.653890E+0	1.968949E-2
-2.250000E+5	2.000000E+5	2.875133E+0	1.036597E-2
-2.000000E+5	2.000000E+5	3.187185E+0	1.030294E-2
-1.750000E+5	2.000000E+5	3.541081E+0	1.114755E-2
-1.500000E+5	2.000000E+5	3.920649E+0	1.107797E-2
-1.250000E+5	2.000000E+5	4.304492E+0	8.044617E-3
-1.000000E+5	2.000000E+5	4.596600E+0	1.000102E-2
-7.500000E+4	2.000000E+5	4.804324E+0	1.002834E-2
-5.000000E+4	2.000000E+5	4.794738E+0	1.088781E-2
-2.500000E+4	2.000000E+5	4.629863E+0	8.241074E-3
0.000000E+0	2.000000E+5	4.318694E+0	7.087025E-3
2.500000E+4	2.000000E+5	3.858332E+0	1.036863E-2
5.000000E+4	2.000000E+5	3.369403E+0	1.044622E-2
7.500000E+4	2.000000E+5	2.936542E+0	7.887711E-3
1.000000E+5	2.000000E+5	2.558178E+0	8.569492E-3
1.250000E+5	2.000000E+5	2.293206E+0	8.580368E-3
1.500000E+5	2.000000E+5	2.124822E+0	1.781248E-2
1.750000E+5	2.000000E+5	2.018698E+0	9.594548E-3
2.000000E+5	2.000000E+5	1.953656E+0	1.198181E-2
2.250000E+5	2.000000E+5	1.885135E+0	8.789813E-3
2.500000E+5	2.000000E+5	1.811891E+0	1.671780E-2
2.750000E+5	2.000000E+5	1.723098E+0	7.051161E-3
3.000000E+5	2.000000E+5	1.624299E+0	1.486408E-2
-3.000000E+5	2.250000E+5	2.157399E+0	1.155518E-2
-2.750000E+5	2.250000E+5	2.331581E+0	1.166585E-2
-2.500000E+5	2.250000E+5	2.493439E+0	9.805372E-3
-2.250000E+5	2.250000E+5	2.673028E+0	6.365884E-3
-2.000000E+5	2.250000E+5	2.919727E+0	1.361924E-2
-1.750000E+5	2.250000E+5	3.184907E+0	7.826914E-3
-1.500000E+5	2.250000E+5	3.478151E+0	1.435997E-2
-1.250000E+5	2.250000E+5	3.744744E+0	1.639635E-2
-1.000000E+5	2.250000E+5	3.959088E+0	1.154025E-2
-7.500000E+4	2.250000E+5	4.085520E+0	5.707245E-3
-5.000000E+4	2.250000E+5	4.080969E+0	1.872155E-2
-2.500000E+4	2.250000E+5	3.953297E+0	1.280820E-2
0.000000E+0	2.250000E+5	3.656562E+0	9.352992E-3
2.500000E+4	2.250000E+5	3.301374E+0	1.785371E-2
5.000000E+4	2.250000E+5	2.924642E+0	1.954338E-2
7.500000E+4	2.250000E+5	2.604616E+0	5.064893E-3
1.000000E+5	2.250000E+5	2.335766E+0	8.937318E-3
1.250000E+5	2.250000E+5	2.154039E+0	7.765832E-3
1.500000E+5	2.250000E+5	2.039038E+0	1.684185E-2
1.750000E+5	2.250000E+5	1.942011E+0	1.094161E-2
2.000000E+5	2.250000E+5	1.898659E+0	6.867014E-3
2.250000E+5	2.250000E+5	1.843706E+0	1.333634E-2
2.500000E+5	2.250000E+5	1.732779E+0	6.484700E-3
2.750000E+5	2.250000E+5	1.706141E+0	8.469252E-3
3.000000E+5	2.250000E+5	1.586549E+0	1.940607E-2
-3.000000E+5	2.500000E+5	2.094191E+0	5.906272E-3
-2.750000E+5	2.500000E+5	2.219041E+0	1.007402E-2
-2.500000E+5	2.500000E+5	2.352649E+0	1.128837E-2
-2.250000E+5	2.500000E+5	2.508488E+0	2.011961E-2
-2.000000E+5	2.500000E+5	2.707575E+0	7.649279E-3
-1.750000E+5	2.500000E+5	2.880163E+0	1.708862E-2
-1.500000E+5	2.500000E+5	3.105293E+0	1.261525E-2
-1.250000E+5	2.500000E+5	3.279014E+0	2.499490E-2
-1.000000E+5	2.500000E+5	3.430857E+0	8.390667E-3
-7.500000E+4	2.500000E+5	3.480026E+0	8.682061E-3
-5.000000E+4	2.500000E+5	3.488302E+0	1.570610E-2
-2.500000E+4	2.500000E+5	3.383746E+0	1.879032E-2
0.000000E+0	2.500000E+5	3.150921E+0	8.415644E-3
2.500000E+4	2.500000E+5	2.889556E+0	1.493987E-2
5.000000E+4	2.500000E+5	2.670473E+0	1.539835E-2
7.500000E+4	2.500000E+5	2.422248E+0	1.120997E-2
1.000000E+5	2.500000E+5	2.184567E+0	6.176723E-3
1.250000E+5	2.500000E+5	2.053944E+0	1.572979E-2
1.500000E+5	2.500000E+5	1.996099E+0	9.970497E-3
1.750000E+5	2.500000E+5	1.933696E+0	1.156919E-2
2.000000E+5	2.500000E+5	1.866644E+0	9.571290E-3
2.250000E+5	2.500000E+5	1.795706E+0	1.206816E-2
2.500000E+5	2.500000E+5	1.726589E+0	6.298142E-3
2.750000E+5	2.500000E+5	1.644264E+0	1.850338E-2
3.000000E+5	2.500000E+5	1.555499E+0	1.398558E-2
-3.000000E+5	2.750000E+5	2.029133E+0	2.449099E-2
-2.750000E+5	2.750000E+5	2.159731E+0	1.022576E-2
-2.500000E+5	2.750000E+5	2.251053E+0	1.246776E-2
-2.250000E+5	2.750000E+5	2.360161E+0	1.604532E-2
-2.000000E+5	2.750000E+5	2.501025E+0	9.271826E-3
-1.750000E+5	2.750000E+5	2.646767E+0	1.481326E-2
-1.500000E+5	2.750000E+5	2.777840E+0	1.170942E-2
-1.250000E+5	2.750000E+5	2.894523E+0	1.284770E-2
-1.000000E+5	2.750000E+5	3.033778E+0	1.277907E-2
-7.500000E+4	2.750000E+5	3.060103E+0	8.888979E-3
-5.000000E+4	2.750000E+5	3.036742E+0	1.257302E-2
-2.500000E+4	2.750000E+5	2.929390E+0	8.188055E-3
0.000000E+0	2.750000E+5	2.930175E+0	1.143383E-1
2.500000E+4	2.750000E+5	2.608579E+0	9.137679E-3
5.000000E+4	2.750000E+5	2.419066E+0	7.399964E-2
7.500000E+4	2.750000E+5	2.249279E+0	4.314009E-2
1.000000E+5	2.750000E+5	2.039861E+0	1.881674E-2
1.250000E+5	2.750000E+5	1.971066E+0	7.403878E-3
1.500000E+5	2.750000E+5	1.925381E+0	1.789149E-2
1.750000E+5	2.750000E+5	1.877306E+0	1.206285E-2
2.000000E+5	2.750000E+5	1.809821E+0	1.843507E-2
2.250000E+5	2.750000E+5	1.765890E+0	1.009354E-2
2.500000E+5	2.750000E+5	1.665268E+0	8.667522E-3
2.750000E+5	2.750000E+5	1.604815E+0	7.189800E-3
3.000000E+5	2.750000E+5	1.523343E+0	6.822154E-3
-3.000000E+5	3.000000E+5	1.961287E+0	1.682565E-2
-2.750000E+5	3.000000E+5	2.059399E+0	1.164593E-2
-2.500000E+5	3.000000E+5	2.117644E+0	1.752373E-2
-2.250000E+5	3.000000E+5	2.225752E+0	1.944574E-2
-2.000000E+5	3.000000E+5	2.349046E+0	7.874725E-3
-1.750000E+5	3.000000E+5	2.432516E+0	7.492542E-3
-1.500000E+5	3.000000E+5	2.549849E+0	1.688714E-2
-1.250000E+5	3.000000E+5	2.607774E+0	7.969646E-3
-1.000000E+5	3.000000E+5	2.697120E+0	1.858516E-2
-7.500000E+4	3.000000E+5	2.694313E+0	1.813816E-2
-5.000000E+4	3.000000E+5	2.692469E+0	6.826714E-3
-2.500000E+4	3.000000E+5	2.654857E+0	1.030951E-2
0.000000E+0	3.000000E+5	2.553875E+0	1.017954E-2
2.500000E+4	3.000000E+5	2.439820E+0	1.334325E-2
5.000000E+4	3.000000E+5	2.227121E+0	8.923936E-3
7.500000E+4	3.000000E+5	2.123878E+0	1.726302E-2
1.000000E+5	3.000000E+5	2.029152E+0	1.944898E-2
1.250000E+5	3.000000E+5	1.964416E+0	5.482877E-3
1.500000E+5	3.000000E+5	1.887965E+0	1.364837E-2
1.750000E+5	3.000000E+5	1.795587E+0	1.330373E-2
2.000000E+5	3.000000E+5	1.767328E+0	1.860410E-2
2.250000E+5	3.000000E+5	1.699696E+0	1.383363E-2
2.500000E+5	3.000000E+5	1.669424E+0	1.060796E-2
2.750000E+5	3.000000E+5	1.558991E+0	8.266484E-3
3.000000E+5	3.000000E+5	1.473955E+0	1.326160E-2
