-3.000000E+5	-3.000000E+5	8.018089E-1	2.116184E-2
-2.750000E+5	-3.000000E+5	7.292079E-1	1.571614E-2
-2.500000E+5	-3.000000E+5	7.998499E-1	4.765639E-2
-2.250000E+5	-3.000000E+5	7.444467E-1	3.643059E-2
-2.000000E+5	-3.000000E+5	7.797926E-1	3.172755E-2
-1.750000E+5	-3.000000E+5	8.934830E-1	2.548423E-2
-1.500000E+5	-3.000000E+5	8.270814E-1	2.879899E-2
-1.250000E+5	-3.000000E+5	9.443808E-1	1.511904E-2
-1.000000E+5	-3.000000E+5	9.321484E-1	4.174673E-2
-7.500000E+4	-3.000000E+5	9.799582E-1	4.983880E-2
-5.000000E+4	-3.000000E+5	9.707108E-1	3.594412E-2
-2.500000E+4	-3.000000E+5	1.031727E+0	3.214365E-2
2.500000E+4	-3.000000E+5	1.020179E+0	2.101356E-2
5.000000E+4	-3.000000E+5	9.879932E-1	4.624145E-2
7.500000E+4	-3.000000E+5	9.347621E-1	6.505150E-2
1.000000E+5	-3.000000E+5	8.817799E-1	3.873065E-2
1.250000E+5	-3.000000E+5	8.177829E-1	1.400405E-2
1.500000E+5	-3.000000E+5	7.729243E-1	2.350343E-2
1.750000E+5	-3.000000E+5	7.358060E-1	2.177877E-2
2.000000E+5	-3.000000E+5	6.776708E-1	1.645221E-2
2.250000E+5	-3.000000E+5	6.355514E-1	4.958232E-2
2.500000E+5	-3.000000E+5	5.926742E-1	1.837490E-2
2.750000E+5	-3.000000E+5	6.346601E-1	2.636671E-2
3.000000E+5	-3.000000E+5	4.726499E-1	3.531832E-2
-3.000000E+5	-2.750000E+5	7.074160E-1	2.311306E-2
-2.750000E+5	-2.750000E+5	7.106039E-1	4.048648E-2
-2.500000E+5	-2.750000E+5	7.220001E-1	2.496093E-2
-2.250000E+5	-2.750000E+5	7.244527E-1	1.132426E-2
-2.000000E+5	-2.750000E+5	7.158222E-1	1.340188E-2
-1.750000E+5	-2.750000E+5	8.048357E-1	6.139448E-2
-1.500000E+5	-2.750000E+5	9.324503E-1	1.612117E-2
-1.250000E+5	-2.750000E+5	9.403251E-1	2.518161E-2
-1.000000E+5	-2.750000E+5	1.045656E+0	2.604977E-2
-7.500000E+4	-2.750000E+5	1.057137E+0	4.701663E-2
-5.000000E+4	-2.750000E+5	1.153888E+0	7.455148E-2
-2.500000E+4	-2.750000E+5	1.159778E+0	3.030998E-2
0.000000E+0	-2.750000E+5	1.105124E+0	1.422211E-2
2.500000E+4	-2.750000E+5	1.174717E+0	8.261583E-3
5.000000E+4	-2.750000E+5	1.066415E+0	6.882613E-2
7.500000E+4	-2.750000E+5	1.098364E+0	4.825393E-2
1.000000E+5	-2.750000E+5	9.798002E-1	1.465467E-2
1.250000E+5	-2.750000E+5	9.543503E-1	2.155159E-2
1.500000E+5	-2.750000E+5	8.676578E-1	1.514903E-2
1.750000E+5	-2.750000E+5	7.801271E-1	2.803130E-2
2.000000E+5	-2.750000E+5	7.555420E-1	4.962331E-2
2.250000E+5	-2.750000E+5	7.120020E-1	1.500536E-2
2.500000E+5	-2.750000E+5	6.571587E-1	2.624690E-2
2.750000E+5	-2.750000E+5	6.326419E-1	2.673641E-2
3.000000E+5	-2.750000E+5	5.583562E-1	2.698561E-2
-3.000000E+5	-2.500000E+5	6.865746E-1	4.169585E-2
-2.750000E+5	-2.500000E+5	6.980309E-1	3.770599E-2
-2.500000E+5	-2.500000E+5	6.853182E-1	3.862183E-2
-2.250000E+5	-2.500000E+5	7.486880E-1	3.580054E-2
-2.000000E+5	-2.500000E+5	8.322792E-1	2.043048E-2
-1.750000E+5	-2.500000E+5	8.604551E-1	3.416059E-2
-1.500000E+5	-2.500000E+5	9.921203E-1	2.210368E-2
-1.250000E+5	-2.500000E+5	1.039021E+0	2.869360E-2
-1.000000E+5	-2.500000E+5	1.180867E+0	3.235530E-2
-7.500000E+4	-2.500000E+5	1.261771E+0	1.852191E-2
-5.000000E+4	-2.500000E+5	1.358259E+0	3.593411E-2
-2.500000E+4	-2.500000E+5	1.336097E+0	1.988248E-2
0.000000E+0	-2.500000E+5	1.345932E+0	4.486731E-2
2.500000E+4	-2.500000E+5	1.375380E+0	2.680756E-2
5.000000E+4	-2.500000E+5	1.332997E+0	1.994335E-2
7.500000E+4	-2.500000E+5	1.207821E+0	2.595546E-2
1.000000E+5	-2.500000E+5	1.145961E+0	4.052063E-2
1.250000E+5	-2.500000E+5	1.076610E+0	3.991934E-2
1.500000E+5	-2.500000E+5	9.937632E-1	1.015568E-2
1.750000E+5	-2.500000E+5	9.010825E-1	2.278056E-2
2.000000E+5	-2.500000E+5	7.797427E-1	3.696423E-2
2.250000E+5	-2.500000E+5	7.393467E-1	4.190163E-2
2.500000E+5	-2.500000E+5	7.451463E-1	4.297173E-2
2.750000E+5	-2.500000E+5	6.182129E-1	3.101953E-2
3.000000E+5	-2.500000E+5	6.506983E-1	2.388190E-2
-3.000000E+5	-2.250000E+5	6.962626E-1	2.756357E-2
-2.750000E+5	-2.250000E+5	7.411986E-1	2.059356E-2
-2.500000E+5	-2.250000E+5	7.656124E-1	2.437605E-2
-2.250000E+5	-2.250000E+5	8.464013E-1	1.814056E-2
-2.000000E+5	-2.250000E+5	9.255381E-1	3.914921E-2
-1.750000E+5	-2.250000E+5	9.034484E-1	4.949525E-2
-1.500000E+5	-2.250000E+5	1.153313E+0	2.832884E-2
-1.250000E+5	-2.250000E+5	1.146824E+0	4.527784E-2
-1.000000E+5	-2.250000E+5	1.253310E+0	5.654195E-2
-7.500000E+4	-2.250000E+5	1.375922E+0	3.764214E-2
-5.000000E+4	-2.250000E+5	1.568238E+0	2.028478E-2
-2.500000E+4	-2.250000E+5	1.581711E+0	3.896152E-2
0.000000E+0	-2.250000E+5	1.607620E+0	3.151949E-2
2.500000E+4	-2.250000E+5	1.620263E+0	3.095149E-2
5.000000E+4	-2.250000E+5	1.520886E+0	2.893790E-2
7.500000E+4	-2.250000E+5	1.424730E+0	3.012983E-2
1.000000E+5	-2.250000E+5	1.338911E+0	3.897621E-2
1.250000E+5	-2.250000E+5	1.221888E+0	3.830184E-2
1.500000E+5	-2.250000E+5	1.154394E+0	1.629027E-2
1.750000E+5	-2.250000E+5	1.036576E+0	3.110060E-2
2.000000E+5	-2.250000E+5	9.552334E-1	1.168107E-2
2.250000E+5	-2.250000E+5	8.074871E-1	4.286784E-2
2.500000E+5	-2.250000E+5	8.200091E-1	2.296059E-2
2.750000E+5	-2.250000E+5	6.659880E-1	5.576473E-2
3.000000E+5	-2.250000E+5	6.862319E-1	1.513625E-2
-3.000000E+5	-2.000000E+5	7.020682E-1	2.342308E-2
-2.750000E+5	-2.000000E+5	7.688686E-1	2.835902E-2
-2.500000E+5	-2.000000E+5	8.049845E-1	3.078050E-2
-2.250000E+5	-2.000000E+5	7.604513E-1	2.745257E-2
-2.000000E+5	-2.000000E+5	9.693177E-1	4.809776E-2
-1.750000E+5	-2.000000E+5	1.071163E+0	4.324295E-2
-1.500000E+5	-2.000000E+5	1.137113E+0	5.917715E-2
-1.250000E+5	-2.000000E+5	1.416157E+0	3.050340E-2
-1.000000E+5	-2.000000E+5	1.550012E+0	1.335829E-2
-7.500000E+4	-2.000000E+5	1.698784E+0	1.085864E-2
-5.000000E+4	-2.000000E+5	1.798813E+0	2.923222E-2
-2.500000E+4	-2.000000E+5	1.895976E+0	1.677002E-2
0.000000E+0	-2.000000E+5	1.880406E+0	2.443857E-2
2.500000E+4	-2.000000E+5	1.877221E+0	1.659860E-2
5.000000E+4	-2.000000E+5	1.866654E+0	2.671875E-2
7.500000E+4	-2.000000E+5	1.752340E+0	3.968201E-2
1.000000E+5	-2.000000E+5	1.647749E+0	2.241894E-2
1.250000E+5	-2.000000E+5	1.500109E+0	3.232662E-2
1.500000E+5	-2.000000E+5	1.279528E+0	3.025648E-2
1.750000E+5	-2.000000E+5	1.212844E+0	5.231227E-2
2.000000E+5	-2.000000E+5	1.086451E+0	1.846474E-2
2.250000E+5	-2.000000E+5	8.991633E-1	2.393081E-2
2.500000E+5	-2.000000E+5	8.373119E-1	1.871352E-2
2.750000E+5	-2.000000E+5	7.581710E-1	1.591379E-2
3.000000E+5	-2.000000E+5	6.973915E-1	4.047947E-2
-3.000000E+5	-1.750000E+5	7.326089E-1	5.129570E-2
-2.750000E+5	-1.750000E+5	7.976288E-1	2.547087E-2
-2.500000E+5	-1.750000E+5	7.718607E-1	4.672910E-2
-2.250000E+5	-1.750000E+5	9.058256E-1	2.537588E-2
-2.000000E+5	-1.750000E+5	8.907541E-1	2.754185E-2
-1.750000E+5	-1.750000E+5	1.117825E+0	8.747970E-3
-1.500000E+5	-1.750000E+5	1.336039E+0	1.503187E-2
-1.250000E+5	-1.750000E+5	1.526699E+0	1.966193E-2
-1.000000E+5	-1.750000E+5	1.757978E+0	4.094411E-2
-7.500000E+4	-1.750000E+5	1.891409E+0	2.829398E-2
-5.000000E+4	-1.750000E+5	2.134977E+0	2.725201E-2
-2.500000E+4	-1.750000E+5	2.176590E+0	3.982499E-2
0.000000E+0	-1.750000E+5	2.215281E+0	2.638898E-2
2.500000E+4	-1.750000E+5	2.222402E+0	2.342382E-2
5.000000E+4	-1.750000E+5	2.145123E+0	1.569895E-2
7.500000E+4	-1.750000E+5	2.045565E+0	2.086336E-2
1.000000E+5	-1.750000E+5	1.901365E+0	1.968898E-2
1.250000E+5	-1.750000E+5	1.736756E+0	1.456698E-2
1.500000E+5	-1.750000E+5	1.560508E+0	1.934236E-2
1.750000E+5	-1.750000E+5	1.374553E+0	1.997754E-2
2.000000E+5	-1.750000E+5	1.168933E+0	2.111764E-2
2.250000E+5	-1.750000E+5	1.005028E+0	2.246966E-2
2.500000E+5	-1.750000E+5	9.193521E-1	3.525511E-2
2.750000E+5	-1.750000E+5	8.959428E-1	1.757915E-2
3.000000E+5	-1.750000E+5	7.624419E-1	2.402400E-2
-3.000000E+5	-1.500000E+5	8.302560E-1	2.755347E-2
-2.750000E+5	-1.500000E+5	8.215133E-1	3.346957E-2
-2.500000E+5	-1.500000E+5	9.079814E-1	1.995707E-2
-2.250000E+5	-1.500000E+5	9.709606E-1	4.137072E-2
-2.000000E+5	-1.500000E+5	1.080788E+0	3.401018E-2
-1.750000E+5	-1.500000E+5	1.316801E+0	2.274693E-2
-1.500000E+5	-1.500000E+5	1.411814E+0	3.492883E-2
-1.250000E+5	-1.500000E+5	1.719098E+0	2.429349E-2
-1.000000E+5	-1.500000E+5	1.950642E+0	2.189547E-2
-7.500000E+4	-1.500000E+5	2.237875E+0	3.386131E-2
-5.000000E+4	-1.500000E+5	2.371997E+0	2.779537E-2
-2.500000E+4	-1.500000E+5	2.577011E+0	4.993684E-2
0.000000E+0	-1.500000E+5	2.561887E+0	1.138849E-2
2.500000E+4	-1.500000E+5	2.587317E+0	4.912303E-2
5.000000E+4	-1.500000E+5	2.532191E+0	5.949146E-2
7.500000E+4	-1.500000E+5	2.404347E+0	2.077338E-2
1.000000E+5	-1.500000E+5	2.203131E+0	6.052450E-2
1.250000E+5	-1.500000E+5	1.915556E+0	2.392751E-2
1.500000E+5	-1.500000E+5	1.790487E+0	2.966338E-2
1.750000E+5	-1.500000E+5	1.508757E+0	4.090045E-2
2.000000E+5	-1.500000E+5	1.357454E+0	1.235942E-2
2.250000E+5	-1.500000E+5	1.231451E+0	2.376903E-2
2.500000E+5	-1.500000E+5	1.036021E+0	3.481561E-2
2.750000E+5	-1.500000E+5	8.985861E-1	2.656797E-2
3.000000E+5	-1.500000E+5	7.907850E-1	1.771991E-2
-3.000000E+5	-1.250000E+5	8.544781E-1	3.457845E-2
-2.750000E+5	-1.250000E+5	8.282643E-1	3.286796E-2
-2.500000E+5	-1.250000E+5	9.758291E-1	3.204565E-2
-2.250000E+5	-1.250000E+5	1.045675E+0	6.483403E-2
-2.000000E+5	-1.250000E+5	1.256225E+0	1.023697E-2
-1.750000E+5	-1.250000E+5	1.369174E+0	6.339125E-2
-1.500000E+5	-1.250000E+5	1.671611E+0	2.431659E-2
-1.250000E+5	-1.250000E+5	1.950232E+0	3.168095E-2
-1.000000E+5	-1.250000E+5	2.237450E+0	2.243368E-2
-7.500000E+4	-1.250000E+5	2.436419E+0	2.126285E-2
-5.000000E+4	-1.250000E+5	2.656645E+0	2.495590E-2
-2.500000E+4	-1.250000E+5	2.872221E+0	2.663463E-2
0.000000E+0	-1.250000E+5	2.936257E+0	1.681244E-2
2.500000E+4	-1.250000E+5	2.915899E+0	1.519074E-2
5.000000E+4	-1.250000E+5	2.859383E+0	3.324343E-2
7.500000E+4	-1.250000E+5	2.714664E+0	1.609357E-2
1.000000E+5	-1.250000E+5	2.474007E+0	2.504462E-2
1.250000E+5	-1.250000E+5	2.202462E+0	2.215277E-2
1.500000E+5	-1.250000E+5	1.953959E+0	1.667737E-2
1.750000E+5	-1.250000E+5	1.697292E+0	3.562313E-2
2.000000E+5	-1.250000E+5	1.474804E+0	2.550014E-2
2.250000E+5	-1.250000E+5	1.182052E+0	4.110961E-2
2.500000E+5	-1.250000E+5	1.071357E+0	2.732093E-2
2.750000E+5	-1.250000E+5	9.785152E-1	2.523762E-2
3.000000E+5	-1.250000E+5	7.867578E-1	3.595291E-2
-3.000000E+5	-1.000000E+5	8.521560E-1	1.873559E-2
-2.750000E+5	-1.000000E+5	9.564154E-1	1.509039E-2
-2.500000E+5	-1.000000E+5	1.057979E+0	1.912913E-2
-2.250000E+5	-1.000000E+5	1.120491E+0	3.112146E-2
-2.000000E+5	-1.000000E+5	1.318941E+0	2.237768E-2
-1.750000E+5	-1.000000E+5	1.506473E+0	4.826566E-2
-1.500000E+5	-1.000000E+5	1.881335E+0	7.744653E-2
-1.250000E+5	-1.000000E+5	2.065899E+0	1.358745E-2
-1.000000E+5	-1.000000E+5	2.386803E+0	6.621173E-2
-7.500000E+4	-1.000000E+5	2.698499E+0	3.978240E-2
-5.000000E+4	-1.000000E+5	2.948858E+0	5.000093E-2
-2.500000E+4	-1.000000E+5	3.204618E+0	2.770347E-2
0.000000E+0	-1.000000E+5	3.274239E+0	2.300055E-2
2.500000E+4	-1.000000E+5	3.164302E+0	1.704605E-2
5.000000E+4	-1.000000E+5	3.078036E+0	1.334085E-2
7.500000E+4	-1.000000E+5	2.868313E+0	3.201788E-2
1.000000E+5	-1.000000E+5	2.628507E+0	2.227538E-2
1.250000E+5	-1.000000E+5	2.408540E+0	2.453928E-2
1.500000E+5	-1.000000E+5	2.117262E+0	1.682448E-2
1.750000E+5	-1.000000E+5	1.898059E+0	3.224172E-2
2.000000E+5	-1.000000E+5	1.608488E+0	1.045894E-2
2.250000E+5	-1.000000E+5	1.354651E+0	1.615830E-2
2.500000E+5	-1.000000E+5	1.148229E+0	2.655232E-2
2.750000E+5	-1.000000E+5	1.019775E+0	3.360343E-2
3.000000E+5	-1.000000E+5	8.497850E-1	1.251684E-2
-3.000000E+5	-7.500000E+4	9.542595E-1	1.628540E-2
-2.750000E+5	-7.500000E+4	9.859383E-1	1.911176E-2
-2.500000E+5	-7.500000E+4	1.084095E+0	2.508840E-2
-2.250000E+5	-7.500000E+4	1.181563E+0	2.933266E-2
-2.000000E+5	-7.500000E+4	1.470897E+0	2.258757E-2
-1.750000E+5	-7.500000E+4	1.699463E+0	4.511370E-2
-1.500000E+5	-7.500000E+4	1.909829E+0	2.317653E-2
-1.250000E+5	-7.500000E+4	2.236081E+0	3.393254E-2
-1.000000E+5	-7.500000E+4	2.598510E+0	5.735041E-2
-7.500000E+4	-7.500000E+4	2.912554E+0	6.708892E-2
-5.000000E+4	-7.500000E+4	3.154503E+0	3.894782E-2
-2.500000E+4	-7.500000E+4	3.335502E+0	4.199933E-2
0.000000E+0	-7.500000E+4	3.370354E+0	4.420458E-2
2.500000E+4	-7.500000E+4	3.523022E+0	2.144618E-2
5.000000E+4	-7.500000E+4	3.337750E+0	7.199891E-2
7.500000E+4	-7.500000E+4	3.050142E+0	2.590669E-2
1.000000E+5	-7.500000E+4	2.922539E+0	4.296696E-2
1.250000E+5	-7.500000E+4	2.608549E+0	4.328570E-2
1.500000E+5	-7.500000E+4	2.235992E+0	4.495758E-2
1.750000E+5	-7.500000E+4	1.947504E+0	3.868863E-2
2.000000E+5	-7.500000E+4	1.671430E+0	3.638313E-2
2.250000E+5	-7.500000E+4	1.387601E+0	2.669809E-2
2.500000E+5	-7.500000E+4	1.209760E+0	2.361070E-2
2.750000E+5	-7.500000E+4	9.070717E-1	1.911466E-2
3.000000E+5	-7.500000E+4	8.884187E-1	7.173837E-3
-3.000000E+5	-5.000000E+4	9.737039E-1	6.982153E-2
-2.750000E+5	-5.000000E+4	1.072138E+0	2.483657E-2
-2.500000E+5	-5.000000E+4	1.215556E+0	4.697879E-2
-2.250000E+5	-5.000000E+4	1.398243E+0	1.634080E-2
-2.000000E+5	-5.000000E+4	1.535713E+0	2.798791E-2
-1.750000E+5	-5.000000E+4	1.779774E+0	4.524203E-2
-1.500000E+5	-5.000000E+4	2.021256E+0	4.329274E-2
-1.250000E+5	-5.000000E+4	2.462695E+0	1.805679E-2
-1.000000E+5	-5.000000E+4	2.657853E+0	1.737114E-2
-7.500000E+4	-5.000000E+4	3.047756E+0	3.640778E-2
-5.000000E+4	-5.000000E+4	3.252048E+0	4.640346E-2
-2.500000E+4	-5.000000E+4	3.471364E+0	2.502211E-2
0.000000E+0	-5.000000E+4	3.527537E+0	1.207749E-2
2.500000E+4	-5.000000E+4	3.547443E+0	5.227991E-2
5.000000E+4	-5.000000E+4	3.507652E+0	3.676965E-2
7.500000E+4	-5.000000E+4	3.147045E+0	6.939303E-2
1.000000E+5	-5.000000E+4	3.005921E+0	3.730306E-2
1.250000E+5	-5.000000E+4	2.714316E+0	2.739382E-2
1.500000E+5	-5.000000E+4	2.347215E+0	3.909181E-2
1.750000E+5	-5.000000E+4	2.021029E+0	3.741276E-2
2.000000E+5	-5.000000E+4	1.738421E+0	7.223865E-2
2.250000E+5	-5.000000E+4	1.420009E+0	1.129334E-2
2.500000E+5	-5.000000E+4	1.187908E+0	6.989172E-2
2.750000E+5	-5.000000E+4	1.078169E+0	3.535308E-2
3.000000E+5	-5.000000E+4	8.497799E-1	3.084281E-2
-3.000000E+5	-2.500000E+4	1.050404E+0	2.431267E-2
-2.750000E+5	-2.500000E+4	1.050696E+0	2.530450E-2
-2.500000E+5	-2.500000E+4	1.278923E+0	1.287020E-2
-2.250000E+5	-2.500000E+4	1.419493E+0	2.921650E-2
-2.000000E+5	-2.500000E+4	1.559829E+0	2.640140E-2
-1.750000E+5	-2.500000E+4	1.905732E+0	1.669778E-2
-1.500000E+5	-2.500000E+4	2.172549E+0	2.004387E-2
-1.250000E+5	-2.500000E+4	2.475877E+0	2.322400E-2
-1.000000E+5	-2.500000E+4	2.741906E+0	2.033487E-2
-7.500000E+4	-2.500000E+4	3.190757E+0	3.654232E-2
-5.000000E+4	-2.500000E+4	3.338687E+0	2.323193E-2
-2.500000E+4	-2.500000E+4	3.528598E+0	2.668058E-2
0.000000E+0	-2.500000E+4	3.541690E+0	2.603529E-2
2.500000E+4	-2.500000E+4	3.582175E+0	2.298791E-2
5.000000E+4	-2.500000E+4	3.473936E+0	5.083665E-2
7.500000E+4	-2.500000E+4	3.298310E+0	3.002216E-2
1.000000E+5	-2.500000E+4	2.973013E+0	2.004994E-2
1.250000E+5	-2.500000E+4	2.703776E+0	2.149453E-2
1.500000E+5	-2.500000E+4	2.364149E+0	1.856531E-2
1.750000E+5	-2.500000E+4	2.013173E+0	3.810909E-2
2.000000E+5	-2.500000E+4	1.623333E+0	4.257550E-2
2.250000E+5	-2.500000E+4	1.382919E+0	3.453795E-2
2.500000E+5	-2.500000E+4	1.200006E+0	1.973399E-2
2.750000E+5	-2.500000E+4	9.931992E-1	1.688723E-2
3.000000E+5	-2.500000E+4	8.349511E-1	1.260970E-2
-3.000000E+5	0.000000E+0	1.073413E+0	6.152729E-2
-2.750000E+5	0.000000E+0	1.311469E+0	7.774873E-2
-2.500000E+5	0.000000E+0	1.297208E+0	3.769268E-2
-2.250000E+5	0.000000E+0	1.532614E+0	8.184736E-2
-2.000000E+5	0.000000E+0	1.777996E+0	2.630046E-2
-1.750000E+5	0.000000E+0	1.918390E+0	4.805284E-2
-1.500000E+5	0.000000E+0	2.314722E+0	6.007727E-2
-1.250000E+5	0.000000E+0	2.516086E+0	2.775447E-2
-1.000000E+5	0.000000E+0	2.815206E+0	1.593286E-2
-7.500000E+4	0.000000E+0	3.069083E+0	1.491938E-2
-5.000000E+4	0.000000E+0	3.343859E+0	2.918802E-2
-2.500000E+4	0.000000E+0	3.514527E+0	3.269320E-2
0.000000E+0	0.000000E+0	3.542838E+0	5.640292E-2
2.500000E+4	0.000000E+0	3.475454E+0	1.999904E-2
5.000000E+4	0.000000E+0	3.343206E+0	3.322381E-2
7.500000E+4	0.000000E+0	3.177886E+0	2.830526E-2
1.000000E+5	0.000000E+0	2.907678E+0	4.175269E-2
1.250000E+5	0.000000E+0	2.703850E+0	2.197452E-2
1.500000E+5	0.000000E+0	2.312960E+0	5.529557E-2
1.750000E+5	0.000000E+0	1.950171E+0	3.516576E-2
2.000000E+5	0.000000E+0	1.706460E+0	2.902273E-2
2.250000E+5	0.000000E+0	1.424346E+0	8.210369E-3
2.500000E+5	0.000000E+0	1.227148E+0	3.518322E-2
2.750000E+5	0.000000E+0	9.925425E-1	2.146735E-2
3.000000E+5	0.000000E+0	8.950902E-1	3.992704E-2
-3.000000E+5	2.500000E+4	1.156891E+0	5.035467E-2
-2.750000E+5	2.500000E+4	1.217361E+0	4.249962E-2
-2.500000E+5	2.500000E+4	1.392700E+0	2.507002E-2
-2.250000E+5	2.500000E+4	1.579702E+0	2.652837E-2
-2.000000E+5	2.500000E+4	1.812240E+0	3.722889E-2
-1.750000E+5	2.500000E+4	1.936672E+0	3.607594E-2
-1.500000E+5	2.500000E+4	2.274395E+0	7.937284E-3
-1.250000E+5	2.500000E+4	2.517362E+0	4.459519E-2
-1.000000E+5	2.500000E+4	2.806196E+0	3.358189E-2
-7.500000E+4	2.500000E+4	3.039508E+0	1.922121E-2
-5.000000E+4	2.500000E+4	3.176646E+0	1.225552E-2
-2.500000E+4	2.500000E+4	3.281169E+0	3.031487E-2
0.000000E+0	2.500000E+4	3.315879E+0	2.219778E-2
2.500000E+4	2.500000E+4	3.327004E+0	5.102901E-2
5.000000E+4	2.500000E+4	3.235532E+0	2.493274E-2
7.500000E+4	2.500000E+4	3.074305E+0	2.097753E-2
1.000000E+5	2.500000E+4	2.809568E+0	2.370498E-2
1.250000E+5	2.500000E+4	2.513675E+0	1.984551E-2
1.500000E+5	2.500000E+4	2.213234E+0	2.450521E-2
1.750000E+5	2.500000E+4	1.898398E+0	2.443139E-2
2.000000E+5	2.500000E+4	1.560182E+0	3.196253E-2
2.250000E+5	2.500000E+4	1.408908E+0	4.362236E-2
2.500000E+5	2.500000E+4	1.127879E+0	6.457049E-2
2.750000E+5	2.500000E+4	9.681480E-1	5.924703E-2
3.000000E+5	2.500000E+4	7.455705E-1	4.346348E-2
-3.000000E+5	5.000000E+4	1.204767E+0	2.334124E-2
-2.750000E+5	5.000000E+4	1.282125E+0	1.167642E-2
-2.500000E+5	5.000000E+4	1.466366E+0	3.727282E-2
-2.250000E+5	5.000000E+4	1.673796E+0	5.172313E-2
-2.000000E+5	5.000000E+4	1.787349E+0	5.295115E-2
-1.750000E+5	5.000000E+4	2.155918E+0	1.718935E-2
-1.500000E+5	5.000000E+4	2.387751E+0	2.904545E-2
-1.250000E+5	5.000000E+4	2.579317E+0	4.636579E-2
-1.000000E+5	5.000000E+4	2.743132E+0	6.667476E-2
-7.500000E+4	5.000000E+4	2.923013E+0	6.237670E-3
-5.000000E+4	5.000000E+4	3.028030E+0	4.867791E-2
-2.500000E+4	5.000000E+4	3.162334E+0	1.173376E-2
0.000000E+0	5.000000E+4	3.191919E+0	7.618111E-2
2.500000E+4	5.000000E+4	3.210687E+0	4.134783E-2
5.000000E+4	5.000000E+4	2.999153E+0	2.192101E-2
7.500000E+4	5.000000E+4	2.797584E+0	2.827576E-2
1.000000E+5	5.000000E+4	2.628445E+0	1.461557E-2
1.250000E+5	5.000000E+4	2.384455E+0	1.861149E-2
1.500000E+5	5.000000E+4	2.105471E+0	1.676799E-2
1.750000E+5	5.000000E+4	1.870302E+0	1.473095E-2
2.000000E+5	5.000000E+4	1.499521E+0	2.886899E-2
2.250000E+5	5.000000E+4	1.307880E+0	3.023594E-2
2.500000E+5	5.000000E+4	1.178997E+0	3.425360E-2
2.750000E+5	5.000000E+4	9.405862E-1	1.658079E-2
3.000000E+5	5.000000E+4	8.074290E-1	5.296188E-2
-3.000000E+5	7.500000E+4	1.069089E+0	4.012840E-2
-2.750000E+5	7.500000E+4	1.420223E+0	1.041249E-2
-2.500000E+5	7.500000E+4	1.488011E+0	1.661547E-2
-2.250000E+5	7.500000E+4	1.622798E+0	3.411183E-2
-2.000000E+5	7.500000E+4	1.877004E+0	4.134393E-2
-1.750000E+5	7.500000E+4	2.011197E+0	2.293966E-2
-1.500000E+5	7.500000E+4	2.259625E+0	2.049679E-2
-1.250000E+5	7.500000E+4	2.469332E+0	2.682180E-2
-1.000000E+5	7.500000E+4	2.611327E+0	3.453833E-2
-7.500000E+4	7.500000E+4	2.754777E+0	2.757084E-2
-5.000000E+4	7.500000E+4	2.891571E+0	2.616224E-2
-2.500000E+4	7.500000E+4	2.942999E+0	2.528179E-2
0.000000E+0	7.500000E+4	2.882329E+0	8.636205E-2
2.500000E+4	7.500000E+4	2.870579E+0	2.406934E-2
5.000000E+4	7.500000E+4	2.720119E+0	2.536378E-2
7.500000E+4	7.500000E+4	2.572125E+0	2.194949E-2
1.000000E+5	7.500000E+4	2.382402E+0	4.113461E-2
1.250000E+5	7.500000E+4	2.211029E+0	1.480355E-2
1.500000E+5	7.500000E+4	1.885522E+0	3.847711E-2
1.750000E+5	7.500000E+4	1.651243E+0	3.156066E-2
2.000000E+5	7.500000E+4	1.416901E+0	1.870866E-2
2.250000E+5	7.500000E+4	1.282408E+0	4.003928E-2
2.500000E+5	7.500000E+4	1.140853E+0	2.867960E-2
2.750000E+5	7.500000E+4	9.209134E-1	3.515689E-2
3.000000E+5	7.500000E+4	6.595715E-1	3.393603E-2
-3.000000E+5	1.000000E+5	1.154258E+0	1.863279E-2
-2.750000E+5	1.000000E+5	1.283173E+0	5.701475E-2
-2.500000E+5	1.000000E+5	1.543356E+0	7.015771E-2
-2.250000E+5	1.000000E+5	1.652954E+0	2.630178E-2
-2.000000E+5	1.000000E+5	1.869586E+0	5.295096E-2
-1.750000E+5	1.000000E+5	1.945627E+0	4.427544E-2
-1.500000E+5	1.000000E+5	2.224974E+0	4.095986E-2
-1.250000E+5	1.000000E+5	2.162387E+0	3.726406E-2
-1.000000E+5	1.000000E+5	2.439215E+0	4.387944E-2
-7.500000E+4	1.000000E+5	2.589115E+0	2.748552E-2
-5.000000E+4	1.000000E+5	2.595401E+0	2.063382E-2
-2.500000E+4	1.000000E+5	2.605709E+0	2.284776E-2
0.000000E+0	1.000000E+5	2.585656E+0	4.070844E-2
2.500000E+4	1.000000E+5	2.540751E+0	4.296624E-2
5.000000E+4	1.000000E+5	2.507401E+0	3.918153E-2
7.500000E+4	1.000000E+5	2.334954E+0	1.523962E-2
1.000000E+5	1.000000E+5	2.240820E+0	5.199379E-2
1.250000E+5	1.000000E+5	1.931278E+0	2.398077E-2
1.500000E+5	1.000000E+5	1.724987E+0	2.447489E-2
1.750000E+5	1.000000E+5	1.614819E+0	2.298473E-2
2.000000E+5	1.000000E+5	1.292428E+0	4.064768E-2
2.250000E+5	1.000000E+5	1.226860E+0	3.990543E-2
2.500000E+5	1.000000E+5	9.700489E-1	1.967710E-2
2.750000E+5	1.000000E+5	8.431431E-1	3.503287E-2
3.000000E+5	1.000000E+5	7.245098E-1	3.773481E-2
-3.000000E+5	1.250000E+5	1.245457E+0	2.884888E-2
-2.750000E+5	1.250000E+5	1.259093E+0	3.132562E-2
-2.500000E+5	1.250000E+5	1.489538E+0	3.219825E-2
-2.250000E+5	1.250000E+5	1.586119E+0	3.396098E-2
-2.000000E+5	1.250000E+5	1.702166E+0	3.159056E-2
-1.750000E+5	1.250000E+5	1.938574E+0	9.484750E-3
-1.500000E+5	1.250000E+5	2.075031E+0	4.443389E-2
-1.250000E+5	1.250000E+5	2.168729E+0	2.980671E-2
-1.000000E+5	1.250000E+5	2.282115E+0	9.812880E-3
-7.500000E+4	1.250000E+5	2.329068E+0	2.198830E-2
-5.000000E+4	1.250000E+5	2.438714E+0	1.633530E-2
-2.500000E+4	1.250000E+5	2.326005E+0	3.346743E-2
0.000000E+0	1.250000E+5	2.391415E+0	1.432872E-2
2.500000E+4	1.250000E+5	2.288762E+0	2.326455E-2
5.000000E+4	1.250000E+5	2.166235E+0	6.294597E-2
7.500000E+4	1.250000E+5	2.065073E+0	3.830782E-2
1.000000E+5	1.250000E+5	2.025039E+0	2.091303E-2
1.250000E+5	1.250000E+5	1.763901E+0	2.505593E-2
1.500000E+5	1.250000E+5	1.531770E+0	4.249573E-2
1.750000E+5	1.250000E+5	1.413693E+0	2.902838E-2
2.000000E+5	1.250000E+5	1.250532E+0	3.072440E-2
2.250000E+5	1.250000E+5	1.096747E+0	2.526703E-2
2.500000E+5	1.250000E+5	8.870237E-1	2.736118E-2
2.750000E+5	1.250000E+5	7.672288E-1	3.705339E-2
3.000000E+5	1.250000E+5	7.004733E-1	1.669857E-2
-3.000000E+5	1.500000E+5	1.163225E+0	3.598080E-2
-2.750000E+5	1.500000E+5	1.257495E+0	3.347087E-2
-2.500000E+5	1.500000E+5	1.387669E+0	2.211329E-2
-2.250000E+5	1.500000E+5	1.533471E+0	2.466810E-2
-2.000000E+5	1.500000E+5	1.752446E+0	1.600608E-2
-1.750000E+5	1.500000E+5	1.771485E+0	4.210136E-2
-1.500000E+5	1.500000E+5	1.923909E+0	2.303348E-2
-1.250000E+5	1.500000E+5	2.031716E+0	3.489324E-2
-1.000000E+5	1.500000E+5	2.063105E+0	5.378439E-2
-7.500000E+4	1.500000E+5	2.140881E+0	2.623682E-2
-5.000000E+4	1.500000E+5	2.143299E+0	2.690368E-2
-2.500000E+4	1.500000E+5	2.062569E+0	2.025220E-2
0.000000E+0	1.500000E+5	2.007642E+0	2.031865E-2
2.500000E+4	1.500000E+5	1.980232E+0	2.498476E-2
5.000000E+4	1.500000E+5	1.867855E+0	5.070891E-2
7.500000E+4	1.500000E+5	1.793635E+0	4.290486E-2
1.000000E+5	1.500000E+5	1.761122E+0	7.116734E-2
1.250000E+5	1.500000E+5	1.603559E+0	2.620012E-2
1.500000E+5	1.500000E+5	1.408466E+0	3.362957E-2
1.750000E+5	1.500000E+5	1.270900E+0	2.683754E-2
2.000000E+5	1.500000E+5	1.089769E+0	4.439557E-2
2.250000E+5	1.500000E+5	9.936785E-1	1.840367E-2
2.500000E+5	1.500000E+5	8.790581E-1	3.406598E-2
2.750000E+5	1.500000E+5	7.263668E-1	1.943470E-2
3.000000E+5	1.500000E+5	7.245761E-1	5.186117E-2
-3.000000E+5	1.750000E+5	1.068878E+0	1.481837E-2
-2.750000E+5	1.750000E+5	1.174173E+0	1.507413E-2
-2.500000E+5	1.750000E+5	1.262535E+0	2.767970E-2
-2.250000E+5	1.750000E+5	1.488220E+0	4.717146E-2
-2.000000E+5	1.750000E+5	1.577730E+0	9.888404E-3
-1.750000E+5	1.750000E+5	1.764672E+0	6.211919E-2
-1.500000E+5	1.750000E+5	1.791862E+0	2.816371E-2
-1.250000E+5	1.750000E+5	1.901616E+0	4.208755E-2
-1.000000E+5	1.750000E+5	1.960103E+0	3.423814E-2
-7.500000E+4	1.750000E+5	1.969183E+0	5.108261E-2
-5.000000E+4	1.750000E+5	1.918325E+0	3.645493E-2
-2.500000E+4	1.750000E+5	1.869543E+0	1.996104E-2
0.000000E+0	1.750000E+5	1.782338E+0	1.499736E-2
2.500000E+4	1.750000E+5	1.856380E+0	6.676693E-2
5.000000E+4	1.750000E+5	1.707628E+0	5.532146E-2
7.500000E+4	1.750000E+5	1.600587E+0	2.424384E-2
1.000000E+5	1.750000E+5	1.515828E+0	2.907227E-2
1.250000E+5	1.750000E+5	1.354996E+0	4.549665E-2
1.500000E+5	1.750000E+5	1.255289E+0	2.534605E-2
1.750000E+5	1.750000E+5	1.185285E+0	1.467444E-2
2.000000E+5	1.750000E+5	1.068034E+0	4.023843E-2
2.250000E+5	1.750000E+5	9.217567E-1	2.438259E-2
2.500000E+5	1.750000E+5	8.053476E-1	2.782623E-2
2.750000E+5	1.750000E+5	7.311721E-1	3.634737E-2
3.000000E+5	1.750000E+5	6.222869E-1	6.105376E-2
-3.000000E+5	2.000000E+5	9.627340E-1	3.561750E-2
-2.750000E+5	2.000000E+5	1.091170E+0	2.456530E-2
-2.500000E+5	2.000000E+5	1.249358E+0	1.687643E-2
-2.250000E+5	2.000000E+5	1.382793E+0	5.054826E-2
-2.000000E+5	2.000000E+5	1.418328E+0	1.754193E-2
-1.750000E+5	2.000000E+5	1.610086E+0	1.761629E-2
-1.500000E+5	2.000000E+5	1.629701E+0	1.978438E-2
-1.250000E+5	2.000000E+5	1.769449E+0	3.217541E-2
-1.000000E+5	2.000000E+5	1.765657E+0	1.473469E-2
-7.500000E+4	2.000000E+5	1.699209E+0	2.435980E-2
-5.000000E+4	2.000000E+5	1.771587E+0	3.751929E-2
-2.500000E+4	2.000000E+5	1.711161E+0	4.141174E-2
0.000000E+0	2.000000E+5	1.621627E+0	2.358426E-2
2.500000E+4	2.000000E+5	1.601533E+0	3.309409E-2
5.000000E+4	2.000000E+5	1.469176E+0	6.326274E-2
7.500000E+4	2.000000E+5	1.463569E+0	3.652408E-2
1.000000E+5	2.000000E+5	1.331319E+0	3.487792E-2
1.250000E+5	2.000000E+5	1.160772E+0	4.766990E-2
1.500000E+5	2.000000E+5	1.104296E+0	2.061343E-2
1.750000E+5	2.000000E+5	1.012827E+0	3.373029E-2
2.000000E+5	2.000000E+5	9.015975E-1	2.211461E-2
2.250000E+5	2.000000E+5	8.212777E-1	1.561106E-2
2.500000E+5	2.000000E+5	7.801067E-1	3.670266E-2
2.750000E+5	2.000000E+5	6.558330E-1	3.387493E-2
3.000000E+5	2.000000E+5	6.558860E-1	2.024145E-2
-3.000000E+5	2.250000E+5	9.172156E-1	5.240715E-2
-2.750000E+5	2.250000E+5	9.757975E-1	2.708865E-2
-2.500000E+5	2.250000E+5	1.133307E+0	1.655642E-2
-2.250000E+5	2.250000E+5	1.194663E+0	2.837203E-2
-2.000000E+5	2.250000E+5	1.253530E+0	2.995371E-2
-1.750000E+5	2.250000E+5	1.485404E+0	2.539260E-2
-1.500000E+5	2.250000E+5	1.444799E+0	2.885103E-2
-1.250000E+5	2.250000E+5	1.541994E+0	1.278576E-2
-1.000000E+5	2.250000E+5	1.571346E+0	5.085823E-2
-7.500000E+4	2.250000E+5	1.504489E+0	3.425962E-2
-5.000000E+4	2.250000E+5	1.576220E+0	1.617712E-2
-2.500000E+4	2.250000E+5	1.502872E+0	1.482716E-2
0.000000E+0	2.250000E+5	1.449730E+0	4.491706E-2
2.500000E+4	2.250000E+5	1.396549E+0	3.186265E-2
5.000000E+4	2.250000E+5	1.383819E+0	4.460775E-2
7.500000E+4	2.250000E+5	1.222418E+0	2.793751E-2
1.000000E+5	2.250000E+5	1.123843E+0	6.693677E-2
1.250000E+5	2.250000E+5	1.113229E+0	1.220725E-2
1.500000E+5	2.250000E+5	9.979810E-1	5.531068E-2
1.750000E+5	2.250000E+5	8.417847E-1	3.740050E-2
2.000000E+5	2.250000E+5	8.660547E-1	1.399289E-2
2.250000E+5	2.250000E+5	7.423347E-1	4.182169E-2
2.500000E+5	2.250000E+5	6.768101E-1	1.416484E-2
2.750000E+5	2.250000E+5	6.525360E-1	2.315086E-2
3.000000E+5	2.250000E+5	5.938807E-1	2.267299E-2
-3.000000E+5	2.500000E+5	7.866477E-1	1.376627E-2
-2.750000E+5	2.500000E+5	9.935296E-1	4.025228E-2
-2.500000E+5	2.500000E+5	1.090612E+0	1.946708E-2
-2.250000E+5	2.500000E+5	1.138410E+0	2.468594E-2
-2.000000E+5	2.500000E+5	1.196445E+0	2.394794E-2
-1.750000E+5	2.500000E+5	1.276332E+0	1.097567E-2
-1.500000E+5	2.500000E+5	1.398085E+0	2.004188E-2
-1.250000E+5	2.500000E+5	1.441811E+0	2.286113E-2
-1.000000E+5	2.500000E+5	1.407012E+0	9.405150E-3
-7.500000E+4	2.500000E+5	1.349413E+0	6.389224E-2
-5.000000E+4	2.500000E+5	1.362294E+0	1.673319E-2
-2.500000E+4	2.500000E+5	1.343117E+0	1.014349E-2
0.000000E+0	2.500000E+5	1.274057E+0	1.677874E-2
2.500000E+4	2.500000E+5	1.196382E+0	4.129307E-2
5.000000E+4	2.500000E+5	1.179561E+0	4.011332E-2
7.500000E+4	2.500000E+5	1.145547E+0	3.479216E-2
1.000000E+5	2.500000E+5	1.084063E+0	5.591539E-2
1.250000E+5	2.500000E+5	9.887050E-1	4.332444E-2
1.500000E+5	2.500000E+5	8.598524E-1	4.177324E-2
1.750000E+5	2.500000E+5	7.949610E-1	4.257044E-2
2.000000E+5	2.500000E+5	8.378310E-1	3.443369E-2
2.250000E+5	2.500000E+5	6.917041E-1	2.865625E-2
2.500000E+5	2.500000E+5	6.974384E-1	2.684804E-2
2.750000E+5	2.500000E+5	5.613789E-1	5.094622E-2
3.000000E+5	2.500000E+5	6.077029E-1	2.323705E-2
-3.000000E+5	2.750000E+5	8.811996E-1	3.733557E-2
-2.750000E+5	2.750000E+5	8.564381E-1	5.724425E-2
-2.500000E+5	2.750000E+5	9.318353E-1	2.345249E-2
-2.250000E+5	2.750000E+5	1.009326E+0	3.176887E-2
-2.000000E+5	2.750000E+5	1.044569E+0	2.689072E-2
-1.750000E+5	2.750000E+5	1.110061E+0	2.784687E-2
-1.500000E+5	2.750000E+5	1.216774E+0	1.055079E-2
-1.250000E+5	2.750000E+5	1.305089E+0	3.345081E-2
-1.000000E+5	2.750000E+5	1.254079E+0	5.099616E-2
-7.500000E+4	2.750000E+5	1.231086E+0	1.325468E-2
-5.000000E+4	2.750000E+5	1.213178E+0	4.283272E-2
-2.500000E+4	2.750000E+5	1.180480E+0	2.369658E-2
0.000000E+0	2.750000E+5	1.216415E+0	2.538310E-2
2.500000E+4	2.750000E+5	1.111184E+0	2.509904E-2
5.000000E+4	2.750000E+5	1.074681E+0	2.013774E-2
7.500000E+4	2.750000E+5	1.066183E+0	2.172119E-2
1.000000E+5	2.750000E+5	1.030010E+0	4.010341E-2
1.250000E+5	2.750000E+5	8.747352E-1	2.690263E-2
1.500000E+5	2.750000E+5	7.550658E-1	1.600339E-2
1.750000E+5	2.750000E+5	6.830440E-1	5.550104E-2
2.000000E+5	2.750000E+5	6.583590E-1	2.728528E-2
2.250000E+5	2.750000E+5	7.088937E-1	4.175177E-2
2.500000E+5	2.750000E+5	5.615716E-1	3.514787E-2
2.750000E+5	2.750000E+5	6.630327E-1	3.043364E-2
3.000000E+5	2.750000E+5	4.812784E-1	2.789983E-2
-3.000000E+5	3.000000E+5	8.559690E-1	2.215404E-2
-2.750000E+5	3.000000E+5	8.033559E-1	1.682740E-2
-2.500000E+5	3.000000E+5	8.522998E-1	4.718004E-2
-2.250000E+5	3.000000E+5	9.016607E-1	2.882092E-2
-2.000000E+5	3.000000E+5	9.543278E-1	2.414199E-2
-1.750000E+5	3.000000E+5	1.033952E+0	2.381023E-2
-1.500000E+5	3.000000E+5	1.079383E+0	6.445172E-2
-1.250000E+5	3.000000E+5	1.201898E+0	1.586619E-2
-1.000000E+5	3.000000E+5	1.145887E+0	1.797152E-2
-7.500000E+4	3.000000E+5	1.108484E+0	1.878731E-2
-5.000000E+4	3.000000E+5	1.117890E+0	5.327568E-2
-2.500000E+4	3.000000E+5	1.045126E+0	1.224671E-2
0.000000E+0	3.000000E+5	1.030052E+0	3.022663E-2
2.500000E+4	3.000000E+5	9.711962E-1	3.012371E-2
5.000000E+4	3.000000E+5	9.487537E-1	1.779695E-2
7.500000E+4	3.000000E+5	9.010448E-1	2.579528E-2
1.000000E+5	3.000000E+5	8.507844E-1	3.789896E-2
1.250000E+5	3.000000E+5	8.255068E-1	1.546820E-2
1.500000E+5	3.000000E+5	6.841760E-1	5.349339E-2
1.750000E+5	3.000000E+5	6.066790E-1	5.417495E-2
2.000000E+5	3.000000E+5	6.326439E-1	2.749318E-2
2.250000E+5	3.000000E+5	6.192214E-1	1.569928E-2
2.500000E+5	3.000000E+5	5.599899E-1	1.337053E-2
2.750000E+5	3.000000E+5	5.606599E-1	4.712159E-2
3.000000E+5	3.000000E+5	5.328553E-1	1.747870E-2
