0.000000E+0	NaN	0.000000E+0
1.999360E+3	NaN	0.000000E+0
3.998720E+3	NaN	0.000000E+0
5.998081E+3	NaN	0.000000E+0
7.997441E+3	NaN	0.000000E+0
9.996801E+3	NaN	0.000000E+0
1.199616E+4	NaN	0.000000E+0
1.399552E+4	NaN	0.000000E+0
1.599488E+4	NaN	0.000000E+0
1.799424E+4	NaN	0.000000E+0
-1.000000E+4	-1.024828E+1	0.000000E+0
-9.500000E+3	-1.024828E+1	0.000000E+0
-9.000000E+3	-1.024828E+1	0.000000E+0
-8.500000E+3	-1.024828E+1	0.000000E+0
-8.000000E+3	-1.024828E+1	0.000000E+0
-7.500000E+3	-1.024828E+1	0.000000E+0
-7.000000E+3	-1.024828E+1	0.000000E+0
-6.500000E+3	-1.024828E+1	0.000000E+0
-6.000000E+3	-1.024828E+1	0.000000E+0
-5.500000E+3	-1.024828E+1	0.000000E+0
-5.000000E+3	-1.024828E+1	0.000000E+0
-4.500000E+3	-1.024828E+1	0.000000E+0
-4.000000E+3	-1.024828E+1	0.000000E+0
-3.500000E+3	-1.024828E+1	0.000000E+0
-3.000000E+3	-1.024828E+1	0.000000E+0
-2.500000E+3	-1.024828E+1	0.000000E+0
-2.000000E+3	-1.024828E+1	0.000000E+0
-1.500000E+3	-1.024828E+1	0.000000E+0
-1.000000E+3	-1.024828E+1	0.000000E+0
-5.000000E+2	-1.024828E+1	0.000000E+0
0.000000E+0	-1.024828E+1	0.000000E+0
5.000000E+2	-1.024828E+1	0.000000E+0
1.000000E+3	-1.024828E+1	0.000000E+0
1.500000E+3	-1.024828E+1	0.000000E+0
2.000000E+3	-1.024828E+1	0.000000E+0
2.500000E+3	-1.024828E+1	0.000000E+0
3.000000E+3	-1.024828E+1	0.000000E+0
3.500000E+3	-1.024828E+1	0.000000E+0
4.000000E+3	-1.024828E+1	0.000000E+0
-7.734000E+3	-1.024828E+1	0.000000E+0
-7.234000E+3	-1.024828E+1	0.000000E+0
-6.734000E+3	-1.024828E+1	0.000000E+0
-6.234000E+3	-1.024828E+1	0.000000E+0
-5.734000E+3	-1.024828E+1	0.000000E+0
-5.234000E+3	-1.024828E+1	0.000000E+0
-4.734000E+3	-1.024828E+1	0.000000E+0
-4.234000E+3	-1.024828E+1	0.000000E+0
-3.734000E+3	-1.024828E+1	0.000000E+0
-3.234000E+3	-9.859942E+0	2.563467E+0
-2.734000E+3	-9.877908E+0	2.493781E+0
-2.234000E+3	-9.862698E+0	2.556489E+0
-1.734000E+3	-9.861798E+0	2.552725E+0
-1.234000E+3	-1.024828E+1	0.000000E+0
-7.340000E+2	-1.024828E+1	0.000000E+0
-2.340000E+2	-1.024828E+1	0.000000E+0
2.660000E+2	-1.024828E+1	0.000000E+0
7.660000E+2	-1.024828E+1	0.000000E+0
1.266000E+3	-1.020653E+1	8.937360E-1
1.766000E+3	-1.019171E+1	1.021826E+0
2.266000E+3	-1.022498E+1	6.750951E-1
2.766000E+3	-1.023238E+1	5.628360E-1
3.266000E+3	-9.652242E+0	3.181901E+0
3.766000E+3	-1.020772E+1	9.073107E-1
4.266000E+3	-1.024828E+1	0.000000E+0
4.766000E+3	-1.024828E+1	0.000000E+0
5.266000E+3	-1.024828E+1	0.000000E+0
5.766000E+3	-1.024828E+1	0.000000E+0
6.266000E+3	-1.024828E+1	0.000000E+0
6.766000E+3	-1.024828E+1	0.000000E+0
7.266000E+3	-1.024828E+1	0.000000E+0
7.766000E+3	-9.411067E+0	3.448648E+0
8.266000E+3	-1.024828E+1	0.000000E+0
8.766000E+3	-1.024828E+1	0.000000E+0
9.266000E+3	-1.024828E+1	0.000000E+0
9.766000E+3	-1.024828E+1	0.000000E+0
1.026600E+4	-1.024828E+1	0.000000E+0
1.076600E+4	-1.024828E+1	0.000000E+0
1.126600E+4	-1.024828E+1	0.000000E+0
1.176600E+4	-1.024828E+1	0.000000E+0
1.226600E+4	-1.024828E+1	0.000000E+0
0.000000E+0	4.560000E+2	-1.024828E+1	0.000000E+0
0.000000E+0	4.560000E+2	-1.024828E+1	0.000000E+0
0.000000E+0	4.560000E+2	-1.024828E+1	0.000000E+0
0.000000E+0	4.560000E+2	-1.024828E+1	0.000000E+0
0.000000E+0	4.560000E+2	-1.024828E+1	0.000000E+0
0.000000E+0	4.560000E+2	-1.024828E+1	0.000000E+0
0.000000E+0	4.560000E+2	-1.024828E+1	0.000000E+0
0.000000E+0	4.560000E+2	-1.024828E+1	0.000000E+0
0.000000E+0	-5.000000E+3	-1.024828E+1	0.000000E+0
0.000000E+0	-5.000000E+3	-1.024828E+1	0.000000E+0
0.000000E+0	-5.000000E+3	-1.024828E+1	0.000000E+0
0.000000E+0	-5.000000E+3	-1.024828E+1	0.000000E+0
-1.000000E+4	7.867814E-2	4.831357E-3
-9.500000E+3	8.014307E-2	4.724455E-3
-9.000000E+3	7.982082E-2	4.845047E-3
-8.500000E+3	8.215818E-2	4.250225E-3
-8.000000E+3	8.531392E-2	4.491259E-3
-7.500000E+3	8.780527E-2	4.122553E-3
-7.000000E+3	8.794804E-2	4.072151E-3
-6.500000E+3	9.199151E-2	4.098877E-3
-6.000000E+3	9.337945E-2	4.025562E-3
-5.500000E+3	9.353956E-2	4.015194E-3
-5.000000E+3	9.448541E-2	4.214828E-3
-4.500000E+3	9.907804E-2	4.236913E-3
-4.000000E+3	9.972867E-2	4.474415E-3
-3.500000E+3	1.009458E-1	4.521072E-3
-3.000000E+3	1.046573E-1	4.218801E-3
-2.500000E+3	1.048791E-1	4.207937E-3
-2.000000E+3	1.053146E-1	4.277231E-3
-1.500000E+3	1.087620E-1	4.338601E-3
-1.000000E+3	1.102238E-1	4.036393E-3
-5.000000E+2	1.101948E-1	4.056186E-3
0.000000E+0	1.126515E-1	4.477258E-3
5.000000E+2	1.147680E-1	4.467134E-3
1.000000E+3	1.157786E-1	4.025166E-3
1.500000E+3	1.162070E-1	4.028981E-3
2.000000E+3	1.189767E-1	4.596363E-3
2.500000E+3	1.197354E-1	4.846193E-3
3.000000E+3	1.219637E-1	4.273409E-3
3.500000E+3	1.219989E-1	4.278273E-3
4.000000E+3	1.220091E-1	4.284587E-3
4.500000E+3	1.224379E-1	4.370738E-3
5.000000E+3	1.248028E-1	4.479012E-3
5.500000E+3	1.262805E-1	4.573179E-3
6.000000E+3	1.274165E-1	4.219576E-3
6.500000E+3	1.276740E-1	4.204954E-3
7.000000E+3	1.277092E-1	4.138709E-3
7.500000E+3	1.276648E-1	4.209277E-3
8.000000E+3	1.278820E-1	4.212961E-3
8.500000E+3	1.276822E-1	4.198339E-3
9.000000E+3	1.287422E-1	4.555102E-3
9.500000E+3	1.280493E-1	4.267175E-3
1.000000E+4	1.277097E-1	4.200654E-3
1.050000E+4	1.272844E-1	4.412011E-3
1.100000E+4	1.276699E-1	4.202068E-3
1.150000E+4	1.275277E-1	4.201160E-3
1.200000E+4	1.260740E-1	4.446220E-3
1.250000E+4	1.235566E-1	4.880366E-3
1.300000E+4	1.260790E-1	4.539672E-3
1.350000E+4	1.232354E-1	4.522938E-3
1.400000E+4	1.232303E-1	4.593940E-3
1.450000E+4	1.218852E-1	4.326987E-3
1.500000E+4	1.213972E-1	4.370184E-3
1.550000E+4	1.197829E-1	4.442965E-3
1.600000E+4	1.168780E-1	4.331875E-3
1.650000E+4	1.157965E-1	3.988979E-3
1.700000E+4	1.157588E-1	3.972466E-3
1.750000E+4	1.134061E-1	4.652655E-3
1.800000E+4	1.106287E-1	4.061459E-3
1.850000E+4	1.102667E-1	4.006373E-3
1.900000E+4	1.099888E-1	4.058093E-3
1.950000E+4	1.093514E-1	4.095964E-3
2.000000E+4	1.049072E-1	4.209809E-3
2.050000E+4	1.049209E-1	4.229532E-3
2.100000E+4	1.026279E-1	4.612051E-3
2.150000E+4	9.946607E-2	4.339486E-3
2.200000E+4	9.991631E-2	4.510916E-3
2.250000E+4	9.628993E-2	4.359226E-3
2.300000E+4	9.365326E-2	4.016540E-3
2.350000E+4	9.260798E-2	4.320550E-3
2.400000E+4	9.130163E-2	4.241305E-3
2.450000E+4	8.548066E-2	5.799733E-3
2.500000E+4	8.608386E-2	4.779610E-3
2.550000E+4	8.372356E-2	4.746955E-3
2.600000E+4	8.221988E-2	4.285044E-3
2.650000E+4	8.226220E-2	4.205519E-3
2.700000E+4	7.884233E-2	4.375234E-3
2.750000E+4	7.637239E-2	3.995404E-3
2.800000E+4	7.815295E-2	4.914818E-3
2.850000E+4	7.293468E-2	4.462101E-3
2.900000E+4	7.092110E-2	3.858912E-3
2.950000E+4	7.067380E-2	3.932760E-3
3.000000E+4	7.013331E-2	4.092206E-3
3.050000E+4	6.596237E-2	4.246519E-3
3.100000E+4	6.506495E-2	4.192571E-3
3.150000E+4	6.500223E-2	4.165513E-3
3.200000E+4	6.492371E-2	4.193347E-3
3.250000E+4	6.206524E-2	4.421680E-3
3.300000E+4	5.947191E-2	4.383250E-3
3.350000E+4	5.912722E-2	4.319126E-3
3.400000E+4	5.916138E-2	4.340312E-3
3.450000E+4	5.874633E-2	4.470226E-3
3.500000E+4	5.588224E-2	4.609995E-3
3.550000E+4	5.477628E-2	4.413780E-3
3.600000E+4	5.504041E-2	4.526700E-3
3.650000E+4	5.376873E-2	4.169638E-3
3.700000E+4	5.387376E-2	4.207349E-3
3.750000E+4	5.371825E-2	4.192425E-3
3.800000E+4	5.366573E-2	4.174878E-3
3.850000E+4	5.364431E-2	4.143196E-3
3.900000E+4	5.446524E-2	4.339785E-3
3.950000E+4	5.368357E-2	4.167141E-3
4.000000E+4	5.377841E-2	4.177237E-3
4.050000E+4	5.366063E-2	4.183603E-3
4.100000E+4	5.404764E-2	4.246825E-3
4.150000E+4	5.517910E-2	4.527796E-3
4.200000E+4	5.646403E-2	4.373836E-3
4.250000E+4	5.979722E-2	4.903347E-3
4.300000E+4	6.037340E-2	4.727936E-3
4.350000E+4	5.915883E-2	4.308834E-3
4.400000E+4	5.918025E-2	4.321638E-3
4.450000E+4	5.955094E-2	4.364293E-3
4.500000E+4	6.358370E-2	4.249772E-3
4.550000E+4	6.416142E-2	4.285962E-3
4.600000E+4	6.512869E-2	4.161861E-3
4.650000E+4	6.536324E-2	4.170915E-3
4.700000E+4	6.574923E-2	4.194567E-3
4.750000E+4	6.993598E-2	4.167453E-3
4.800000E+4	7.071561E-2	3.888283E-3
4.850000E+4	7.095271E-2	3.919769E-3
4.900000E+4	7.348690E-2	4.257647E-3
4.950000E+4	7.604402E-2	3.984994E-3
5.000000E+4	7.638157E-2	3.956538E-3
5.050000E+4	7.907229E-2	4.576013E-3
5.100000E+4	8.114706E-2	4.688187E-3
5.150000E+4	8.221886E-2	4.223617E-3
5.200000E+4	8.342680E-2	4.496762E-3
5.250000E+4	8.741622E-2	4.276170E-3
