-3.000000E+5	-3.000000E+5	5.922419E-1	7.029101E-2
-2.750000E+5	-3.000000E+5	1.558233E+0	1.478900E+0
-2.500000E+5	-3.000000E+5	4.658959E-1	6.263627E-3
-2.250000E+5	-3.000000E+5	4.224762E-1	1.582916E-2
-2.000000E+5	-3.000000E+5	3.439885E-1	1.529254E-2
-1.750000E+5	-3.000000E+5	3.431059E-1	3.115434E-2
-1.500000E+5	-3.000000E+5	3.322084E-1	2.100911E-2
-1.250000E+5	-3.000000E+5	3.396411E-1	8.621118E-3
-1.000000E+5	-3.000000E+5	3.391476E-1	2.102136E-2
-7.500000E+4	-3.000000E+5	3.425776E-1	3.042100E-2
-5.000000E+4	-3.000000E+5	3.728736E-1	2.075217E-2
-2.500000E+4	-3.000000E+5	3.626645E-1	1.285519E-2
0.000000E+0	-3.000000E+5	3.672673E-1	8.346152E-3
2.500000E+4	-3.000000E+5	3.721857E-1	1.123860E-2
5.000000E+4	-3.000000E+5	3.692396E-1	1.570145E-2
7.500000E+4	-3.000000E+5	3.229196E-1	8.031257E-3
1.000000E+5	-3.000000E+5	3.283954E-1	1.792029E-2
1.250000E+5	-3.000000E+5	3.281032E-1	1.455661E-2
1.500000E+5	-3.000000E+5	3.067182E-1	2.018801E-2
1.750000E+5	-3.000000E+5	3.304860E-1	1.333067E-2
2.000000E+5	-3.000000E+5	3.180292E-1	2.517716E-2
2.250000E+5	-3.000000E+5	3.477271E-1	2.153250E-2
2.500000E+5	-3.000000E+5	2.962450E-1	2.718585E-2
2.750000E+5	-3.000000E+5	2.948050E-1	1.518609E-2
3.000000E+5	-3.000000E+5	2.881697E-1	1.840203E-2
-3.000000E+5	-2.750000E+5	5.411192E-1	1.326983E-2
-2.750000E+5	-2.750000E+5	4.826571E-1	2.182107E-2
-2.500000E+5	-2.750000E+5	4.320602E-1	2.284522E-2
-2.250000E+5	-2.750000E+5	3.877171E-1	2.050459E-2
-2.000000E+5	-2.750000E+5	3.719155E-1	1.302017E-2
-1.750000E+5	-2.750000E+5	3.417281E-1	9.342232E-3
-1.500000E+5	-2.750000E+5	3.308720E-1	1.361125E-2
-1.250000E+5	-2.750000E+5	3.390578E-1	1.268952E-2
-1.000000E+5	-2.750000E+5	3.438835E-1	2.741052E-2
-7.500000E+4	-2.750000E+5	3.390058E-1	2.012317E-2
-5.000000E+4	-2.750000E+5	3.576002E-1	1.886099E-2
-2.500000E+4	-2.750000E+5	3.700416E-1	1.430234E-2
0.000000E+0	-2.750000E+5	3.461520E-1	2.029105E-2
2.500000E+4	-2.750000E+5	3.766631E-1	1.504091E-2
5.000000E+4	-2.750000E+5	3.542114E-1	1.327517E-2
7.500000E+4	-2.750000E+5	3.401658E-1	2.641437E-2
1.000000E+5	-2.750000E+5	3.465105E-1	8.995113E-3
1.250000E+5	-2.750000E+5	3.320845E-1	1.139125E-2
1.500000E+5	-2.750000E+5	3.223827E-1	1.352671E-2
1.750000E+5	-2.750000E+5	3.400404E-1	1.791758E-2
2.000000E+5	-2.750000E+5	3.309913E-1	2.079143E-2
2.250000E+5	-2.750000E+5	3.324496E-1	1.412961E-2
2.500000E+5	-2.750000E+5	3.187793E-1	1.930539E-2
2.750000E+5	-2.750000E+5	2.866191E-1	1.710874E-2
3.000000E+5	-2.750000E+5	2.890743E-1	1.485380E-2
-3.000000E+5	-2.500000E+5	4.747155E-1	1.180610E-2
-2.750000E+5	-2.500000E+5	4.406438E-1	1.759275E-2
-2.500000E+5	-2.500000E+5	3.906898E-1	2.327745E-2
-2.250000E+5	-2.500000E+5	3.425853E-1	1.509242E-2
-2.000000E+5	-2.500000E+5	3.586353E-1	2.910639E-2
-1.750000E+5	-2.500000E+5	3.250816E-1	1.903938E-2
-1.500000E+5	-2.500000E+5	3.463753E-1	1.529556E-2
-1.250000E+5	-2.500000E+5	3.276346E-1	1.493644E-2
-1.000000E+5	-2.500000E+5	3.405799E-1	1.799766E-2
-7.500000E+4	-2.500000E+5	3.584828E-1	1.087887E-2
-5.000000E+4	-2.500000E+5	3.573462E-1	1.747742E-2
-2.500000E+4	-2.500000E+5	3.480508E-1	2.042435E-2
0.000000E+0	-2.500000E+5	3.611924E-1	1.014901E-2
2.500000E+4	-2.500000E+5	3.797765E-1	2.055304E-2
5.000000E+4	-2.500000E+5	3.598345E-1	1.787413E-2
7.500000E+4	-2.500000E+5	3.672148E-1	1.289217E-2
1.000000E+5	-2.500000E+5	3.598264E-1	7.898656E-3
1.250000E+5	-2.500000E+5	3.437932E-1	1.633587E-2
1.500000E+5	-2.500000E+5	3.789969E-1	2.249286E-2
1.750000E+5	-2.500000E+5	3.295768E-1	1.132615E-2
2.000000E+5	-2.500000E+5	3.476832E-1	1.823372E-2
2.250000E+5	-2.500000E+5	3.281155E-1	9.164569E-3
2.500000E+5	-2.500000E+5	3.138205E-1	2.094051E-2
2.750000E+5	-2.500000E+5	2.891355E-1	1.669235E-2
3.000000E+5	-2.500000E+5	2.698053E-1	1.119498E-2
-3.000000E+5	-2.250000E+5	4.153035E-1	2.844986E-2
-2.750000E+5	-2.250000E+5	3.819513E-1	1.552904E-2
-2.500000E+5	-2.250000E+5	3.782030E-1	1.986059E-2
-2.250000E+5	-2.250000E+5	3.368658E-1	1.760780E-2
-2.000000E+5	-2.250000E+5	3.130531E-1	1.359459E-2
-1.750000E+5	-2.250000E+5	3.318581E-1	1.399965E-2
-1.500000E+5	-2.250000E+5	3.383067E-1	1.018073E-2
-1.250000E+5	-2.250000E+5	3.418424E-1	2.059290E-2
-1.000000E+5	-2.250000E+5	3.797699E-1	7.487810E-3
-7.500000E+4	-2.250000E+5	3.511520E-1	2.377755E-2
-5.000000E+4	-2.250000E+5	3.587209E-1	2.527910E-2
-2.500000E+4	-2.250000E+5	3.496509E-1	2.523313E-2
0.000000E+0	-2.250000E+5	3.852411E-1	8.933784E-3
2.500000E+4	-2.250000E+5	3.902554E-1	2.648219E-2
5.000000E+4	-2.250000E+5	4.041424E-1	8.772431E-3
7.500000E+4	-2.250000E+5	3.802594E-1	1.156109E-2
1.000000E+5	-2.250000E+5	3.578429E-1	1.596620E-2
1.250000E+5	-2.250000E+5	3.468460E-1	9.348488E-3
1.500000E+5	-2.250000E+5	3.488310E-1	1.094638E-2
1.750000E+5	-2.250000E+5	3.349470E-1	1.148571E-2
2.000000E+5	-2.250000E+5	3.462784E-1	1.812423E-2
2.250000E+5	-2.250000E+5	3.312488E-1	1.149162E-2
2.500000E+5	-2.250000E+5	3.167994E-1	2.230533E-2
2.750000E+5	-2.250000E+5	2.930994E-1	2.679639E-2
3.000000E+5	-2.250000E+5	2.671447E-1	9.968900E-3
-3.000000E+5	-2.000000E+5	4.099491E-1	2.523761E-2
-2.750000E+5	-2.000000E+5	3.803012E-1	1.634990E-2
-2.500000E+5	-2.000000E+5	3.563881E-1	1.886520E-2
-2.250000E+5	-2.000000E+5	3.255752E-1	1.778973E-2
-2.000000E+5	-2.000000E+5	3.208398E-1	1.447309E-2
-1.750000E+5	-2.000000E+5	3.489110E-1	1.959315E-2
-1.500000E+5	-2.000000E+5	3.540059E-1	1.402229E-2
-1.250000E+5	-2.000000E+5	3.907995E-1	1.526373E-2
-1.000000E+5	-2.000000E+5	3.737348E-1	1.725758E-2
-7.500000E+4	-2.000000E+5	3.764811E-1	1.985469E-2
-5.000000E+4	-2.000000E+5	3.669726E-1	9.862524E-3
-2.500000E+4	-2.000000E+5	4.101347E-1	1.077271E-2
0.000000E+0	-2.000000E+5	4.145356E-1	1.752320E-2
2.500000E+4	-2.000000E+5	4.280162E-1	1.979395E-2
5.000000E+4	-2.000000E+5	4.184445E-1	1.771906E-2
7.500000E+4	-2.000000E+5	4.154463E-1	2.041509E-2
1.000000E+5	-2.000000E+5	3.888537E-1	1.394102E-2
1.250000E+5	-2.000000E+5	3.566247E-1	2.555238E-2
1.500000E+5	-2.000000E+5	3.556151E-1	9.226906E-3
1.750000E+5	-2.000000E+5	3.372757E-1	9.479553E-3
2.000000E+5	-2.000000E+5	3.415930E-1	1.549762E-2
2.250000E+5	-2.000000E+5	3.294244E-1	2.220561E-2
2.500000E+5	-2.000000E+5	3.299659E-1	9.188421E-3
2.750000E+5	-2.000000E+5	3.080042E-1	1.187605E-2
3.000000E+5	-2.000000E+5	2.691619E-1	2.371075E-2
-3.000000E+5	-1.750000E+5	3.752176E-1	9.958894E-3
-2.750000E+5	-1.750000E+5	3.371437E-1	1.105919E-2
-2.500000E+5	-1.750000E+5	3.581254E-1	1.251525E-2
-2.250000E+5	-1.750000E+5	3.580372E-1	1.296267E-2
-2.000000E+5	-1.750000E+5	3.594776E-1	1.644668E-2
-1.750000E+5	-1.750000E+5	3.667579E-1	2.277679E-2
-1.500000E+5	-1.750000E+5	3.838139E-1	1.949770E-2
-1.250000E+5	-1.750000E+5	4.175782E-1	1.830778E-2
-1.000000E+5	-1.750000E+5	4.349503E-1	2.604523E-2
-7.500000E+4	-1.750000E+5	4.199665E-1	9.327314E-3
-5.000000E+4	-1.750000E+5	4.619783E-1	1.418501E-2
-2.500000E+4	-1.750000E+5	4.672772E-1	1.011066E-2
0.000000E+0	-1.750000E+5	4.553808E-1	1.397438E-2
2.500000E+4	-1.750000E+5	4.545716E-1	1.705828E-2
5.000000E+4	-1.750000E+5	4.516805E-1	1.812917E-2
7.500000E+4	-1.750000E+5	4.262530E-1	1.996698E-2
1.000000E+5	-1.750000E+5	3.784610E-1	1.381612E-2
1.250000E+5	-1.750000E+5	3.781632E-1	1.737157E-2
1.500000E+5	-1.750000E+5	3.583385E-1	1.286515E-2
1.750000E+5	-1.750000E+5	3.480325E-1	1.943301E-2
2.000000E+5	-1.750000E+5	3.537923E-1	1.728645E-2
2.250000E+5	-1.750000E+5	3.276968E-1	2.723389E-2
2.500000E+5	-1.750000E+5	2.917105E-1	1.171467E-2
2.750000E+5	-1.750000E+5	3.182561E-1	1.933718E-2
3.000000E+5	-1.750000E+5	2.735735E-1	1.127207E-2
-3.000000E+5	-1.500000E+5	3.442343E-1	1.326495E-2
-2.750000E+5	-1.500000E+5	3.371105E-1	1.223110E-2
-2.500000E+5	-1.500000E+5	3.655851E-1	2.771236E-2
-2.250000E+5	-1.500000E+5	3.726528E-1	1.609026E-2
-2.000000E+5	-1.500000E+5	3.837002E-1	1.059141E-2
-1.750000E+5	-1.500000E+5	3.788960E-1	1.057185E-2
-1.500000E+5	-1.500000E+5	4.244429E-1	1.185509E-2
-1.250000E+5	-1.500000E+5	4.501069E-1	2.410810E-2
-1.000000E+5	-1.500000E+5	4.605578E-1	1.522623E-2
-7.500000E+4	-1.500000E+5	4.844438E-1	2.495655E-2
-5.000000E+4	-1.500000E+5	5.043109E-1	1.057771E-2
-2.500000E+4	-1.500000E+5	5.468887E-1	1.021372E-2
0.000000E+0	-1.500000E+5	5.755494E-1	1.317261E-2
2.500000E+4	-1.500000E+5	5.782075E-1	1.352249E-2
5.000000E+4	-1.500000E+5	5.077032E-1	2.348601E-2
7.500000E+4	-1.500000E+5	4.581021E-1	2.224531E-2
1.000000E+5	-1.500000E+5	3.850427E-1	1.082209E-2
1.250000E+5	-1.500000E+5	3.588407E-1	1.349470E-2
1.500000E+5	-1.500000E+5	3.374945E-1	1.119722E-2
1.750000E+5	-1.500000E+5	3.324710E-1	1.053256E-2
2.000000E+5	-1.500000E+5	3.331119E-1	2.063424E-2
2.250000E+5	-1.500000E+5	3.203355E-1	2.540187E-2
2.500000E+5	-1.500000E+5	3.181679E-1	1.341062E-2
2.750000E+5	-1.500000E+5	2.847050E-1	1.691824E-2
3.000000E+5	-1.500000E+5	2.703081E-1	1.777139E-2
-3.000000E+5	-1.250000E+5	3.163787E-1	9.920301E-3
-2.750000E+5	-1.250000E+5	3.347727E-1	1.362078E-2
-2.500000E+5	-1.250000E+5	3.571790E-1	1.422498E-2
-2.250000E+5	-1.250000E+5	3.983893E-1	1.754139E-2
-2.000000E+5	-1.250000E+5	4.022033E-1	1.309495E-2
-1.750000E+5	-1.250000E+5	4.258691E-1	1.405664E-2
-1.500000E+5	-1.250000E+5	4.344129E-1	1.244025E-2
-1.250000E+5	-1.250000E+5	4.552120E-1	1.255514E-2
-1.000000E+5	-1.250000E+5	5.020367E-1	1.048877E-2
-7.500000E+4	-1.250000E+5	5.679611E-1	1.246228E-2
-5.000000E+4	-1.250000E+5	5.782529E-1	3.897644E-2
-2.500000E+4	-1.250000E+5	7.264994E-1	1.475724E-2
0.000000E+0	-1.250000E+5	7.637121E-1	2.335120E-2
2.500000E+4	-1.250000E+5	7.767175E-1	1.790117E-2
5.000000E+4	-1.250000E+5	6.766321E-1	1.649537E-2
7.500000E+4	-1.250000E+5	5.488033E-1	2.274069E-2
1.000000E+5	-1.250000E+5	4.370475E-1	2.690926E-2
1.250000E+5	-1.250000E+5	3.948011E-1	2.018061E-2
1.500000E+5	-1.250000E+5	3.565029E-1	1.320190E-2
1.750000E+5	-1.250000E+5	3.449247E-1	1.412098E-2
2.000000E+5	-1.250000E+5	3.286075E-1	1.598023E-2
2.250000E+5	-1.250000E+5	3.041147E-1	1.777142E-2
2.500000E+5	-1.250000E+5	2.706380E-1	3.278601E-2
2.750000E+5	-1.250000E+5	2.758547E-1	2.108740E-2
3.000000E+5	-1.250000E+5	2.354731E-1	1.661226E-2
-3.000000E+5	-1.000000E+5	3.596846E-1	1.205547E-2
-2.750000E+5	-1.000000E+5	3.677058E-1	1.110652E-2
-2.500000E+5	-1.000000E+5	3.724376E-1	2.976569E-2
-2.250000E+5	-1.000000E+5	3.715932E-1	1.294168E-2
-2.000000E+5	-1.000000E+5	4.075827E-1	1.487418E-2
-1.750000E+5	-1.000000E+5	4.327506E-1	1.314703E-2
-1.500000E+5	-1.000000E+5	4.603171E-1	1.953449E-2
-1.250000E+5	-1.000000E+5	5.283147E-1	1.357345E-2
-1.000000E+5	-1.000000E+5	5.988537E-1	1.678381E-2
-7.500000E+4	-1.000000E+5	7.092415E-1	1.792547E-2
-5.000000E+4	-1.000000E+5	8.963731E-1	1.373332E-2
-2.500000E+4	-1.000000E+5	1.099788E+0	2.007964E-2
0.000000E+0	-1.000000E+5	1.168445E+0	2.806439E-2
2.500000E+4	-1.000000E+5	1.111738E+0	1.850863E-2
5.000000E+4	-1.000000E+5	9.482331E-1	2.095207E-2
7.500000E+4	-1.000000E+5	7.194312E-1	2.034387E-2
1.000000E+5	-1.000000E+5	5.158315E-1	1.583454E-2
1.250000E+5	-1.000000E+5	4.091139E-1	1.442200E-2
1.500000E+5	-1.000000E+5	3.547417E-1	1.677526E-2
1.750000E+5	-1.000000E+5	3.742875E-1	2.879366E-2
2.000000E+5	-1.000000E+5	3.492873E-1	1.793931E-2
2.250000E+5	-1.000000E+5	3.095787E-1	1.754406E-2
2.500000E+5	-1.000000E+5	2.955505E-1	2.711848E-2
2.750000E+5	-1.000000E+5	2.709878E-1	1.540822E-2
3.000000E+5	-1.000000E+5	2.497659E-1	1.378990E-2
-3.000000E+5	-7.500000E+4	3.248526E-1	1.416599E-2
-2.750000E+5	-7.500000E+4	3.422666E-1	1.342370E-2
-2.500000E+5	-7.500000E+4	3.644970E-1	2.228853E-2
-2.250000E+5	-7.500000E+4	3.677374E-1	1.268163E-2
-2.000000E+5	-7.500000E+4	4.082777E-1	1.556171E-2
-1.750000E+5	-7.500000E+4	4.475106E-1	1.663245E-2
-1.500000E+5	-7.500000E+4	4.901006E-1	1.154731E-2
-1.250000E+5	-7.500000E+4	5.983835E-1	1.718791E-2
-1.000000E+5	-7.500000E+4	7.546517E-1	1.427058E-2
-7.500000E+4	-7.500000E+4	9.695916E-1	1.729213E-2
-5.000000E+4	-7.500000E+4	1.336842E+0	9.979176E-3
-2.500000E+4	-7.500000E+4	1.597108E+0	1.729925E-2
0.000000E+0	-7.500000E+4	1.694919E+0	2.829882E-2
2.500000E+4	-7.500000E+4	1.607810E+0	1.639765E-2
5.000000E+4	-7.500000E+4	1.341811E+0	1.186695E-2
7.500000E+4	-7.500000E+4	9.788171E-1	9.635290E-3
1.000000E+5	-7.500000E+4	6.743830E-1	1.673241E-2
1.250000E+5	-7.500000E+4	4.880993E-1	1.345436E-2
1.500000E+5	-7.500000E+4	4.159521E-1	1.377500E-2
1.750000E+5	-7.500000E+4	3.649406E-1	1.463330E-2
2.000000E+5	-7.500000E+4	3.444897E-1	1.959207E-2
2.250000E+5	-7.500000E+4	3.062593E-1	8.170739E-3
2.500000E+5	-7.500000E+4	2.948621E-1	1.116987E-2
2.750000E+5	-7.500000E+4	2.608562E-1	1.193657E-2
3.000000E+5	-7.500000E+4	2.548980E-1	1.702597E-2
-3.000000E+5	-5.000000E+4	3.413799E-1	1.158384E-2
-2.750000E+5	-5.000000E+4	3.617828E-1	2.231886E-2
-2.500000E+5	-5.000000E+4	3.654872E-1	1.713350E-2
-2.250000E+5	-5.000000E+4	3.774963E-1	1.554372E-2
-2.000000E+5	-5.000000E+4	3.942392E-1	1.113745E-2
-1.750000E+5	-5.000000E+4	4.730823E-1	9.997648E-3
-1.500000E+5	-5.000000E+4	4.968098E-1	1.147346E-2
-1.250000E+5	-5.000000E+4	6.949705E-1	1.521591E-2
-1.000000E+5	-5.000000E+4	9.020727E-1	1.632283E-2
-7.500000E+4	-5.000000E+4	1.281110E+0	1.313631E-2
-5.000000E+4	-5.000000E+4	1.752046E+0	1.063508E-2
-2.500000E+4	-5.000000E+4	2.100252E+0	2.383055E-2
0.000000E+0	-5.000000E+4	2.227867E+0	2.410897E-2
2.500000E+4	-5.000000E+4	2.098068E+0	3.716204E-2
5.000000E+4	-5.000000E+4	1.728667E+0	1.498834E-2
7.500000E+4	-5.000000E+4	1.236544E+0	1.840284E-2
1.000000E+5	-5.000000E+4	8.334591E-1	1.170537E-2
1.250000E+5	-5.000000E+4	5.742048E-1	8.807478E-3
1.500000E+5	-5.000000E+4	4.658994E-1	1.057017E-2
1.750000E+5	-5.000000E+4	3.763297E-1	1.394640E-2
2.000000E+5	-5.000000E+4	3.413488E-1	1.690878E-2
2.250000E+5	-5.000000E+4	2.943558E-1	1.581684E-2
2.500000E+5	-5.000000E+4	2.977252E-1	1.537292E-2
2.750000E+5	-5.000000E+4	2.787647E-1	1.070798E-2
3.000000E+5	-5.000000E+4	2.557480E-1	3.741897E-2
-3.000000E+5	-2.500000E+4	3.282200E-1	1.677778E-2
-2.750000E+5	-2.500000E+4	3.350857E-1	1.033849E-2
-2.500000E+5	-2.500000E+4	3.267867E-1	1.440954E-2
-2.250000E+5	-2.500000E+4	3.345957E-1	1.246368E-2
-2.000000E+5	-2.500000E+4	4.085989E-1	1.268636E-2
-1.750000E+5	-2.500000E+4	4.827637E-1	1.375978E-2
-1.500000E+5	-2.500000E+4	5.615538E-1	2.296530E-2
-1.250000E+5	-2.500000E+4	7.433662E-1	1.070478E-2
-1.000000E+5	-2.500000E+4	1.026406E+0	1.834895E-2
-7.500000E+4	-2.500000E+4	1.532528E+0	1.528156E-2
-5.000000E+4	-2.500000E+4	2.087959E+0	1.996715E-2
-2.500000E+4	-2.500000E+4	2.461873E+0	1.799028E-2
0.000000E+0	-2.500000E+4	2.616685E+0	1.219046E-2
2.500000E+4	-2.500000E+4	2.472806E+0	1.668864E-2
5.000000E+4	-2.500000E+4	2.021777E+0	1.005449E-2
7.500000E+4	-2.500000E+4	1.477931E+0	2.052736E-2
1.000000E+5	-2.500000E+4	9.737462E-1	1.278945E-2
1.250000E+5	-2.500000E+4	7.058507E-1	1.294620E-2
1.500000E+5	-2.500000E+4	5.048983E-1	2.230433E-2
1.750000E+5	-2.500000E+4	4.228948E-1	1.529449E-2
2.000000E+5	-2.500000E+4	3.360612E-1	1.657014E-2
2.250000E+5	-2.500000E+4	3.057841E-1	1.471601E-2
2.500000E+5	-2.500000E+4	2.890269E-1	1.202433E-2
2.750000E+5	-2.500000E+4	2.663595E-1	7.395533E-3
3.000000E+5	-2.500000E+4	2.766196E-1	1.937815E-2
-3.000000E+5	0.000000E+0	3.260912E-1	1.712534E-2
-2.750000E+5	0.000000E+0	3.215465E-1	1.673223E-2
-2.500000E+5	0.000000E+0	3.460648E-1	8.558894E-3
-2.250000E+5	0.000000E+0	3.462912E-1	1.633949E-2
-2.000000E+5	0.000000E+0	3.945997E-1	2.192351E-2
-1.750000E+5	0.000000E+0	4.768403E-1	1.494301E-2
-1.500000E+5	0.000000E+0	5.503774E-1	1.607269E-2
-1.250000E+5	0.000000E+0	7.317452E-1	1.210625E-2
-1.000000E+5	0.000000E+0	1.097191E+0	1.634988E-2
-7.500000E+4	0.000000E+0	1.589860E+0	1.375945E-2
-5.000000E+4	0.000000E+0	2.125680E+0	2.077174E-2
-2.500000E+4	0.000000E+0	2.558836E+0	1.541849E-2
0.000000E+0	0.000000E+0	2.738142E+0	1.575344E-2
2.500000E+4	0.000000E+0	2.541535E+0	1.657701E-2
5.000000E+4	0.000000E+0	2.102071E+0	1.764051E-2
7.500000E+4	0.000000E+0	1.530557E+0	1.763253E-2
1.000000E+5	0.000000E+0	1.035497E+0	1.641248E-2
1.250000E+5	0.000000E+0	7.731630E-1	1.835248E-2
1.500000E+5	0.000000E+0	5.948092E-1	1.875160E-2
1.750000E+5	0.000000E+0	4.589812E-1	2.196818E-2
2.000000E+5	0.000000E+0	3.697775E-1	1.283013E-2
2.250000E+5	0.000000E+0	3.223766E-1	1.156207E-2
2.500000E+5	0.000000E+0	2.824278E-1	1.895945E-2
2.750000E+5	0.000000E+0	2.774186E-1	3.070576E-2
3.000000E+5	0.000000E+0	2.677428E-1	2.123163E-2
-3.000000E+5	2.500000E+4	3.243840E-1	1.562271E-2
-2.750000E+5	2.500000E+4	3.525201E-1	1.532944E-2
-2.500000E+5	2.500000E+4	3.199694E-1	1.748676E-2
-2.250000E+5	2.500000E+4	3.572917E-1	1.389574E-2
-2.000000E+5	2.500000E+4	4.041032E-1	2.559867E-2
-1.750000E+5	2.500000E+4	4.673246E-1	2.430534E-2
-1.500000E+5	2.500000E+4	5.350637E-1	1.538266E-2
-1.250000E+5	2.500000E+4	6.830196E-1	1.956685E-2
-1.000000E+5	2.500000E+4	1.015176E+0	9.794903E-3
-7.500000E+4	2.500000E+4	1.475327E+0	2.591302E-2
-5.000000E+4	2.500000E+4	1.965856E+0	1.223639E-2
-2.500000E+4	2.500000E+4	2.346109E+0	2.013834E-2
0.000000E+0	2.500000E+4	2.506730E+0	1.429258E-2
2.500000E+4	2.500000E+4	2.348451E+0	9.163487E-3
5.000000E+4	2.500000E+4	1.924049E+0	2.470673E-2
7.500000E+4	2.500000E+4	1.396657E+0	2.850858E-2
1.000000E+5	2.500000E+4	1.020983E+0	1.881219E-2
1.250000E+5	2.500000E+4	7.672125E-1	1.631592E-2
1.500000E+5	2.500000E+4	6.242128E-1	1.790669E-2
1.750000E+5	2.500000E+4	4.676560E-1	1.791674E-2
2.000000E+5	2.500000E+4	3.879145E-1	1.250616E-2
2.250000E+5	2.500000E+4	3.287238E-1	1.339969E-2
2.500000E+5	2.500000E+4	2.890269E-1	1.612292E-2
2.750000E+5	2.500000E+4	2.753403E-1	1.449002E-2
3.000000E+5	2.500000E+4	2.493188E-1	1.351082E-2
-3.000000E+5	5.000000E+4	3.239761E-1	1.673188E-2
-2.750000E+5	5.000000E+4	3.108224E-1	1.192294E-2
-2.500000E+5	5.000000E+4	3.490446E-1	1.940603E-2
-2.250000E+5	5.000000E+4	3.532706E-1	7.850297E-3
-2.000000E+5	5.000000E+4	4.005665E-1	2.054991E-2
-1.750000E+5	5.000000E+4	4.405117E-1	1.451305E-2
-1.500000E+5	5.000000E+4	4.691230E-1	1.109231E-2
-1.250000E+5	5.000000E+4	6.329341E-1	1.629364E-2
-1.000000E+5	5.000000E+4	8.824142E-1	1.417576E-2
-7.500000E+4	5.000000E+4	1.228782E+0	1.785068E-2
-5.000000E+4	5.000000E+4	1.600925E+0	8.860428E-3
-2.500000E+4	5.000000E+4	1.902896E+0	1.976598E-2
0.000000E+0	5.000000E+4	2.004495E+0	2.322138E-2
2.500000E+4	5.000000E+4	1.890613E+0	2.194733E-2
5.000000E+4	5.000000E+4	1.530017E+0	2.676280E-2
7.500000E+4	5.000000E+4	1.198595E+0	1.344166E-2
1.000000E+5	5.000000E+4	9.325171E-1	2.280599E-2
1.250000E+5	5.000000E+4	7.989770E-1	1.448022E-2
1.500000E+5	5.000000E+4	6.428933E-1	2.133049E-2
1.750000E+5	5.000000E+4	5.149988E-1	1.125736E-2
2.000000E+5	5.000000E+4	4.093454E-1	1.127993E-2
2.250000E+5	5.000000E+4	3.151432E-1	1.042721E-2
2.500000E+5	5.000000E+4	2.858482E-1	1.795325E-2
2.750000E+5	5.000000E+4	2.532699E-1	1.131812E-2
3.000000E+5	5.000000E+4	2.602988E-1	2.046889E-2
-3.000000E+5	7.500000E+4	3.275857E-1	2.104259E-2
-2.750000E+5	7.500000E+4	3.314181E-1	1.792752E-2
-2.500000E+5	7.500000E+4	3.592201E-1	1.180123E-2
-2.250000E+5	7.500000E+4	3.421845E-1	2.663858E-2
-2.000000E+5	7.500000E+4	3.649136E-1	1.903204E-2
-1.750000E+5	7.500000E+4	3.946803E-1	1.198653E-2
-1.500000E+5	7.500000E+4	4.436639E-1	1.020283E-2
-1.250000E+5	7.500000E+4	5.380369E-1	1.191616E-2
-1.000000E+5	7.500000E+4	7.120173E-1	1.636951E-2
-7.500000E+4	7.500000E+4	9.624347E-1	1.688272E-2
-5.000000E+4	7.500000E+4	1.195297E+0	1.824148E-2
-2.500000E+4	7.500000E+4	1.380009E+0	1.080816E-2
0.000000E+0	7.500000E+4	1.433893E+0	1.744662E-2
2.500000E+4	7.500000E+4	1.342649E+0	2.034197E-2
5.000000E+4	7.500000E+4	1.155383E+0	1.535854E-2
7.500000E+4	7.500000E+4	9.620772E-1	2.434454E-2
1.000000E+5	7.500000E+4	8.780781E-1	1.642115E-2
1.250000E+5	7.500000E+4	7.609479E-1	1.559737E-2
1.500000E+5	7.500000E+4	6.211259E-1	1.580314E-2
1.750000E+5	7.500000E+4	5.195496E-1	1.848790E-2
2.000000E+5	7.500000E+4	3.806541E-1	1.057247E-2
2.250000E+5	7.500000E+4	3.299965E-1	2.786778E-2
2.500000E+5	7.500000E+4	2.883467E-1	2.253541E-2
2.750000E+5	7.500000E+4	2.884604E-1	1.938940E-2
3.000000E+5	7.500000E+4	2.822912E-1	1.594299E-2
-3.000000E+5	1.000000E+5	3.344688E-1	1.839144E-2
-2.750000E+5	1.000000E+5	3.563754E-1	2.198065E-2
-2.500000E+5	1.000000E+5	3.484103E-1	2.275534E-2
-2.250000E+5	1.000000E+5	3.367250E-1	1.895400E-2
-2.000000E+5	1.000000E+5	3.664249E-1	1.865325E-2
-1.750000E+5	1.000000E+5	3.804455E-1	1.439514E-2
-1.500000E+5	1.000000E+5	4.108460E-1	1.774504E-2
-1.250000E+5	1.000000E+5	4.633423E-1	1.993036E-2
-1.000000E+5	1.000000E+5	5.762821E-1	1.063531E-2
-7.500000E+4	1.000000E+5	7.031237E-1	1.120449E-2
-5.000000E+4	1.000000E+5	8.202177E-1	1.322990E-2
-2.500000E+4	1.000000E+5	8.953243E-1	1.471530E-2
0.000000E+0	1.000000E+5	9.428368E-1	1.819982E-2
2.500000E+4	1.000000E+5	9.118301E-1	1.449895E-2
5.000000E+4	1.000000E+5	8.539085E-1	1.617601E-2
7.500000E+4	1.000000E+5	8.342250E-1	1.300321E-2
1.000000E+5	1.000000E+5	8.095185E-1	2.141709E-2
1.250000E+5	1.000000E+5	7.135042E-1	2.004782E-2
1.500000E+5	1.000000E+5	6.057541E-1	1.106638E-2
1.750000E+5	1.000000E+5	5.050512E-1	2.348953E-2
2.000000E+5	1.000000E+5	4.060826E-1	1.180911E-2
2.250000E+5	1.000000E+5	3.333715E-1	9.904169E-3
2.500000E+5	1.000000E+5	2.869822E-1	1.242616E-2
2.750000E+5	1.000000E+5	2.946311E-1	1.397217E-2
3.000000E+5	1.000000E+5	2.821831E-1	1.129731E-2
-3.000000E+5	1.250000E+5	3.205461E-1	1.716419E-2
-2.750000E+5	1.250000E+5	3.428882E-1	2.127400E-2
-2.500000E+5	1.250000E+5	3.596224E-1	9.954251E-3
-2.250000E+5	1.250000E+5	3.382354E-1	1.540973E-2
-2.000000E+5	1.250000E+5	3.677583E-1	1.879850E-2
-1.750000E+5	1.250000E+5	3.780302E-1	1.520733E-2
-1.500000E+5	1.250000E+5	4.135383E-1	1.993237E-2
-1.250000E+5	1.250000E+5	4.161576E-1	1.835408E-2
-1.000000E+5	1.250000E+5	4.666689E-1	6.177681E-3
-7.500000E+4	1.250000E+5	5.144950E-1	1.946493E-2
-5.000000E+4	1.250000E+5	5.800227E-1	1.199717E-2
-2.500000E+4	1.250000E+5	6.157832E-1	1.915327E-2
0.000000E+0	1.250000E+5	6.688271E-1	1.397845E-2
2.500000E+4	1.250000E+5	7.145653E-1	9.273239E-3
5.000000E+4	1.250000E+5	7.596344E-1	1.640125E-2
7.500000E+4	1.250000E+5	7.801180E-1	1.782460E-2
1.000000E+5	1.250000E+5	7.505899E-1	1.325682E-2
1.250000E+5	1.250000E+5	6.609110E-1	2.244965E-2
1.500000E+5	1.250000E+5	5.943151E-1	1.451698E-2
1.750000E+5	1.250000E+5	4.793168E-1	1.358581E-2
2.000000E+5	1.250000E+5	4.078988E-1	2.367673E-2
2.250000E+5	1.250000E+5	3.581616E-1	2.625052E-2
2.500000E+5	1.250000E+5	3.501751E-1	9.042756E-3
2.750000E+5	1.250000E+5	2.875665E-1	1.881853E-2
3.000000E+5	1.250000E+5	2.903348E-1	2.950012E-2
-3.000000E+5	1.500000E+5	3.397033E-1	1.498041E-2
-2.750000E+5	1.500000E+5	3.396060E-1	2.138309E-2
-2.500000E+5	1.500000E+5	3.406655E-1	1.185475E-2
-2.250000E+5	1.500000E+5	3.366292E-1	1.601438E-2
-2.000000E+5	1.500000E+5	3.614208E-1	1.483297E-2
-1.750000E+5	1.500000E+5	3.640544E-1	2.274083E-2
-1.500000E+5	1.500000E+5	3.903064E-1	2.313535E-2
-1.250000E+5	1.500000E+5	4.020070E-1	1.587608E-2
-1.000000E+5	1.500000E+5	4.240034E-1	2.061109E-2
-7.500000E+4	1.500000E+5	4.509279E-1	1.329141E-2
-5.000000E+4	1.500000E+5	4.866838E-1	1.331485E-2
-2.500000E+4	1.500000E+5	4.911530E-1	8.660110E-3
0.000000E+0	1.500000E+5	5.479870E-1	1.556859E-2
2.500000E+4	1.500000E+5	6.242944E-1	1.667014E-2
5.000000E+4	1.500000E+5	6.912906E-1	2.637387E-2
7.500000E+4	1.500000E+5	6.545842E-1	1.470794E-2
1.000000E+5	1.500000E+5	6.347156E-1	2.940612E-2
1.250000E+5	1.500000E+5	6.051315E-1	1.823739E-2
1.500000E+5	1.500000E+5	5.282301E-1	1.045087E-2
1.750000E+5	1.500000E+5	4.421036E-1	1.292502E-2
2.000000E+5	1.500000E+5	3.828961E-1	1.574328E-2
2.250000E+5	1.500000E+5	3.586322E-1	1.227043E-2
2.500000E+5	1.500000E+5	3.301816E-1	2.200857E-2
2.750000E+5	1.500000E+5	3.390762E-1	1.196262E-2
3.000000E+5	1.500000E+5	2.942487E-1	1.320168E-2
-3.000000E+5	1.750000E+5	3.283730E-1	1.737774E-2
-2.750000E+5	1.750000E+5	3.293759E-1	1.307047E-2
-2.500000E+5	1.750000E+5	3.397650E-1	1.358551E-2
-2.250000E+5	1.750000E+5	3.498778E-1	1.989597E-2
-2.000000E+5	1.750000E+5	3.303432E-1	2.296163E-2
-1.750000E+5	1.750000E+5	3.363737E-1	1.527830E-2
-1.500000E+5	1.750000E+5	3.579265E-1	1.726771E-2
-1.250000E+5	1.750000E+5	4.007899E-1	1.056348E-2
-1.000000E+5	1.750000E+5	3.792126E-1	1.139476E-2
-7.500000E+4	1.750000E+5	4.117322E-1	2.007739E-2
-5.000000E+4	1.750000E+5	4.444899E-1	2.056209E-2
-2.500000E+4	1.750000E+5	4.633234E-1	1.548590E-2
0.000000E+0	1.750000E+5	4.946433E-1	1.112305E-2
2.500000E+4	1.750000E+5	5.415480E-1	1.327201E-2
5.000000E+4	1.750000E+5	5.495937E-1	7.424789E-3
7.500000E+4	1.750000E+5	5.513207E-1	1.241109E-2
1.000000E+5	1.750000E+5	5.455874E-1	1.016978E-2
1.250000E+5	1.750000E+5	5.167273E-1	1.134131E-2
1.500000E+5	1.750000E+5	4.648016E-1	1.596632E-2
1.750000E+5	1.750000E+5	4.085744E-1	1.517839E-2
2.000000E+5	1.750000E+5	3.869753E-1	2.250122E-2
2.250000E+5	1.750000E+5	3.655194E-1	3.503502E-2
2.500000E+5	1.750000E+5	3.600477E-1	1.546349E-2
2.750000E+5	1.750000E+5	3.563412E-1	1.755507E-2
3.000000E+5	1.750000E+5	3.166331E-1	1.438944E-2
-3.000000E+5	2.000000E+5	3.247976E-1	7.217683E-3
-2.750000E+5	2.000000E+5	3.220594E-1	1.582586E-2
-2.500000E+5	2.000000E+5	3.420468E-1	2.179664E-2
-2.250000E+5	2.000000E+5	3.530432E-1	2.089258E-2
-2.000000E+5	2.000000E+5	3.415961E-1	1.568033E-2
-1.750000E+5	2.000000E+5	3.288563E-1	2.228386E-2
-1.500000E+5	2.000000E+5	3.557671E-1	2.635042E-2
-1.250000E+5	2.000000E+5	3.580545E-1	1.757099E-2
-1.000000E+5	2.000000E+5	3.632972E-1	1.575829E-2
-7.500000E+4	2.000000E+5	3.662975E-1	2.104413E-2
-5.000000E+4	2.000000E+5	3.994968E-1	1.900956E-2
-2.500000E+4	2.000000E+5	4.039828E-1	1.496865E-2
0.000000E+0	2.000000E+5	4.543406E-1	1.416174E-2
2.500000E+4	2.000000E+5	4.742566E-1	2.679303E-2
5.000000E+4	2.000000E+5	4.552579E-1	1.143377E-2
7.500000E+4	2.000000E+5	4.564613E-1	2.460815E-2
1.000000E+5	2.000000E+5	4.673129E-1	1.447057E-2
1.250000E+5	2.000000E+5	4.395745E-1	9.188004E-3
1.500000E+5	2.000000E+5	4.325880E-1	2.096871E-2
1.750000E+5	2.000000E+5	4.156033E-1	1.833975E-2
2.000000E+5	2.000000E+5	3.625043E-1	1.565262E-2
2.250000E+5	2.000000E+5	3.484083E-1	1.401887E-2
2.500000E+5	2.000000E+5	3.521147E-1	1.926746E-2
2.750000E+5	2.000000E+5	3.306670E-1	1.704733E-2
3.000000E+5	2.000000E+5	3.069599E-1	1.180324E-2
-3.000000E+5	2.250000E+5	3.222231E-1	8.934811E-3
-2.750000E+5	2.250000E+5	3.106852E-1	1.741563E-2
-2.500000E+5	2.250000E+5	3.274297E-1	1.524130E-2
-2.250000E+5	2.250000E+5	3.529780E-1	2.294988E-2
-2.000000E+5	2.250000E+5	3.568567E-1	2.201733E-2
-1.750000E+5	2.250000E+5	3.538030E-1	9.405114E-3
-1.500000E+5	2.250000E+5	3.537127E-1	1.075152E-2
-1.250000E+5	2.250000E+5	3.705219E-1	1.523413E-2
-1.000000E+5	2.250000E+5	3.761267E-1	2.508058E-2
-7.500000E+4	2.250000E+5	3.802905E-1	1.298593E-2
-5.000000E+4	2.250000E+5	3.587663E-1	2.935458E-2
-2.500000E+4	2.250000E+5	4.135734E-1	2.252875E-2
0.000000E+0	2.250000E+5	3.959183E-1	8.430682E-3
2.500000E+4	2.250000E+5	4.511946E-1	1.440437E-2
5.000000E+4	2.250000E+5	4.245938E-1	1.260294E-2
7.500000E+4	2.250000E+5	4.245892E-1	1.460083E-2
1.000000E+5	2.250000E+5	4.284277E-1	1.730269E-2
1.250000E+5	2.250000E+5	4.147921E-1	1.439436E-2
1.500000E+5	2.250000E+5	3.993723E-1	1.586895E-2
1.750000E+5	2.250000E+5	4.183190E-1	1.925292E-2
2.000000E+5	2.250000E+5	3.686323E-1	3.170308E-2
2.250000E+5	2.250000E+5	3.484511E-1	1.191958E-2
2.500000E+5	2.250000E+5	3.534782E-1	2.168644E-2
2.750000E+5	2.250000E+5	3.348405E-1	1.674695E-2
3.000000E+5	2.250000E+5	3.340777E-1	2.318000E-2
-3.000000E+5	2.500000E+5	3.294167E-1	1.384113E-2
-2.750000E+5	2.500000E+5	3.024805E-1	1.145020E-2
-2.500000E+5	2.500000E+5	3.324159E-1	1.790894E-2
-2.250000E+5	2.500000E+5	3.320921E-1	4.658150E-2
-2.000000E+5	2.500000E+5	3.361285E-1	2.637981E-2
-1.750000E+5	2.500000E+5	3.193988E-1	2.156578E-2
-1.500000E+5	2.500000E+5	3.359536E-1	1.093973E-2
-1.250000E+5	2.500000E+5	3.833412E-1	1.991774E-2
-1.000000E+5	2.500000E+5	3.747367E-1	1.873060E-2
-7.500000E+4	2.500000E+5	3.963329E-1	2.027845E-2
-5.000000E+4	2.500000E+5	3.879599E-1	1.574179E-2
-2.500000E+4	2.500000E+5	4.127877E-1	1.646619E-2
0.000000E+0	2.500000E+5	3.945951E-1	3.373205E-2
2.500000E+4	2.500000E+5	3.997063E-1	1.596791E-2
5.000000E+4	2.500000E+5	4.222447E-1	2.226578E-2
7.500000E+4	2.500000E+5	4.059933E-1	2.292032E-2
1.000000E+5	2.500000E+5	3.998420E-1	2.567859E-2
1.250000E+5	2.500000E+5	3.962880E-1	1.842398E-2
1.500000E+5	2.500000E+5	3.827294E-1	2.656505E-2
1.750000E+5	2.500000E+5	3.594766E-1	1.413225E-2
2.000000E+5	2.500000E+5	3.538402E-1	9.916840E-3
2.250000E+5	2.500000E+5	3.489523E-1	2.246765E-2
2.500000E+5	2.500000E+5	3.263344E-1	1.428493E-2
2.750000E+5	2.500000E+5	3.268846E-1	2.447614E-2
3.000000E+5	2.500000E+5	3.000712E-1	1.462888E-2
-3.000000E+5	2.750000E+5	3.322420E-1	1.343672E-2
-2.750000E+5	2.750000E+5	2.974478E-1	1.418204E-2
-2.500000E+5	2.750000E+5	2.807569E-1	2.171956E-2
-2.250000E+5	2.750000E+5	3.054914E-1	1.645789E-2
-2.000000E+5	2.750000E+5	3.297007E-1	1.846057E-2
-1.750000E+5	2.750000E+5	3.147771E-1	1.144321E-2
-1.500000E+5	2.750000E+5	2.975386E-1	1.157694E-2
-1.250000E+5	2.750000E+5	3.564075E-1	1.212732E-2
-1.000000E+5	2.750000E+5	3.448905E-1	2.132461E-2
-7.500000E+4	2.750000E+5	3.657641E-1	2.248188E-2
-5.000000E+4	2.750000E+5	3.743451E-1	1.108364E-2
-2.500000E+4	2.750000E+5	4.007516E-1	9.850103E-3
0.000000E+0	2.750000E+5	3.923460E-1	2.621913E-2
2.500000E+4	2.750000E+5	3.891729E-1	1.667486E-2
5.000000E+4	2.750000E+5	4.022599E-1	1.544562E-2
7.500000E+4	2.750000E+5	3.884412E-1	2.124931E-2
1.000000E+5	2.750000E+5	3.911773E-1	1.743391E-2
1.250000E+5	2.750000E+5	3.778634E-1	9.890391E-3
1.500000E+5	2.750000E+5	3.788893E-1	1.698658E-2
1.750000E+5	2.750000E+5	3.562831E-1	1.771959E-2
2.000000E+5	2.750000E+5	3.426138E-1	1.023485E-2
2.250000E+5	2.750000E+5	3.247593E-1	8.726417E-3
2.500000E+5	2.750000E+5	3.174831E-1	1.309928E-2
2.750000E+5	2.750000E+5	3.096736E-1	1.451817E-2
3.000000E+5	2.750000E+5	2.852338E-1	2.082751E-2
-3.000000E+5	3.000000E+5	3.349297E-1	1.254310E-2
-2.750000E+5	3.000000E+5	3.079511E-1	1.567493E-2
-2.500000E+5	3.000000E+5	2.999529E-1	1.861564E-2
-2.250000E+5	3.000000E+5	3.283969E-1	1.871277E-2
-2.000000E+5	3.000000E+5	3.029225E-1	2.435936E-2
-1.750000E+5	3.000000E+5	2.975977E-1	1.615593E-2
-1.500000E+5	3.000000E+5	2.985532E-1	1.114297E-2
-1.250000E+5	3.000000E+5	3.083366E-1	1.636865E-2
-1.000000E+5	3.000000E+5	3.419805E-1	3.178383E-2
-7.500000E+4	3.000000E+5	3.548029E-1	1.521095E-2
-5.000000E+4	3.000000E+5	3.734401E-1	1.963783E-2
-2.500000E+4	3.000000E+5	3.824566E-1	1.357629E-2
0.000000E+0	3.000000E+5	3.715637E-1	2.035006E-2
2.500000E+4	3.000000E+5	3.576721E-1	2.140237E-2
5.000000E+4	3.000000E+5	3.710578E-1	1.487590E-2
7.500000E+4	3.000000E+5	3.645623E-1	1.207322E-2
1.000000E+5	3.000000E+5	3.362916E-1	2.425633E-2
1.250000E+5	3.000000E+5	3.460990E-1	3.402894E-2
1.500000E+5	3.000000E+5	3.564121E-1	1.436916E-2
1.750000E+5	3.000000E+5	3.146772E-1	1.590636E-2
2.000000E+5	3.000000E+5	3.158611E-1	1.673743E-2
2.250000E+5	3.000000E+5	3.015530E-1	1.237398E-2
2.500000E+5	3.000000E+5	2.770188E-1	1.474214E-2
2.750000E+5	3.000000E+5	2.931978E-1	1.184836E-2
3.000000E+5	3.000000E+5	2.956779E-1	2.013279E-2
