-3.000000E+5	-3.000000E+5	4.513011E-1	8.358393E-3
-2.850000E+5	-3.000000E+5	4.714562E-1	7.923341E-3
-2.700000E+5	-3.000000E+5	4.965800E-1	5.570335E-3
-2.550000E+5	-3.000000E+5	5.351324E-1	1.157566E-2
-2.400000E+5	-3.000000E+5	5.454285E-1	9.793454E-3
-2.250000E+5	-3.000000E+5	6.166362E-1	5.499475E-2
-2.100000E+5	-3.000000E+5	6.154949E-1	8.450133E-3
-1.950000E+5	-3.000000E+5	6.546924E-1	5.624166E-3
-1.800000E+5	-3.000000E+5	6.845352E-1	6.361345E-3
-1.650000E+5	-3.000000E+5	7.076424E-1	6.569307E-3
-1.500000E+5	-3.000000E+5	7.264453E-1	8.429771E-3
-1.350000E+5	-3.000000E+5	7.633774E-1	6.203221E-3
-1.200000E+5	-3.000000E+5	7.881395E-1	9.758285E-3
-1.050000E+5	-3.000000E+5	8.123115E-1	5.210444E-3
-9.000000E+4	-3.000000E+5	8.503564E-1	1.227726E-2
-7.500000E+4	-3.000000E+5	8.746161E-1	6.131279E-3
-6.000000E+4	-3.000000E+5	9.091067E-1	5.054126E-3
-4.500000E+4	-3.000000E+5	9.147673E-1	4.979016E-3
-3.000000E+4	-3.000000E+5	9.124582E-1	1.299066E-2
-1.500000E+4	-3.000000E+5	9.392767E-1	6.475420E-3
0.000000E+0	-3.000000E+5	9.367821E-1	1.050277E-2
1.500000E+4	-3.000000E+5	9.247211E-1	1.017958E-2
3.000000E+4	-3.000000E+5	9.206042E-1	7.273716E-3
4.500000E+4	-3.000000E+5	9.003136E-1	6.598580E-3
6.000000E+4	-3.000000E+5	8.792119E-1	1.684388E-2
7.500000E+4	-3.000000E+5	8.770801E-1	8.264844E-3
9.000000E+4	-3.000000E+5	8.418731E-1	1.280800E-2
1.050000E+5	-3.000000E+5	8.251103E-1	7.671602E-3
1.200000E+5	-3.000000E+5	7.769670E-1	7.944013E-3
1.350000E+5	-3.000000E+5	7.663866E-1	5.872276E-3
1.500000E+5	-3.000000E+5	7.386459E-1	1.810400E-2
1.650000E+5	-3.000000E+5	6.931856E-1	8.379550E-3
1.800000E+5	-3.000000E+5	6.585167E-1	8.761226E-3
1.950000E+5	-3.000000E+5	5.996054E-1	1.398194E-2
2.100000E+5	-3.000000E+5	5.800882E-1	9.501402E-3
2.250000E+5	-3.000000E+5	5.476163E-1	6.239841E-3
2.400000E+5	-3.000000E+5	5.074773E-1	8.103210E-3
2.550000E+5	-3.000000E+5	4.720706E-1	9.323761E-3
2.700000E+5	-3.000000E+5	4.674199E-1	9.655853E-3
2.850000E+5	-3.000000E+5	4.398545E-1	4.288631E-3
3.000000E+5	-3.000000E+5	4.442444E-1	4.371848E-3
-3.000000E+5	-2.850000E+5	4.732191E-1	7.565635E-3
-2.850000E+5	-2.850000E+5	5.095867E-1	6.890305E-3
-2.700000E+5	-2.850000E+5	5.519665E-1	6.151005E-3
-2.550000E+5	-2.850000E+5	5.638798E-1	6.098248E-3
-2.400000E+5	-2.850000E+5	6.015558E-1	6.898923E-3
-2.250000E+5	-2.850000E+5	6.475603E-1	8.006238E-3
-2.100000E+5	-2.850000E+5	6.701294E-1	5.307040E-3
-1.950000E+5	-2.850000E+5	6.880274E-1	8.397729E-3
-1.800000E+5	-2.850000E+5	7.220716E-1	4.481052E-3
-1.650000E+5	-2.850000E+5	7.518605E-1	1.104393E-2
-1.500000E+5	-2.850000E+5	7.974971E-1	6.015901E-3
-1.350000E+5	-2.850000E+5	8.624175E-1	2.610277E-2
-1.200000E+5	-2.850000E+5	8.634508E-1	1.226153E-2
-1.050000E+5	-2.850000E+5	8.970986E-1	7.647895E-3
-9.000000E+4	-2.850000E+5	9.217618E-1	8.838453E-3
-7.500000E+4	-2.850000E+5	9.753936E-1	7.813781E-3
-6.000000E+4	-2.850000E+5	9.806955E-1	1.099431E-2
-4.500000E+4	-2.850000E+5	1.013916E+0	1.377485E-2
-3.000000E+4	-2.850000E+5	1.031181E+0	5.965292E-3
-1.500000E+4	-2.850000E+5	1.015532E+0	5.862465E-3
0.000000E+0	-2.850000E+5	1.029072E+0	1.833707E-2
1.500000E+4	-2.850000E+5	1.018823E+0	5.909930E-3
3.000000E+4	-2.850000E+5	9.992121E-1	6.965632E-3
4.500000E+4	-2.850000E+5	9.803297E-1	7.422604E-3
6.000000E+4	-2.850000E+5	9.450932E-1	1.272625E-2
7.500000E+4	-2.850000E+5	9.319826E-1	9.519420E-3
9.000000E+4	-2.850000E+5	9.024097E-1	1.007432E-2
1.050000E+5	-2.850000E+5	8.687649E-1	1.052616E-2
1.200000E+5	-2.850000E+5	8.360607E-1	1.180296E-2
1.350000E+5	-2.850000E+5	8.078360E-1	8.514899E-3
1.500000E+5	-2.850000E+5	7.668308E-1	7.426908E-3
1.650000E+5	-2.850000E+5	7.418161E-1	7.219296E-3
1.800000E+5	-2.850000E+5	6.872917E-1	5.072441E-3
1.950000E+5	-2.850000E+5	6.561638E-1	5.046402E-3
2.100000E+5	-2.850000E+5	5.964220E-1	8.313172E-3
2.250000E+5	-2.850000E+5	5.834795E-1	7.163889E-3
2.400000E+5	-2.850000E+5	5.416520E-1	5.841395E-3
2.550000E+5	-2.850000E+5	5.142945E-1	6.055180E-3
2.700000E+5	-2.850000E+5	4.853484E-1	9.746581E-3
2.850000E+5	-2.850000E+5	4.701304E-1	9.462191E-3
3.000000E+5	-2.850000E+5	4.508843E-1	1.417616E-2
-3.000000E+5	-2.700000E+5	4.936269E-1	9.468847E-3
-2.850000E+5	-2.700000E+5	5.234015E-1	1.608930E-2
-2.700000E+5	-2.700000E+5	5.721664E-1	1.129218E-2
-2.550000E+5	-2.700000E+5	5.982247E-1	5.995224E-3
-2.400000E+5	-2.700000E+5	6.329333E-1	1.058981E-2
-2.250000E+5	-2.700000E+5	6.621006E-1	1.639476E-2
-2.100000E+5	-2.700000E+5	7.033320E-1	1.012145E-2
-1.950000E+5	-2.700000E+5	6.980310E-1	1.303141E-2
-1.800000E+5	-2.700000E+5	7.591811E-1	8.534657E-3
-1.650000E+5	-2.700000E+5	8.122127E-1	6.174688E-3
-1.500000E+5	-2.700000E+5	8.315862E-1	5.430575E-3
-1.350000E+5	-2.700000E+5	8.637799E-1	1.161797E-2
-1.200000E+5	-2.700000E+5	9.085452E-1	1.894908E-2
-1.050000E+5	-2.700000E+5	9.328762E-1	1.018825E-2
-9.000000E+4	-2.700000E+5	9.770964E-1	4.649558E-3
-7.500000E+4	-2.700000E+5	1.009755E+0	4.660215E-3
-6.000000E+4	-2.700000E+5	1.035123E+0	8.422069E-3
-4.500000E+4	-2.700000E+5	1.060086E+0	5.897609E-3
-3.000000E+4	-2.700000E+5	1.081142E+0	4.541207E-3
-1.500000E+4	-2.700000E+5	1.074404E+0	7.070069E-3
0.000000E+0	-2.700000E+5	1.080552E+0	6.365962E-3
1.500000E+4	-2.700000E+5	1.061971E+0	5.397612E-3
3.000000E+4	-2.700000E+5	1.048079E+0	8.798897E-3
4.500000E+4	-2.700000E+5	1.036138E+0	7.883736E-3
6.000000E+4	-2.700000E+5	1.005015E+0	7.324204E-3
7.500000E+4	-2.700000E+5	9.747231E-1	5.340138E-3
9.000000E+4	-2.700000E+5	9.364316E-1	8.603448E-3
1.050000E+5	-2.700000E+5	9.085442E-1	8.494541E-3
1.200000E+5	-2.700000E+5	8.764585E-1	8.984123E-3
1.350000E+5	-2.700000E+5	8.489767E-1	5.918771E-3
1.500000E+5	-2.700000E+5	7.964220E-1	7.099682E-3
1.650000E+5	-2.700000E+5	7.608482E-1	8.567475E-3
1.800000E+5	-2.700000E+5	7.189066E-1	1.280185E-2
1.950000E+5	-2.700000E+5	6.808189E-1	1.059819E-2
2.100000E+5	-2.700000E+5	6.467349E-1	6.213596E-3
2.250000E+5	-2.700000E+5	5.859812E-1	9.337804E-3
2.400000E+5	-2.700000E+5	5.853168E-1	1.249454E-2
2.550000E+5	-2.700000E+5	5.408287E-1	7.514750E-3
2.700000E+5	-2.700000E+5	5.169929E-1	9.507203E-3
2.850000E+5	-2.700000E+5	5.069301E-1	1.183792E-2
3.000000E+5	-2.700000E+5	4.792313E-1	1.063519E-2
-3.000000E+5	-2.550000E+5	4.864917E-1	1.042592E-2
-2.850000E+5	-2.550000E+5	5.521346E-1	1.161382E-2
-2.700000E+5	-2.550000E+5	5.858304E-1	1.776358E-2
-2.550000E+5	-2.550000E+5	6.161430E-1	1.210637E-2
-2.400000E+5	-2.550000E+5	6.768834E-1	1.097240E-2
-2.250000E+5	-2.550000E+5	6.988677E-1	6.942837E-3
-2.100000E+5	-2.550000E+5	7.265818E-1	7.742544E-3
-1.950000E+5	-2.550000E+5	7.742106E-1	7.541336E-3
-1.800000E+5	-2.550000E+5	7.898056E-1	6.088751E-3
-1.650000E+5	-2.550000E+5	8.502331E-1	1.571304E-2
-1.500000E+5	-2.550000E+5	8.977651E-1	1.385917E-2
-1.350000E+5	-2.550000E+5	9.159015E-1	1.189976E-2
-1.200000E+5	-2.550000E+5	9.512501E-1	6.560646E-3
-1.050000E+5	-2.550000E+5	9.908327E-1	5.164782E-3
-9.000000E+4	-2.550000E+5	1.006992E+0	1.241567E-2
-7.500000E+4	-2.550000E+5	1.062650E+0	7.967683E-3
-6.000000E+4	-2.550000E+5	1.089597E+0	6.901870E-3
-4.500000E+4	-2.550000E+5	1.131719E+0	5.221342E-3
-3.000000E+4	-2.550000E+5	1.131471E+0	1.228509E-2
-1.500000E+4	-2.550000E+5	1.142918E+0	9.344443E-3
0.000000E+0	-2.550000E+5	1.138059E+0	7.839996E-3
1.500000E+4	-2.550000E+5	1.132639E+0	1.054148E-2
3.000000E+4	-2.550000E+5	1.101285E+0	8.721830E-3
4.500000E+4	-2.550000E+5	1.091650E+0	8.953502E-3
6.000000E+4	-2.550000E+5	1.031615E+0	1.038142E-2
7.500000E+4	-2.550000E+5	1.012355E+0	4.503181E-3
9.000000E+4	-2.550000E+5	9.964363E-1	1.336912E-2
1.050000E+5	-2.550000E+5	9.540249E-1	7.577777E-3
1.200000E+5	-2.550000E+5	9.032779E-1	5.589759E-3
1.350000E+5	-2.550000E+5	8.641957E-1	6.651597E-3
1.500000E+5	-2.550000E+5	8.336813E-1	4.936589E-3
1.650000E+5	-2.550000E+5	7.971710E-1	8.147137E-3
1.800000E+5	-2.550000E+5	7.488187E-1	8.875419E-3
1.950000E+5	-2.550000E+5	7.006285E-1	5.047597E-3
2.100000E+5	-2.550000E+5	6.573989E-1	1.086867E-2
2.250000E+5	-2.550000E+5	6.051152E-1	1.084323E-2
2.400000E+5	-2.550000E+5	5.692052E-1	1.090119E-2
2.550000E+5	-2.550000E+5	5.464017E-1	5.288975E-3
2.700000E+5	-2.550000E+5	4.899442E-1	6.078458E-3
2.850000E+5	-2.550000E+5	4.906096E-1	8.582405E-3
3.000000E+5	-2.550000E+5	4.841531E-1	6.555188E-3
-3.000000E+5	-2.400000E+5	5.681617E-1	7.048764E-3
-2.850000E+5	-2.400000E+5	6.006081E-1	5.386219E-3
-2.700000E+5	-2.400000E+5	6.350784E-1	8.003588E-3
-2.550000E+5	-2.400000E+5	6.847910E-1	6.408454E-3
-2.400000E+5	-2.400000E+5	6.972169E-1	8.853512E-3
-2.250000E+5	-2.400000E+5	7.492070E-1	5.563410E-3
-2.100000E+5	-2.400000E+5	7.970701E-1	5.576372E-3
-1.950000E+5	-2.400000E+5	8.390280E-1	7.125708E-3
-1.800000E+5	-2.400000E+5	8.839156E-1	1.153071E-2
-1.650000E+5	-2.400000E+5	9.129341E-1	2.088933E-2
-1.500000E+5	-2.400000E+5	9.843141E-1	7.452103E-3
-1.350000E+5	-2.400000E+5	1.005106E+0	7.224813E-3
-1.200000E+5	-2.400000E+5	1.050682E+0	9.690742E-3
-1.050000E+5	-2.400000E+5	1.089443E+0	7.633076E-3
-9.000000E+4	-2.400000E+5	1.099564E+0	1.403230E-2
-7.500000E+4	-2.400000E+5	1.146047E+0	1.635362E-2
-6.000000E+4	-2.400000E+5	1.182845E+0	2.588705E-2
-4.500000E+4	-2.400000E+5	1.229990E+0	7.081917E-3
-3.000000E+4	-2.400000E+5	1.238154E+0	1.424042E-2
-1.500000E+4	-2.400000E+5	1.248905E+0	8.113132E-3
0.000000E+0	-2.400000E+5	1.269520E+0	9.808788E-3
1.500000E+4	-2.400000E+5	1.253125E+0	5.966356E-3
3.000000E+4	-2.400000E+5	1.224946E+0	5.585724E-3
4.500000E+4	-2.400000E+5	1.176637E+0	1.550768E-2
6.000000E+4	-2.400000E+5	1.169820E+0	1.001926E-2
7.500000E+4	-2.400000E+5	1.125490E+0	8.908412E-3
9.000000E+4	-2.400000E+5	1.111754E+0	2.391641E-2
1.050000E+5	-2.400000E+5	1.050644E+0	1.784212E-2
1.200000E+5	-2.400000E+5	1.016569E+0	1.384703E-2
1.350000E+5	-2.400000E+5	9.910447E-1	9.090487E-3
1.500000E+5	-2.400000E+5	9.557786E-1	1.877134E-2
1.650000E+5	-2.400000E+5	9.056410E-1	8.825668E-3
1.800000E+5	-2.400000E+5	8.792251E-1	1.432401E-2
1.950000E+5	-2.400000E+5	8.273420E-1	1.205323E-2
2.100000E+5	-2.400000E+5	7.671111E-1	8.874069E-3
2.250000E+5	-2.400000E+5	7.597568E-1	9.252219E-3
2.400000E+5	-2.400000E+5	6.786677E-1	6.775975E-3
2.550000E+5	-2.400000E+5	6.381537E-1	4.934549E-3
2.700000E+5	-2.400000E+5	6.170428E-1	2.541444E-2
2.850000E+5	-2.400000E+5	5.496452E-1	1.037655E-2
3.000000E+5	-2.400000E+5	5.020776E-1	7.607830E-3
-3.000000E+5	-2.250000E+5	5.794442E-1	9.560037E-3
-2.850000E+5	-2.250000E+5	6.331891E-1	8.489219E-3
-2.700000E+5	-2.250000E+5	6.760764E-1	7.358963E-3
-2.550000E+5	-2.250000E+5	7.391157E-1	9.196287E-3
-2.400000E+5	-2.250000E+5	7.570330E-1	7.708654E-3
-2.250000E+5	-2.250000E+5	8.091342E-1	7.399297E-3
-2.100000E+5	-2.250000E+5	8.518768E-1	5.709893E-3
-1.950000E+5	-2.250000E+5	9.006448E-1	6.047220E-3
-1.800000E+5	-2.250000E+5	9.523567E-1	2.095109E-2
-1.650000E+5	-2.250000E+5	1.004806E+0	1.075082E-2
-1.500000E+5	-2.250000E+5	1.050575E+0	6.424466E-3
-1.350000E+5	-2.250000E+5	1.083960E+0	7.732465E-3
-1.200000E+5	-2.250000E+5	1.128171E+0	8.173703E-3
-1.050000E+5	-2.250000E+5	1.137527E+0	1.654809E-2
-9.000000E+4	-2.250000E+5	1.200463E+0	1.155115E-2
-7.500000E+4	-2.250000E+5	1.219141E+0	1.657840E-2
-6.000000E+4	-2.250000E+5	1.274626E+0	1.418661E-2
-4.500000E+4	-2.250000E+5	1.293605E+0	7.337204E-3
-3.000000E+4	-2.250000E+5	1.346863E+0	7.326611E-3
-1.500000E+4	-2.250000E+5	1.362352E+0	1.034376E-2
0.000000E+0	-2.250000E+5	1.357562E+0	1.520597E-2
1.500000E+4	-2.250000E+5	1.359196E+0	6.248734E-3
3.000000E+4	-2.250000E+5	1.336438E+0	1.040033E-2
4.500000E+4	-2.250000E+5	1.319536E+0	6.013743E-3
6.000000E+4	-2.250000E+5	1.255563E+0	8.140540E-3
7.500000E+4	-2.250000E+5	1.216142E+0	5.631285E-3
9.000000E+4	-2.250000E+5	1.148711E+0	1.024303E-2
1.050000E+5	-2.250000E+5	1.126364E+0	9.535624E-3
1.200000E+5	-2.250000E+5	1.106283E+0	5.681165E-3
1.350000E+5	-2.250000E+5	1.052306E+0	8.308809E-3
1.500000E+5	-2.250000E+5	1.016768E+0	1.306160E-2
1.650000E+5	-2.250000E+5	9.654867E-1	9.941495E-3
1.800000E+5	-2.250000E+5	9.368585E-1	8.320737E-3
1.950000E+5	-2.250000E+5	8.954325E-1	7.001576E-3
2.100000E+5	-2.250000E+5	8.455854E-1	8.624750E-3
2.250000E+5	-2.250000E+5	7.805682E-1	7.449367E-3
2.400000E+5	-2.250000E+5	7.452491E-1	6.495833E-3
2.550000E+5	-2.250000E+5	6.848358E-1	1.000068E-2
2.700000E+5	-2.250000E+5	6.429044E-1	5.255382E-3
2.850000E+5	-2.250000E+5	5.839452E-1	6.482369E-3
3.000000E+5	-2.250000E+5	5.603000E-1	5.623687E-3
-3.000000E+5	-2.100000E+5	6.204076E-1	4.978457E-3
-2.850000E+5	-2.100000E+5	6.683512E-1	7.305379E-3
-2.700000E+5	-2.100000E+5	7.439346E-1	9.869353E-3
-2.550000E+5	-2.100000E+5	7.571115E-1	1.433345E-2
-2.400000E+5	-2.100000E+5	8.325318E-1	6.032644E-3
-2.250000E+5	-2.100000E+5	8.619314E-1	1.333425E-2
-2.100000E+5	-2.100000E+5	8.980188E-1	1.038628E-2
-1.950000E+5	-2.100000E+5	9.488544E-1	7.967000E-3
-1.800000E+5	-2.100000E+5	9.892135E-1	1.430637E-2
-1.650000E+5	-2.100000E+5	1.044737E+0	6.890671E-3
-1.500000E+5	-2.100000E+5	1.095743E+0	6.337809E-3
-1.350000E+5	-2.100000E+5	1.163471E+0	1.485187E-2
-1.200000E+5	-2.100000E+5	1.184216E+0	1.160040E-2
-1.050000E+5	-2.100000E+5	1.227606E+0	4.579880E-3
-9.000000E+4	-2.100000E+5	1.281841E+0	8.034417E-3
-7.500000E+4	-2.100000E+5	1.332834E+0	1.151060E-2
-6.000000E+4	-2.100000E+5	1.361548E+0	6.740234E-3
-4.500000E+4	-2.100000E+5	1.407322E+0	2.270937E-2
-3.000000E+4	-2.100000E+5	1.422058E+0	1.411196E-2
-1.500000E+4	-2.100000E+5	1.460005E+0	1.557121E-2
0.000000E+0	-2.100000E+5	1.458469E+0	1.495615E-2
1.500000E+4	-2.100000E+5	1.450150E+0	6.492288E-3
3.000000E+4	-2.100000E+5	1.415007E+0	7.358647E-3
4.500000E+4	-2.100000E+5	1.374831E+0	8.568972E-3
6.000000E+4	-2.100000E+5	1.325672E+0	1.035946E-2
7.500000E+4	-2.100000E+5	1.284401E+0	9.303552E-3
9.000000E+4	-2.100000E+5	1.265435E+0	1.632429E-2
1.050000E+5	-2.100000E+5	1.199863E+0	7.568908E-3
1.200000E+5	-2.100000E+5	1.153731E+0	1.316042E-2
1.350000E+5	-2.100000E+5	1.129484E+0	1.190665E-2
1.500000E+5	-2.100000E+5	1.063779E+0	1.248178E-2
1.650000E+5	-2.100000E+5	1.031303E+0	2.002707E-2
1.800000E+5	-2.100000E+5	9.865967E-1	8.185339E-3
1.950000E+5	-2.100000E+5	9.434230E-1	7.114880E-3
2.100000E+5	-2.100000E+5	9.012572E-1	1.563885E-2
2.250000E+5	-2.100000E+5	8.356031E-1	6.608192E-3
2.400000E+5	-2.100000E+5	8.128220E-1	1.259066E-2
2.550000E+5	-2.100000E+5	7.395243E-1	6.790393E-3
2.700000E+5	-2.100000E+5	6.907930E-1	1.290788E-2
2.850000E+5	-2.100000E+5	6.185377E-1	6.664524E-3
3.000000E+5	-2.100000E+5	5.779228E-1	1.462639E-2
-3.000000E+5	-1.950000E+5	6.490103E-1	7.981253E-3
-2.850000E+5	-1.950000E+5	7.143577E-1	6.739944E-3
-2.700000E+5	-1.950000E+5	7.318746E-1	2.004191E-2
-2.550000E+5	-1.950000E+5	7.894469E-1	5.599424E-3
-2.400000E+5	-1.950000E+5	8.382984E-1	5.934545E-3
-2.250000E+5	-1.950000E+5	8.915735E-1	9.168259E-3
-2.100000E+5	-1.950000E+5	9.582660E-1	1.055579E-2
-1.950000E+5	-1.950000E+5	1.028890E+0	9.518206E-3
-1.800000E+5	-1.950000E+5	1.094728E+0	1.332452E-2
-1.650000E+5	-1.950000E+5	1.116389E+0	7.013192E-3
-1.500000E+5	-1.950000E+5	1.177882E+0	7.330458E-3
-1.350000E+5	-1.950000E+5	1.200725E+0	1.471472E-2
-1.200000E+5	-1.950000E+5	1.238747E+0	9.864862E-3
-1.050000E+5	-1.950000E+5	1.290932E+0	1.141837E-2
-9.000000E+4	-1.950000E+5	1.354179E+0	6.393669E-3
-7.500000E+4	-1.950000E+5	1.393919E+0	1.084178E-2
-6.000000E+4	-1.950000E+5	1.446178E+0	2.161381E-2
-4.500000E+4	-1.950000E+5	1.485401E+0	6.987122E-3
-3.000000E+4	-1.950000E+5	1.535698E+0	9.913943E-3
-1.500000E+4	-1.950000E+5	1.560863E+0	5.880107E-3
0.000000E+0	-1.950000E+5	1.569962E+0	1.955098E-2
1.500000E+4	-1.950000E+5	1.539296E+0	7.582012E-3
3.000000E+4	-1.950000E+5	1.513346E+0	1.332784E-2
4.500000E+4	-1.950000E+5	1.471274E+0	6.941278E-3
6.000000E+4	-1.950000E+5	1.409775E+0	1.350804E-2
7.500000E+4	-1.950000E+5	1.396404E+0	1.403328E-2
9.000000E+4	-1.950000E+5	1.341265E+0	8.280916E-3
1.050000E+5	-1.950000E+5	1.279602E+0	1.108898E-2
1.200000E+5	-1.950000E+5	1.252364E+0	7.738213E-3
1.350000E+5	-1.950000E+5	1.187192E+0	9.096660E-3
1.500000E+5	-1.950000E+5	1.128489E+0	1.283864E-2
1.650000E+5	-1.950000E+5	1.090414E+0	1.442896E-2
1.800000E+5	-1.950000E+5	1.034320E+0	8.469163E-3
1.950000E+5	-1.950000E+5	9.975959E-1	6.817417E-3
2.100000E+5	-1.950000E+5	9.731671E-1	1.720971E-2
2.250000E+5	-1.950000E+5	8.997175E-1	6.645181E-3
2.400000E+5	-1.950000E+5	8.461713E-1	8.486340E-3
2.550000E+5	-1.950000E+5	7.945908E-1	1.050622E-2
2.700000E+5	-1.950000E+5	7.248556E-1	1.517613E-2
2.850000E+5	-1.950000E+5	6.708376E-1	1.005775E-2
3.000000E+5	-1.950000E+5	6.400593E-1	5.511804E-3
-3.000000E+5	-1.800000E+5	6.793923E-1	4.604465E-3
-2.850000E+5	-1.800000E+5	7.133958E-1	9.566848E-3
-2.700000E+5	-1.800000E+5	7.701793E-1	1.043176E-2
-2.550000E+5	-1.800000E+5	8.169684E-1	9.672044E-3
-2.400000E+5	-1.800000E+5	8.836538E-1	1.280566E-2
-2.250000E+5	-1.800000E+5	9.545262E-1	1.421761E-2
-2.100000E+5	-1.800000E+5	1.027551E+0	1.738099E-2
-1.950000E+5	-1.800000E+5	1.057729E+0	1.193074E-2
-1.800000E+5	-1.800000E+5	1.116592E+0	1.391353E-2
-1.650000E+5	-1.800000E+5	1.177732E+0	8.078255E-3
-1.500000E+5	-1.800000E+5	1.212122E+0	1.406059E-2
-1.350000E+5	-1.800000E+5	1.248227E+0	1.184577E-2
-1.200000E+5	-1.800000E+5	1.275788E+0	1.139378E-2
-1.050000E+5	-1.800000E+5	1.319791E+0	1.224041E-2
-9.000000E+4	-1.800000E+5	1.397863E+0	1.224486E-2
-7.500000E+4	-1.800000E+5	1.451393E+0	7.248536E-3
-6.000000E+4	-1.800000E+5	1.504673E+0	2.065619E-2
-4.500000E+4	-1.800000E+5	1.570753E+0	1.153557E-2
-3.000000E+4	-1.800000E+5	1.611645E+0	1.186875E-2
-1.500000E+4	-1.800000E+5	1.660387E+0	8.180335E-3
0.000000E+0	-1.800000E+5	1.662273E+0	2.086247E-2
1.500000E+4	-1.800000E+5	1.646694E+0	6.873001E-3
3.000000E+4	-1.800000E+5	1.587881E+0	1.199758E-2
4.500000E+4	-1.800000E+5	1.575927E+0	7.833292E-3
6.000000E+4	-1.800000E+5	1.517071E+0	4.592493E-3
7.500000E+4	-1.800000E+5	1.462616E+0	6.184764E-3
9.000000E+4	-1.800000E+5	1.425923E+0	4.589935E-3
1.050000E+5	-1.800000E+5	1.348967E+0	1.290486E-2
1.200000E+5	-1.800000E+5	1.303367E+0	7.719512E-3
1.350000E+5	-1.800000E+5	1.257327E+0	9.379391E-3
1.500000E+5	-1.800000E+5	1.188045E+0	1.072601E-2
1.650000E+5	-1.800000E+5	1.171359E+0	1.649628E-2
1.800000E+5	-1.800000E+5	1.104053E+0	1.763537E-2
1.950000E+5	-1.800000E+5	1.056735E+0	1.132000E-2
2.100000E+5	-1.800000E+5	1.018961E+0	9.312573E-3
2.250000E+5	-1.800000E+5	9.945704E-1	8.311632E-3
2.400000E+5	-1.800000E+5	9.293484E-1	1.116147E-2
2.550000E+5	-1.800000E+5	8.431601E-1	7.383482E-3
2.700000E+5	-1.800000E+5	7.787014E-1	5.327854E-3
2.850000E+5	-1.800000E+5	7.155245E-1	7.738962E-3
3.000000E+5	-1.800000E+5	6.405444E-1	1.234934E-2
-3.000000E+5	-1.650000E+5	6.888671E-1	8.161141E-3
-2.850000E+5	-1.650000E+5	7.556472E-1	1.169205E-2
-2.700000E+5	-1.650000E+5	8.166393E-1	1.396280E-2
-2.550000E+5	-1.650000E+5	8.636230E-1	1.433190E-2
-2.400000E+5	-1.650000E+5	9.350152E-1	1.028896E-2
-2.250000E+5	-1.650000E+5	1.010248E+0	7.672982E-3
-2.100000E+5	-1.650000E+5	1.061312E+0	7.710918E-3
-1.950000E+5	-1.650000E+5	1.109078E+0	8.628301E-3
-1.800000E+5	-1.650000E+5	1.181618E+0	1.065805E-2
-1.650000E+5	-1.650000E+5	1.235714E+0	7.446797E-3
-1.500000E+5	-1.650000E+5	1.257142E+0	7.940237E-3
-1.350000E+5	-1.650000E+5	1.293113E+0	7.168587E-3
-1.200000E+5	-1.650000E+5	1.347444E+0	6.934536E-3
-1.050000E+5	-1.650000E+5	1.413987E+0	2.081000E-2
-9.000000E+4	-1.650000E+5	1.459250E+0	7.785977E-3
-7.500000E+4	-1.650000E+5	1.574701E+0	2.145903E-2
-6.000000E+4	-1.650000E+5	1.621343E+0	2.037019E-2
-4.500000E+4	-1.650000E+5	1.660888E+0	7.856545E-3
-3.000000E+4	-1.650000E+5	1.706613E+0	6.806027E-3
-1.500000E+4	-1.650000E+5	1.762686E+0	5.195037E-3
0.000000E+0	-1.650000E+5	1.753588E+0	5.375408E-3
1.500000E+4	-1.650000E+5	1.730316E+0	1.306233E-2
3.000000E+4	-1.650000E+5	1.698365E+0	2.371710E-2
4.500000E+4	-1.650000E+5	1.653478E+0	6.881964E-3
6.000000E+4	-1.650000E+5	1.596484E+0	1.903969E-2
7.500000E+4	-1.650000E+5	1.534175E+0	5.246432E-3
9.000000E+4	-1.650000E+5	1.485111E+0	7.496416E-3
1.050000E+5	-1.650000E+5	1.428250E+0	5.694517E-3
1.200000E+5	-1.650000E+5	1.364160E+0	1.181745E-2
1.350000E+5	-1.650000E+5	1.324345E+0	8.190070E-3
1.500000E+5	-1.650000E+5	1.258416E+0	1.064533E-2
1.650000E+5	-1.650000E+5	1.207642E+0	1.651860E-2
1.800000E+5	-1.650000E+5	1.173517E+0	9.550750E-3
1.950000E+5	-1.650000E+5	1.137780E+0	1.221521E-2
2.100000E+5	-1.650000E+5	1.090132E+0	7.400749E-3
2.250000E+5	-1.650000E+5	1.019963E+0	1.045553E-2
2.400000E+5	-1.650000E+5	9.641630E-1	1.242978E-2
2.550000E+5	-1.650000E+5	8.938735E-1	1.154670E-2
2.700000E+5	-1.650000E+5	8.170255E-1	8.144665E-3
2.850000E+5	-1.650000E+5	7.328375E-1	2.070249E-2
3.000000E+5	-1.650000E+5	6.916245E-1	6.458570E-3
-3.000000E+5	-1.500000E+5	6.435800E-1	4.450546E-3
-2.850000E+5	-1.500000E+5	7.012114E-1	1.497240E-2
-2.700000E+5	-1.500000E+5	7.580959E-1	8.895417E-3
-2.550000E+5	-1.500000E+5	8.373222E-1	1.453420E-2
-2.400000E+5	-1.500000E+5	9.102113E-1	1.042722E-2
-2.250000E+5	-1.500000E+5	9.872498E-1	8.512168E-3
-2.100000E+5	-1.500000E+5	1.060808E+0	6.857205E-3
-1.950000E+5	-1.500000E+5	1.111954E+0	9.747005E-3
-1.800000E+5	-1.500000E+5	1.158745E+0	1.679324E-2
-1.650000E+5	-1.500000E+5	1.215836E+0	1.179254E-2
-1.500000E+5	-1.500000E+5	1.252993E+0	9.162628E-3
-1.350000E+5	-1.500000E+5	1.301227E+0	8.021616E-3
-1.200000E+5	-1.500000E+5	1.342730E+0	5.578184E-3
-1.050000E+5	-1.500000E+5	1.422472E+0	1.074306E-2
-9.000000E+4	-1.500000E+5	1.506813E+0	6.885276E-3
-7.500000E+4	-1.500000E+5	1.580688E+0	7.398385E-3
-6.000000E+4	-1.500000E+5	1.646010E+0	1.802367E-2
-4.500000E+4	-1.500000E+5	1.728778E+0	1.384077E-2
-3.000000E+4	-1.500000E+5	1.765298E+0	1.338717E-2
-1.500000E+4	-1.500000E+5	1.802979E+0	1.214774E-2
0.000000E+0	-1.500000E+5	1.790940E+0	9.941840E-3
1.500000E+4	-1.500000E+5	1.791180E+0	6.694682E-3
3.000000E+4	-1.500000E+5	1.739259E+0	1.472086E-2
4.500000E+4	-1.500000E+5	1.701082E+0	6.662659E-3
6.000000E+4	-1.500000E+5	1.635910E+0	9.572645E-3
7.500000E+4	-1.500000E+5	1.595649E+0	6.588888E-3
9.000000E+4	-1.500000E+5	1.525459E+0	1.449150E-2
1.050000E+5	-1.500000E+5	1.430344E+0	1.295825E-2
1.200000E+5	-1.500000E+5	1.397696E+0	5.648135E-3
1.350000E+5	-1.500000E+5	1.305449E+0	4.989199E-3
1.500000E+5	-1.500000E+5	1.236334E+0	5.710189E-3
1.650000E+5	-1.500000E+5	1.202828E+0	6.999476E-3
1.800000E+5	-1.500000E+5	1.180697E+0	1.481377E-2
1.950000E+5	-1.500000E+5	1.121839E+0	1.648331E-2
2.100000E+5	-1.500000E+5	1.067723E+0	1.017522E-2
2.250000E+5	-1.500000E+5	1.032315E+0	2.158158E-2
2.400000E+5	-1.500000E+5	9.695608E-1	8.866842E-3
2.550000E+5	-1.500000E+5	8.841429E-1	9.952637E-3
2.700000E+5	-1.500000E+5	7.971017E-1	8.287785E-3
2.850000E+5	-1.500000E+5	7.536774E-1	4.784392E-3
3.000000E+5	-1.500000E+5	6.775091E-1	1.790113E-2
-3.000000E+5	-1.350000E+5	6.384248E-1	1.193759E-2
-2.850000E+5	-1.350000E+5	6.998367E-1	4.733428E-3
-2.700000E+5	-1.350000E+5	7.585972E-1	8.851701E-3
-2.550000E+5	-1.350000E+5	8.156895E-1	1.098502E-2
-2.400000E+5	-1.350000E+5	9.257880E-1	1.206370E-2
-2.250000E+5	-1.350000E+5	9.757391E-1	7.769100E-3
-2.100000E+5	-1.350000E+5	1.051436E+0	8.515538E-3
-1.950000E+5	-1.350000E+5	1.104449E+0	7.894551E-3
-1.800000E+5	-1.350000E+5	1.149373E+0	1.049743E-2
-1.650000E+5	-1.350000E+5	1.189113E+0	8.624237E-3
-1.500000E+5	-1.350000E+5	1.241934E+0	7.208318E-3
-1.350000E+5	-1.350000E+5	1.297115E+0	1.240531E-2
-1.200000E+5	-1.350000E+5	1.347768E+0	8.176030E-3
-1.050000E+5	-1.350000E+5	1.442247E+0	1.122076E-2
-9.000000E+4	-1.350000E+5	1.514648E+0	1.558142E-2
-7.500000E+4	-1.350000E+5	1.604488E+0	2.948926E-2
-6.000000E+4	-1.350000E+5	1.687111E+0	1.816073E-2
-4.500000E+4	-1.350000E+5	1.779996E+0	1.141396E-2
-3.000000E+4	-1.350000E+5	1.807797E+0	1.566301E-2
-1.500000E+4	-1.350000E+5	1.837461E+0	7.957184E-3
0.000000E+0	-1.350000E+5	1.868303E+0	7.027943E-3
1.500000E+4	-1.350000E+5	1.839229E+0	1.298434E-2
3.000000E+4	-1.350000E+5	1.782525E+0	7.617396E-3
4.500000E+4	-1.350000E+5	1.750732E+0	1.219422E-2
6.000000E+4	-1.350000E+5	1.684206E+0	1.190465E-2
7.500000E+4	-1.350000E+5	1.618284E+0	1.265830E-2
9.000000E+4	-1.350000E+5	1.528064E+0	1.161254E-2
1.050000E+5	-1.350000E+5	1.462678E+0	1.146778E-2
1.200000E+5	-1.350000E+5	1.386304E+0	1.252839E-2
1.350000E+5	-1.350000E+5	1.321866E+0	1.030132E-2
1.500000E+5	-1.350000E+5	1.238404E+0	1.556995E-2
1.650000E+5	-1.350000E+5	1.176584E+0	7.990375E-3
1.800000E+5	-1.350000E+5	1.148507E+0	1.015930E-2
1.950000E+5	-1.350000E+5	1.116849E+0	6.007054E-3
2.100000E+5	-1.350000E+5	1.066813E+0	8.695582E-3
2.250000E+5	-1.350000E+5	1.002195E+0	1.138415E-2
2.400000E+5	-1.350000E+5	9.539505E-1	1.585271E-2
2.550000E+5	-1.350000E+5	8.806456E-1	7.197206E-3
2.700000E+5	-1.350000E+5	8.329231E-1	6.380238E-3
2.850000E+5	-1.350000E+5	7.618367E-1	5.487810E-3
3.000000E+5	-1.350000E+5	6.819877E-1	1.037302E-2
-3.000000E+5	-1.200000E+5	6.144087E-1	1.324161E-2
-2.850000E+5	-1.200000E+5	6.798712E-1	6.788667E-3
-2.700000E+5	-1.200000E+5	7.485375E-1	1.599075E-2
-2.550000E+5	-1.200000E+5	8.070880E-1	1.020048E-2
-2.400000E+5	-1.200000E+5	8.772625E-1	7.348272E-3
-2.250000E+5	-1.200000E+5	9.837444E-1	1.276189E-2
-2.100000E+5	-1.200000E+5	1.016232E+0	1.116254E-2
-1.950000E+5	-1.200000E+5	1.087762E+0	7.774313E-3
-1.800000E+5	-1.200000E+5	1.140440E+0	8.461994E-3
-1.650000E+5	-1.200000E+5	1.190511E+0	5.048811E-3
-1.500000E+5	-1.200000E+5	1.241917E+0	1.918666E-2
-1.350000E+5	-1.200000E+5	1.317815E+0	1.833948E-2
-1.200000E+5	-1.200000E+5	1.368102E+0	1.297075E-2
-1.050000E+5	-1.200000E+5	1.460156E+0	1.228266E-2
-9.000000E+4	-1.200000E+5	1.565091E+0	7.356533E-3
-7.500000E+4	-1.200000E+5	1.669400E+0	1.339377E-2
-6.000000E+4	-1.200000E+5	1.742250E+0	1.281707E-2
-4.500000E+4	-1.200000E+5	1.841276E+0	2.986177E-2
-3.000000E+4	-1.200000E+5	1.875875E+0	7.829431E-3
-1.500000E+4	-1.200000E+5	1.924823E+0	1.003584E-2
0.000000E+0	-1.200000E+5	1.909004E+0	2.856346E-2
1.500000E+4	-1.200000E+5	1.867328E+0	1.027061E-2
3.000000E+4	-1.200000E+5	1.837494E+0	1.185590E-2
4.500000E+4	-1.200000E+5	1.787628E+0	7.499317E-3
6.000000E+4	-1.200000E+5	1.727339E+0	6.699800E-3
7.500000E+4	-1.200000E+5	1.641890E+0	7.661922E-3
9.000000E+4	-1.200000E+5	1.552370E+0	1.056912E-2
1.050000E+5	-1.200000E+5	1.471929E+0	1.199139E-2
1.200000E+5	-1.200000E+5	1.391126E+0	1.303133E-2
1.350000E+5	-1.200000E+5	1.323679E+0	1.080999E-2
1.500000E+5	-1.200000E+5	1.252070E+0	6.142555E-3
1.650000E+5	-1.200000E+5	1.185381E+0	1.060355E-2
1.800000E+5	-1.200000E+5	1.151410E+0	1.748317E-2
1.950000E+5	-1.200000E+5	1.116510E+0	7.430516E-3
2.100000E+5	-1.200000E+5	1.040584E+0	2.126437E-2
2.250000E+5	-1.200000E+5	1.013970E+0	1.059271E-2
2.400000E+5	-1.200000E+5	9.636413E-1	7.658490E-3
2.550000E+5	-1.200000E+5	8.736878E-1	8.813157E-3
2.700000E+5	-1.200000E+5	7.989736E-1	8.784960E-3
2.850000E+5	-1.200000E+5	7.497450E-1	6.532647E-3
3.000000E+5	-1.200000E+5	6.695343E-1	1.294821E-2
-3.000000E+5	-1.050000E+5	6.019431E-1	1.073854E-2
-2.850000E+5	-1.050000E+5	6.581631E-1	4.315473E-3
-2.700000E+5	-1.050000E+5	7.273104E-1	9.498066E-3
-2.550000E+5	-1.050000E+5	8.112497E-1	7.780684E-3
-2.400000E+5	-1.050000E+5	8.912393E-1	5.245094E-3
-2.250000E+5	-1.050000E+5	9.384839E-1	1.115809E-2
-2.100000E+5	-1.050000E+5	1.020022E+0	5.136616E-3
-1.950000E+5	-1.050000E+5	1.083670E+0	5.796275E-3
-1.800000E+5	-1.050000E+5	1.106961E+0	9.341373E-3
-1.650000E+5	-1.050000E+5	1.169175E+0	1.197447E-2
-1.500000E+5	-1.050000E+5	1.226332E+0	8.742242E-3
-1.350000E+5	-1.050000E+5	1.304708E+0	1.223317E-2
-1.200000E+5	-1.050000E+5	1.387253E+0	1.587462E-2
-1.050000E+5	-1.050000E+5	1.446581E+0	2.270476E-2
-9.000000E+4	-1.050000E+5	1.596923E+0	1.127679E-2
-7.500000E+4	-1.050000E+5	1.707511E+0	1.180706E-2
-6.000000E+4	-1.050000E+5	1.774908E+0	2.614759E-2
-4.500000E+4	-1.050000E+5	1.873685E+0	1.277766E-2
-3.000000E+4	-1.050000E+5	1.927955E+0	7.144735E-3
-1.500000E+4	-1.050000E+5	1.962877E+0	1.217604E-2
0.000000E+0	-1.050000E+5	1.949158E+0	6.945425E-3
1.500000E+4	-1.050000E+5	1.928807E+0	6.287223E-3
3.000000E+4	-1.050000E+5	1.916440E+0	1.555927E-2
4.500000E+4	-1.050000E+5	1.828218E+0	1.624154E-2
6.000000E+4	-1.050000E+5	1.781510E+0	1.740285E-2
7.500000E+4	-1.050000E+5	1.676837E+0	7.402629E-3
9.000000E+4	-1.050000E+5	1.585744E+0	1.121296E-2
1.050000E+5	-1.050000E+5	1.483640E+0	9.522620E-3
1.200000E+5	-1.050000E+5	1.400252E+0	7.602999E-3
1.350000E+5	-1.050000E+5	1.313732E+0	5.714506E-3
1.500000E+5	-1.050000E+5	1.238035E+0	6.375586E-3
1.650000E+5	-1.050000E+5	1.163919E+0	7.010726E-3
1.800000E+5	-1.050000E+5	1.128054E+0	5.926057E-3
1.950000E+5	-1.050000E+5	1.053385E+0	9.899630E-3
2.100000E+5	-1.050000E+5	1.045694E+0	2.041481E-2
2.250000E+5	-1.050000E+5	9.803419E-1	6.093643E-3
2.400000E+5	-1.050000E+5	9.086227E-1	1.156707E-2
2.550000E+5	-1.050000E+5	8.327285E-1	1.197682E-2
2.700000E+5	-1.050000E+5	7.741616E-1	1.341298E-2
2.850000E+5	-1.050000E+5	7.083944E-1	5.509817E-3
3.000000E+5	-1.050000E+5	6.541890E-1	1.405648E-2
-3.000000E+5	-9.000000E+4	6.080785E-1	5.061947E-3
-2.850000E+5	-9.000000E+4	6.484713E-1	6.541368E-3
-2.700000E+5	-9.000000E+4	7.185092E-1	8.715565E-3
-2.550000E+5	-9.000000E+4	7.965219E-1	6.559374E-3
-2.400000E+5	-9.000000E+4	8.378144E-1	1.608927E-2
-2.250000E+5	-9.000000E+4	9.327183E-1	6.747080E-3
-2.100000E+5	-9.000000E+4	1.010273E+0	5.330757E-3
-1.950000E+5	-9.000000E+4	1.048649E+0	1.071863E-2
-1.800000E+5	-9.000000E+4	1.103646E+0	6.971776E-3
-1.650000E+5	-9.000000E+4	1.152112E+0	5.169086E-3
-1.500000E+5	-9.000000E+4	1.212963E+0	1.079444E-2
-1.350000E+5	-9.000000E+4	1.288969E+0	5.522291E-3
-1.200000E+5	-9.000000E+4	1.391976E+0	7.539214E-3
-1.050000E+5	-9.000000E+4	1.504930E+0	7.889121E-3
-9.000000E+4	-9.000000E+4	1.595300E+0	6.310445E-3
-7.500000E+4	-9.000000E+4	1.714979E+0	5.468746E-3
-6.000000E+4	-9.000000E+4	1.826205E+0	7.860855E-3
-4.500000E+4	-9.000000E+4	1.896964E+0	1.072688E-2
-3.000000E+4	-9.000000E+4	1.968899E+0	8.325363E-3
-1.500000E+4	-9.000000E+4	1.989964E+0	7.977109E-3
0.000000E+0	-9.000000E+4	2.015391E+0	9.306851E-3
1.500000E+4	-9.000000E+4	1.995212E+0	5.573048E-3
3.000000E+4	-9.000000E+4	1.928219E+0	1.115400E-2
4.500000E+4	-9.000000E+4	1.891058E+0	8.902676E-3
6.000000E+4	-9.000000E+4	1.812615E+0	1.428842E-2
7.500000E+4	-9.000000E+4	1.706501E+0	7.503538E-3
9.000000E+4	-9.000000E+4	1.578440E+0	9.433796E-3
1.050000E+5	-9.000000E+4	1.473559E+0	1.162506E-2
1.200000E+5	-9.000000E+4	1.393020E+0	9.873081E-3
1.350000E+5	-9.000000E+4	1.299629E+0	7.379885E-3
1.500000E+5	-9.000000E+4	1.219694E+0	6.161711E-3
1.650000E+5	-9.000000E+4	1.151756E+0	5.588553E-3
1.800000E+5	-9.000000E+4	1.080560E+0	7.365945E-3
1.950000E+5	-9.000000E+4	1.026340E+0	1.055836E-2
2.100000E+5	-9.000000E+4	9.872376E-1	9.736845E-3
2.250000E+5	-9.000000E+4	9.425956E-1	5.556796E-3
2.400000E+5	-9.000000E+4	8.561984E-1	1.852707E-2
2.550000E+5	-9.000000E+4	8.275468E-1	1.607598E-2
2.700000E+5	-9.000000E+4	7.545935E-1	1.409481E-2
2.850000E+5	-9.000000E+4	7.017199E-1	1.391056E-2
3.000000E+5	-9.000000E+4	6.405117E-1	1.204676E-2
-3.000000E+5	-7.500000E+4	5.625643E-1	8.320687E-3
-2.850000E+5	-7.500000E+4	6.527797E-1	1.781550E-2
-2.700000E+5	-7.500000E+4	6.971578E-1	1.548793E-2
-2.550000E+5	-7.500000E+4	7.850692E-1	8.002381E-3
-2.400000E+5	-7.500000E+4	8.496268E-1	7.093936E-3
-2.250000E+5	-7.500000E+4	9.204045E-1	9.200545E-3
-2.100000E+5	-7.500000E+4	9.774133E-1	8.232027E-3
-1.950000E+5	-7.500000E+4	1.037915E+0	1.202033E-2
-1.800000E+5	-7.500000E+4	1.079275E+0	6.028445E-3
-1.650000E+5	-7.500000E+4	1.132185E+0	5.928970E-3
-1.500000E+5	-7.500000E+4	1.179478E+0	2.184459E-2
-1.350000E+5	-7.500000E+4	1.289665E+0	8.870397E-3
-1.200000E+5	-7.500000E+4	1.384208E+0	2.172768E-2
-1.050000E+5	-7.500000E+4	1.525159E+0	3.599726E-2
-9.000000E+4	-7.500000E+4	1.623352E+0	1.012446E-2
-7.500000E+4	-7.500000E+4	1.766848E+0	1.928436E-2
-6.000000E+4	-7.500000E+4	1.868208E+0	3.285293E-2
-4.500000E+4	-7.500000E+4	1.950832E+0	5.264496E-3
-3.000000E+4	-7.500000E+4	2.036953E+0	5.340557E-3
-1.500000E+4	-7.500000E+4	2.084301E+0	7.596652E-3
0.000000E+0	-7.500000E+4	2.101604E+0	1.373859E-2
1.500000E+4	-7.500000E+4	2.090309E+0	6.801972E-3
3.000000E+4	-7.500000E+4	2.046833E+0	1.331509E-2
4.500000E+4	-7.500000E+4	1.950626E+0	7.034266E-3
6.000000E+4	-7.500000E+4	1.840018E+0	1.341809E-2
7.500000E+4	-7.500000E+4	1.719238E+0	8.653068E-3
9.000000E+4	-7.500000E+4	1.580997E+0	1.207938E-2
1.050000E+5	-7.500000E+4	1.455334E+0	1.464233E-2
1.200000E+5	-7.500000E+4	1.370091E+0	8.995326E-3
1.350000E+5	-7.500000E+4	1.275149E+0	5.665118E-3
1.500000E+5	-7.500000E+4	1.200660E+0	4.559835E-3
1.650000E+5	-7.500000E+4	1.130647E+0	4.480545E-3
1.800000E+5	-7.500000E+4	1.066172E+0	1.121007E-2
1.950000E+5	-7.500000E+4	1.012672E+0	6.856713E-3
2.100000E+5	-7.500000E+4	9.848878E-1	1.543173E-2
2.250000E+5	-7.500000E+4	9.324442E-1	6.414296E-3
2.400000E+5	-7.500000E+4	8.648692E-1	6.124472E-3
2.550000E+5	-7.500000E+4	8.072715E-1	1.155691E-2
2.700000E+5	-7.500000E+4	7.250645E-1	7.827557E-3
2.850000E+5	-7.500000E+4	6.883606E-1	7.938848E-3
3.000000E+5	-7.500000E+4	6.000426E-1	7.595972E-3
-3.000000E+5	-6.000000E+4	5.834031E-1	4.972855E-3
-2.850000E+5	-6.000000E+4	6.192612E-1	9.174171E-3
-2.700000E+5	-6.000000E+4	6.880396E-1	1.112444E-2
-2.550000E+5	-6.000000E+4	7.546923E-1	7.995424E-3
-2.400000E+5	-6.000000E+4	8.344404E-1	9.998640E-3
-2.250000E+5	-6.000000E+4	8.908195E-1	7.333012E-3
-2.100000E+5	-6.000000E+4	9.633794E-1	7.019244E-3
-1.950000E+5	-6.000000E+4	9.974828E-1	1.388208E-2
-1.800000E+5	-6.000000E+4	1.051773E+0	6.990775E-3
-1.650000E+5	-6.000000E+4	1.074087E+0	1.464760E-2
