-3.000000E+5	-3.000000E+5	4.204932E-1	1.450822E-2
-2.850000E+5	-3.000000E+5	4.895824E-1	2.550174E-2
-2.700000E+5	-3.000000E+5	5.156702E-1	7.586904E-3
-2.550000E+5	-3.000000E+5	5.343569E-1	5.270456E-3
-2.400000E+5	-3.000000E+5	5.453358E-1	7.770457E-3
-2.250000E+5	-3.000000E+5	5.803889E-1	1.140662E-2
-2.100000E+5	-3.000000E+5	6.101920E-1	7.034046E-3
-1.950000E+5	-3.000000E+5	6.327458E-1	5.359808E-3
-1.800000E+5	-3.000000E+5	6.660319E-1	8.275794E-3
-1.650000E+5	-3.000000E+5	6.726525E-1	7.167794E-3
-1.500000E+5	-3.000000E+5	7.106179E-1	8.670932E-3
-1.350000E+5	-3.000000E+5	7.410151E-1	9.739972E-3
-1.200000E+5	-3.000000E+5	7.825451E-1	4.661222E-3
-1.050000E+5	-3.000000E+5	8.107320E-1	7.807656E-3
-9.000000E+4	-3.000000E+5	8.116492E-1	6.659846E-3
-7.500000E+4	-3.000000E+5	8.648417E-1	4.417091E-3
-6.000000E+4	-3.000000E+5	8.854931E-1	9.711048E-3
-4.500000E+4	-3.000000E+5	8.882077E-1	8.602278E-3
-3.000000E+4	-3.000000E+5	8.894458E-1	8.147129E-3
-1.500000E+4	-3.000000E+5	9.124929E-1	6.936588E-3
0.000000E+0	-3.000000E+5	9.129902E-1	6.811655E-3
1.500000E+4	-3.000000E+5	9.144107E-1	7.057469E-3
3.000000E+4	-3.000000E+5	9.028072E-1	8.197984E-3
4.500000E+4	-3.000000E+5	8.888049E-1	7.186180E-3
6.000000E+4	-3.000000E+5	8.611651E-1	6.051348E-3
7.500000E+4	-3.000000E+5	8.317451E-1	1.033283E-2
9.000000E+4	-3.000000E+5	8.245947E-1	9.241716E-3
1.050000E+5	-3.000000E+5	8.039515E-1	2.177189E-2
1.200000E+5	-3.000000E+5	7.677571E-1	1.163604E-2
1.350000E+5	-3.000000E+5	7.266847E-1	6.606827E-3
1.500000E+5	-3.000000E+5	6.946377E-1	7.745525E-3
1.650000E+5	-3.000000E+5	6.613557E-1	6.040561E-3
1.800000E+5	-3.000000E+5	6.385624E-1	9.116469E-3
1.950000E+5	-3.000000E+5	6.018269E-1	9.344421E-3
2.100000E+5	-3.000000E+5	5.443055E-1	7.905020E-3
2.250000E+5	-3.000000E+5	5.358875E-1	1.090591E-2
2.400000E+5	-3.000000E+5	5.123350E-1	1.344137E-2
2.550000E+5	-3.000000E+5	4.893582E-1	9.615574E-3
2.700000E+5	-3.000000E+5	4.512155E-1	9.827257E-3
2.850000E+5	-3.000000E+5	4.285893E-1	5.040662E-3
3.000000E+5	-3.000000E+5	4.050164E-1	5.425163E-3
-3.000000E+5	-2.850000E+5	4.648234E-1	1.446160E-2
-2.850000E+5	-2.850000E+5	4.986557E-1	1.638642E-2
-2.700000E+5	-2.850000E+5	5.181729E-1	8.244567E-3
-2.550000E+5	-2.850000E+5	5.404914E-1	1.422435E-2
-2.400000E+5	-2.850000E+5	5.855196E-1	8.211637E-3
-2.250000E+5	-2.850000E+5	6.244551E-1	9.160922E-3
-2.100000E+5	-2.850000E+5	6.587083E-1	8.755585E-3
-1.950000E+5	-2.850000E+5	6.944869E-1	9.765308E-3
-1.800000E+5	-2.850000E+5	7.184755E-1	1.069225E-2
-1.650000E+5	-2.850000E+5	7.058235E-1	2.584030E-2
-1.500000E+5	-2.850000E+5	7.626590E-1	1.019412E-2
-1.350000E+5	-2.850000E+5	8.023496E-1	5.190930E-3
-1.200000E+5	-2.850000E+5	8.571706E-1	7.399415E-3
-1.050000E+5	-2.850000E+5	8.738192E-1	5.550176E-3
-9.000000E+4	-2.850000E+5	9.122483E-1	9.071338E-3
-7.500000E+4	-2.850000E+5	8.969743E-1	2.805198E-2
-6.000000E+4	-2.850000E+5	9.564664E-1	8.187203E-3
-4.500000E+4	-2.850000E+5	9.772299E-1	5.230192E-3
-3.000000E+4	-2.850000E+5	9.914207E-1	6.960645E-3
-1.500000E+4	-2.850000E+5	9.913096E-1	6.812582E-3
0.000000E+0	-2.850000E+5	9.996309E-1	1.117028E-2
1.500000E+4	-2.850000E+5	9.881588E-1	9.956938E-3
3.000000E+4	-2.850000E+5	9.698206E-1	6.385692E-3
4.500000E+4	-2.850000E+5	9.505949E-1	1.310164E-2
6.000000E+4	-2.850000E+5	9.303634E-1	5.998776E-3
7.500000E+4	-2.850000E+5	9.279462E-1	9.702711E-3
9.000000E+4	-2.850000E+5	9.034084E-1	1.198145E-2
1.050000E+5	-2.850000E+5	8.499774E-1	5.707121E-3
1.200000E+5	-2.850000E+5	8.256932E-1	7.050814E-3
1.350000E+5	-2.850000E+5	7.958228E-1	6.413435E-3
1.500000E+5	-2.850000E+5	7.534593E-1	8.202383E-3
1.650000E+5	-2.850000E+5	7.057735E-1	1.212524E-2
1.800000E+5	-2.850000E+5	6.786586E-1	1.995043E-2
1.950000E+5	-2.850000E+5	6.540718E-1	1.210339E-2
2.100000E+5	-2.850000E+5	5.979913E-1	1.057603E-2
2.250000E+5	-2.850000E+5	5.802656E-1	1.198735E-2
2.400000E+5	-2.850000E+5	5.220431E-1	1.254229E-2
2.550000E+5	-2.850000E+5	5.089172E-1	1.693755E-2
2.700000E+5	-2.850000E+5	4.750553E-1	7.353919E-3
2.850000E+5	-2.850000E+5	4.551886E-1	8.610425E-3
3.000000E+5	-2.850000E+5	4.563462E-1	7.653452E-3
-3.000000E+5	-2.700000E+5	4.961561E-1	9.778504E-3
-2.850000E+5	-2.700000E+5	5.422971E-1	6.634756E-3
-2.700000E+5	-2.700000E+5	5.773328E-1	1.656050E-2
-2.550000E+5	-2.700000E+5	6.258838E-1	1.256792E-2
-2.400000E+5	-2.700000E+5	6.398473E-1	6.572441E-3
-2.250000E+5	-2.700000E+5	6.838239E-1	7.896280E-3
-2.100000E+5	-2.700000E+5	7.071828E-1	5.676313E-3
-1.950000E+5	-2.700000E+5	7.341113E-1	7.762291E-3
-1.800000E+5	-2.700000E+5	7.873120E-1	7.840436E-3
-1.650000E+5	-2.700000E+5	8.070524E-1	1.150642E-2
-1.500000E+5	-2.700000E+5	8.489451E-1	5.423185E-3
-1.350000E+5	-2.700000E+5	8.778515E-1	6.659267E-3
-1.200000E+5	-2.700000E+5	9.022151E-1	5.461897E-3
-1.050000E+5	-2.700000E+5	9.730835E-1	9.085835E-3
-9.000000E+4	-2.700000E+5	9.722581E-1	1.547693E-2
-7.500000E+4	-2.700000E+5	9.866986E-1	1.101708E-2
-6.000000E+4	-2.700000E+5	1.027085E+0	7.963668E-3
-4.500000E+4	-2.700000E+5	1.067171E+0	1.319389E-2
-3.000000E+4	-2.700000E+5	1.085893E+0	6.524701E-3
-1.500000E+4	-2.700000E+5	1.076285E+0	8.621312E-3
0.000000E+0	-2.700000E+5	1.073765E+0	8.981659E-3
1.500000E+4	-2.700000E+5	1.064097E+0	6.864455E-3
3.000000E+4	-2.700000E+5	1.048302E+0	1.116914E-2
4.500000E+4	-2.700000E+5	1.032395E+0	7.780233E-3
6.000000E+4	-2.700000E+5	1.007837E+0	1.253935E-2
7.500000E+4	-2.700000E+5	9.753875E-1	7.658183E-3
9.000000E+4	-2.700000E+5	9.312672E-1	1.604615E-2
1.050000E+5	-2.700000E+5	9.350936E-1	4.457798E-3
1.200000E+5	-2.700000E+5	8.863694E-1	6.308064E-3
1.350000E+5	-2.700000E+5	8.511849E-1	9.334195E-3
1.500000E+5	-2.700000E+5	8.091465E-1	5.217942E-3
1.650000E+5	-2.700000E+5	7.880284E-1	6.305608E-3
1.800000E+5	-2.700000E+5	7.231498E-1	8.987183E-3
1.950000E+5	-2.700000E+5	6.852526E-1	6.664613E-3
2.100000E+5	-2.700000E+5	6.693234E-1	4.629431E-3
2.250000E+5	-2.700000E+5	6.034665E-1	1.053525E-2
2.400000E+5	-2.700000E+5	5.825380E-1	8.226917E-3
2.550000E+5	-2.700000E+5	5.380712E-1	8.541364E-3
2.700000E+5	-2.700000E+5	5.141325E-1	6.987408E-3
2.850000E+5	-2.700000E+5	4.882129E-1	6.315523E-3
3.000000E+5	-2.700000E+5	4.654175E-1	1.114837E-2
-3.000000E+5	-2.550000E+5	5.505399E-1	9.208880E-3
-2.850000E+5	-2.550000E+5	5.890749E-1	5.487625E-3
-2.700000E+5	-2.550000E+5	5.932040E-1	6.183656E-3
-2.550000E+5	-2.550000E+5	6.544722E-1	6.328830E-3
-2.400000E+5	-2.550000E+5	6.754772E-1	9.048904E-3
-2.250000E+5	-2.550000E+5	7.228736E-1	9.469038E-3
-2.100000E+5	-2.550000E+5	7.550062E-1	1.107391E-2
-1.950000E+5	-2.550000E+5	7.918966E-1	6.521298E-3
-1.800000E+5	-2.550000E+5	8.346361E-1	6.387419E-3
-1.650000E+5	-2.550000E+5	8.795125E-1	9.411863E-3
-1.500000E+5	-2.550000E+5	9.121699E-1	1.525889E-2
-1.350000E+5	-2.550000E+5	9.747588E-1	1.913893E-2
-1.200000E+5	-2.550000E+5	9.938989E-1	6.856154E-3
-1.050000E+5	-2.550000E+5	1.041048E+0	5.430283E-3
-9.000000E+4	-2.550000E+5	1.075707E+0	7.733524E-3
-7.500000E+4	-2.550000E+5	1.078126E+0	8.343541E-3
-6.000000E+4	-2.550000E+5	1.119500E+0	1.194665E-2
-4.500000E+4	-2.550000E+5	1.158331E+0	2.202605E-2
-3.000000E+4	-2.550000E+5	1.175038E+0	7.314802E-3
-1.500000E+4	-2.550000E+5	1.171328E+0	1.244909E-2
0.000000E+0	-2.550000E+5	1.177783E+0	9.763426E-3
1.500000E+4	-2.550000E+5	1.159446E+0	8.054245E-3
3.000000E+4	-2.550000E+5	1.154478E+0	1.498952E-2
4.500000E+4	-2.550000E+5	1.138927E+0	9.694839E-3
6.000000E+4	-2.550000E+5	1.091965E+0	7.159368E-3
7.500000E+4	-2.550000E+5	1.064828E+0	1.181163E-2
9.000000E+4	-2.550000E+5	1.018272E+0	9.110687E-3
1.050000E+5	-2.550000E+5	1.003181E+0	5.585281E-3
1.200000E+5	-2.550000E+5	9.721307E-1	4.846645E-3
1.350000E+5	-2.550000E+5	9.171263E-1	6.759817E-3
1.500000E+5	-2.550000E+5	8.991081E-1	7.558806E-3
1.650000E+5	-2.550000E+5	8.466941E-1	2.155828E-2
1.800000E+5	-2.550000E+5	8.258063E-1	8.581752E-3
1.950000E+5	-2.550000E+5	7.472688E-1	1.022852E-2
2.100000E+5	-2.550000E+5	7.180588E-1	5.338740E-3
2.250000E+5	-2.550000E+5	6.766277E-1	5.522754E-3
2.400000E+5	-2.550000E+5	6.407583E-1	1.319179E-2
2.550000E+5	-2.550000E+5	5.892726E-1	1.797805E-2
2.700000E+5	-2.550000E+5	5.629647E-1	5.546890E-3
2.850000E+5	-2.550000E+5	5.215693E-1	1.182917E-2
3.000000E+5	-2.550000E+5	5.041604E-1	1.449532E-2
-3.000000E+5	-2.400000E+5	6.016802E-1	1.002015E-2
-2.850000E+5	-2.400000E+5	6.224426E-1	1.146955E-2
-2.700000E+5	-2.400000E+5	6.529886E-1	6.839438E-3
-2.550000E+5	-2.400000E+5	7.114749E-1	6.199056E-3
-2.400000E+5	-2.400000E+5	7.555921E-1	5.347037E-3
-2.250000E+5	-2.400000E+5	7.775764E-1	1.645012E-2
-2.100000E+5	-2.400000E+5	8.178835E-1	8.940203E-3
-1.950000E+5	-2.400000E+5	8.439601E-1	5.485584E-3
-1.800000E+5	-2.400000E+5	9.027317E-1	1.011144E-2
-1.650000E+5	-2.400000E+5	9.505674E-1	8.558534E-3
-1.500000E+5	-2.400000E+5	9.917987E-1	6.383116E-3
-1.350000E+5	-2.400000E+5	1.016549E+0	3.317856E-2
-1.200000E+5	-2.400000E+5	1.069777E+0	7.958752E-3
-1.050000E+5	-2.400000E+5	1.099837E+0	1.528952E-2
-9.000000E+4	-2.400000E+5	1.131822E+0	1.184643E-2
-7.500000E+4	-2.400000E+5	1.178225E+0	1.025145E-2
-6.000000E+4	-2.400000E+5	1.236285E+0	3.229064E-2
-4.500000E+4	-2.400000E+5	1.219421E+0	3.068671E-2
-3.000000E+4	-2.400000E+5	1.257796E+0	1.986575E-2
-1.500000E+4	-2.400000E+5	1.247954E+0	1.001827E-2
0.000000E+0	-2.400000E+5	1.251692E+0	1.062278E-2
1.500000E+4	-2.400000E+5	1.241140E+0	1.337873E-2
3.000000E+4	-2.400000E+5	1.234720E+0	9.022593E-3
4.500000E+4	-2.400000E+5	1.215025E+0	1.356487E-2
6.000000E+4	-2.400000E+5	1.175400E+0	1.421905E-2
7.500000E+4	-2.400000E+5	1.127529E+0	1.103983E-2
9.000000E+4	-2.400000E+5	1.082942E+0	6.628571E-3
1.050000E+5	-2.400000E+5	1.072779E+0	5.150827E-3
1.200000E+5	-2.400000E+5	1.016942E+0	1.018575E-2
1.350000E+5	-2.400000E+5	1.009873E+0	1.206293E-2
1.500000E+5	-2.400000E+5	9.504481E-1	5.622605E-3
1.650000E+5	-2.400000E+5	8.993782E-1	8.709152E-3
1.800000E+5	-2.400000E+5	8.749330E-1	1.098633E-2
1.950000E+5	-2.400000E+5	8.080255E-1	1.596091E-2
2.100000E+5	-2.400000E+5	7.462488E-1	5.155308E-3
2.250000E+5	-2.400000E+5	7.201274E-1	8.941784E-3
2.400000E+5	-2.400000E+5	6.701814E-1	2.080477E-2
2.550000E+5	-2.400000E+5	6.396344E-1	6.419437E-3
2.700000E+5	-2.400000E+5	5.951737E-1	6.685791E-3
2.850000E+5	-2.400000E+5	5.512318E-1	1.003584E-2
3.000000E+5	-2.400000E+5	5.086818E-1	6.139353E-3
-3.000000E+5	-2.250000E+5	6.082131E-1	1.053543E-2
-2.850000E+5	-2.250000E+5	6.865692E-1	1.596509E-2
-2.700000E+5	-2.250000E+5	7.172079E-1	4.482399E-3
-2.550000E+5	-2.250000E+5	7.536346E-1	8.721016E-3
-2.400000E+5	-2.250000E+5	7.863256E-1	4.462411E-3
-2.250000E+5	-2.250000E+5	8.186875E-1	7.410827E-3
-2.100000E+5	-2.250000E+5	8.514692E-1	1.288032E-2
-1.950000E+5	-2.250000E+5	9.298569E-1	1.095548E-2
-1.800000E+5	-2.250000E+5	9.529162E-1	1.094468E-2
-1.650000E+5	-2.250000E+5	1.025308E+0	1.108777E-2
-1.500000E+5	-2.250000E+5	1.054000E+0	1.556618E-2
-1.350000E+5	-2.250000E+5	1.096488E+0	9.123563E-3
-1.200000E+5	-2.250000E+5	1.127072E+0	8.347709E-3
-1.050000E+5	-2.250000E+5	1.224429E+0	3.112928E-2
-9.000000E+4	-2.250000E+5	1.208524E+0	1.636443E-2
-7.500000E+4	-2.250000E+5	1.263990E+0	6.856019E-3
-6.000000E+4	-2.250000E+5	1.339420E+0	2.680912E-2
-4.500000E+4	-2.250000E+5	1.341683E+0	9.310118E-3
-3.000000E+4	-2.250000E+5	1.368772E+0	9.011411E-3
-1.500000E+4	-2.250000E+5	1.374604E+0	6.491337E-3
0.000000E+0	-2.250000E+5	1.384950E+0	4.741884E-3
1.500000E+4	-2.250000E+5	1.372779E+0	9.124785E-3
3.000000E+4	-2.250000E+5	1.329109E+0	1.115029E-2
4.500000E+4	-2.250000E+5	1.302263E+0	6.041800E-3
6.000000E+4	-2.250000E+5	1.260045E+0	8.760043E-3
7.500000E+4	-2.250000E+5	1.195111E+0	7.149620E-3
9.000000E+4	-2.250000E+5	1.178500E+0	1.472267E-2
1.050000E+5	-2.250000E+5	1.124311E+0	1.042557E-2
1.200000E+5	-2.250000E+5	1.104830E+0	6.015281E-3
1.350000E+5	-2.250000E+5	1.061142E+0	7.025489E-3
1.500000E+5	-2.250000E+5	1.017569E+0	1.237296E-2
1.650000E+5	-2.250000E+5	9.794799E-1	6.061020E-3
1.800000E+5	-2.250000E+5	9.321599E-1	1.041222E-2
1.950000E+5	-2.250000E+5	8.796531E-1	6.774559E-3
2.100000E+5	-2.250000E+5	8.097140E-1	5.200278E-3
2.250000E+5	-2.250000E+5	7.844985E-1	1.700349E-2
2.400000E+5	-2.250000E+5	7.104345E-1	9.034931E-3
2.550000E+5	-2.250000E+5	6.624797E-1	1.410688E-2
2.700000E+5	-2.250000E+5	6.260957E-1	1.596548E-2
2.850000E+5	-2.250000E+5	5.567498E-1	1.676520E-2
3.000000E+5	-2.250000E+5	5.425355E-1	9.535687E-3
-3.000000E+5	-2.100000E+5	6.200295E-1	7.857415E-3
-2.850000E+5	-2.100000E+5	6.507763E-1	9.439937E-3
-2.700000E+5	-2.100000E+5	6.962213E-1	1.209623E-2
-2.550000E+5	-2.100000E+5	7.517229E-1	7.068268E-3
-2.400000E+5	-2.100000E+5	7.734962E-1	1.140216E-2
-2.250000E+5	-2.100000E+5	8.461683E-1	4.168593E-3
-2.100000E+5	-2.100000E+5	8.994811E-1	7.220232E-3
-1.950000E+5	-2.100000E+5	9.209843E-1	1.731902E-2
-1.800000E+5	-2.100000E+5	1.012551E+0	3.885019E-2
-1.650000E+5	-2.100000E+5	1.034960E+0	1.340242E-2
-1.500000E+5	-2.100000E+5	1.065646E+0	1.244306E-2
-1.350000E+5	-2.100000E+5	1.146746E+0	7.561558E-3
-1.200000E+5	-2.100000E+5	1.130344E+0	3.410012E-2
-1.050000E+5	-2.100000E+5	1.154624E+0	4.615616E-2
-9.000000E+4	-2.100000E+5	1.235912E+0	2.217723E-1
-7.500000E+4	-2.100000E+5	1.366614E+0	7.588485E-2
-6.000000E+4	-2.100000E+5	1.380831E+0	1.430511E-2
-4.500000E+4	-2.100000E+5	1.384614E+0	1.891814E-2
-3.000000E+4	-2.100000E+5	1.432538E+0	1.409758E-2
-1.500000E+4	-2.100000E+5	1.439253E+0	6.679209E-3
0.000000E+0	-2.100000E+5	1.444166E+0	6.070528E-3
1.500000E+4	-2.100000E+5	1.433754E+0	7.706274E-3
3.000000E+4	-2.100000E+5	1.404795E+0	1.144885E-2
4.500000E+4	-2.100000E+5	1.357108E+0	6.753257E-3
6.000000E+4	-2.100000E+5	1.333234E+0	7.748177E-3
7.500000E+4	-2.100000E+5	1.288214E+0	6.553346E-3
9.000000E+4	-2.100000E+5	1.240876E+0	8.815764E-3
1.050000E+5	-2.100000E+5	1.204057E+0	8.430867E-3
1.200000E+5	-2.100000E+5	1.139371E+0	8.336006E-3
1.350000E+5	-2.100000E+5	1.113558E+0	1.387397E-2
1.500000E+5	-2.100000E+5	1.077525E+0	1.227653E-2
1.650000E+5	-2.100000E+5	1.018897E+0	6.864433E-3
1.800000E+5	-2.100000E+5	9.901041E-1	1.967456E-2
1.950000E+5	-2.100000E+5	9.415786E-1	1.267339E-2
2.100000E+5	-2.100000E+5	8.932040E-1	9.585363E-3
2.250000E+5	-2.100000E+5	8.292027E-1	5.614014E-3
2.400000E+5	-2.100000E+5	7.699490E-1	1.987567E-2
2.550000E+5	-2.100000E+5	7.432366E-1	7.443183E-3
2.700000E+5	-2.100000E+5	6.854534E-1	9.133831E-3
2.850000E+5	-2.100000E+5	6.358538E-1	1.394402E-2
3.000000E+5	-2.100000E+5	6.071033E-1	5.431405E-3
-3.000000E+5	-1.950000E+5	6.379836E-1	6.151659E-3
-2.850000E+5	-1.950000E+5	6.813049E-1	5.915341E-3
-2.700000E+5	-1.950000E+5	7.390423E-1	7.881921E-3
-2.550000E+5	-1.950000E+5	7.944033E-1	1.416188E-2
-2.400000E+5	-1.950000E+5	8.349673E-1	8.070955E-3
-2.250000E+5	-1.950000E+5	8.852434E-1	7.999011E-3
-2.100000E+5	-1.950000E+5	9.349662E-1	5.543953E-3
-1.950000E+5	-1.950000E+5	1.001572E+0	8.717296E-3
-1.800000E+5	-1.950000E+5	1.056017E+0	1.283720E-2
-1.650000E+5	-1.950000E+5	1.104718E+0	7.600750E-3
-1.500000E+5	-1.950000E+5	1.158366E+0	2.098531E-2
-1.350000E+5	-1.950000E+5	1.203280E+0	6.230776E-3
-1.200000E+5	-1.950000E+5	1.230646E+0	8.943642E-3
-1.050000E+5	-1.950000E+5	1.278072E+0	1.081460E-2
-9.000000E+4	-1.950000E+5	1.315343E+0	7.844033E-3
-7.500000E+4	-1.950000E+5	1.382070E+0	5.289984E-3
-6.000000E+4	-1.950000E+5	1.446391E+0	1.222720E-2
-4.500000E+4	-1.950000E+5	1.475117E+0	9.270077E-3
-3.000000E+4	-1.950000E+5	1.525059E+0	6.330931E-3
-1.500000E+4	-1.950000E+5	1.537750E+0	1.422202E-2
0.000000E+0	-1.950000E+5	1.538224E+0	6.667265E-3
1.500000E+4	-1.950000E+5	1.525749E+0	6.671283E-3
3.000000E+4	-1.950000E+5	1.494840E+0	2.448924E-2
4.500000E+4	-1.950000E+5	1.457572E+0	8.882340E-3
6.000000E+4	-1.950000E+5	1.404348E+0	1.236926E-2
7.500000E+4	-1.950000E+5	1.358644E+0	9.753240E-3
9.000000E+4	-1.950000E+5	1.310869E+0	1.093804E-2
1.050000E+5	-1.950000E+5	1.284525E+0	1.327483E-2
1.200000E+5	-1.950000E+5	1.210122E+0	5.014313E-3
1.350000E+5	-1.950000E+5	1.169804E+0	1.040230E-2
1.500000E+5	-1.950000E+5	1.129285E+0	1.048244E-2
1.650000E+5	-1.950000E+5	1.083676E+0	1.180729E-2
1.800000E+5	-1.950000E+5	1.052230E+0	1.050146E-2
1.950000E+5	-1.950000E+5	1.005134E+0	1.278992E-2
2.100000E+5	-1.950000E+5	9.503799E-1	2.655255E-2
2.250000E+5	-1.950000E+5	8.918833E-1	6.782014E-3
2.400000E+5	-1.950000E+5	8.303827E-1	6.895202E-3
2.550000E+5	-1.950000E+5	7.765288E-1	7.703025E-3
2.700000E+5	-1.950000E+5	7.154572E-1	1.001226E-2
2.850000E+5	-1.950000E+5	6.742044E-1	9.969404E-3
3.000000E+5	-1.950000E+5	6.192999E-1	1.810735E-2
-3.000000E+5	-1.800000E+5	6.572664E-1	1.129731E-2
-2.850000E+5	-1.800000E+5	6.945491E-1	1.712839E-2
-2.700000E+5	-1.800000E+5	7.548330E-1	6.457971E-3
-2.550000E+5	-1.800000E+5	8.218464E-1	6.797882E-3
-2.400000E+5	-1.800000E+5	8.854391E-1	1.464243E-2
-2.250000E+5	-1.800000E+5	9.434974E-1	8.047058E-3
-2.100000E+5	-1.800000E+5	1.003229E+0	1.672847E-2
-1.950000E+5	-1.800000E+5	1.045686E+0	8.001642E-3
-1.800000E+5	-1.800000E+5	1.099039E+0	1.472799E-2
-1.650000E+5	-1.800000E+5	1.162615E+0	1.913938E-2
-1.500000E+5	-1.800000E+5	1.202060E+0	1.371492E-2
-1.350000E+5	-1.800000E+5	1.265092E+0	7.651897E-3
-1.200000E+5	-1.800000E+5	1.289643E+0	8.568180E-3
-1.050000E+5	-1.800000E+5	1.312330E+0	1.994055E-2
-9.000000E+4	-1.800000E+5	1.389632E+0	8.453397E-3
-7.500000E+4	-1.800000E+5	1.469572E+0	1.567591E-2
-6.000000E+4	-1.800000E+5	1.510245E+0	1.830435E-2
-4.500000E+4	-1.800000E+5	1.556300E+0	8.092544E-3
-3.000000E+4	-1.800000E+5	1.610615E+0	1.682870E-2
-1.500000E+4	-1.800000E+5	1.636904E+0	1.029407E-2
0.000000E+0	-1.800000E+5	1.631745E+0	1.868237E-2
1.500000E+4	-1.800000E+5	1.642378E+0	6.532635E-3
3.000000E+4	-1.800000E+5	1.585143E+0	8.204456E-3
4.500000E+4	-1.800000E+5	1.536068E+0	7.945124E-3
6.000000E+4	-1.800000E+5	1.496340E+0	1.333616E-2
7.500000E+4	-1.800000E+5	1.455375E+0	4.968381E-3
9.000000E+4	-1.800000E+5	1.411829E+0	1.247211E-2
1.050000E+5	-1.800000E+5	1.344498E+0	4.844655E-3
1.200000E+5	-1.800000E+5	1.283576E+0	2.223685E-2
1.350000E+5	-1.800000E+5	1.235669E+0	9.474759E-3
1.500000E+5	-1.800000E+5	1.189983E+0	2.005457E-2
1.650000E+5	-1.800000E+5	1.143745E+0	5.865620E-3
1.800000E+5	-1.800000E+5	1.108101E+0	8.913470E-3
1.950000E+5	-1.800000E+5	1.071477E+0	1.340578E-2
2.100000E+5	-1.800000E+5	1.017075E+0	5.411588E-3
2.250000E+5	-1.800000E+5	9.632205E-1	6.705829E-3
2.400000E+5	-1.800000E+5	9.050673E-1	8.465211E-3
2.550000E+5	-1.800000E+5	8.287034E-1	1.707136E-2
2.700000E+5	-1.800000E+5	7.792363E-1	1.260819E-2
2.850000E+5	-1.800000E+5	7.080714E-1	5.303590E-3
3.000000E+5	-1.800000E+5	6.747639E-1	9.893730E-3
-3.000000E+5	-1.650000E+5	6.986272E-1	1.861211E-2
-2.850000E+5	-1.650000E+5	7.545548E-1	3.926752E-2
-2.700000E+5	-1.650000E+5	7.919068E-1	6.631376E-3
-2.550000E+5	-1.650000E+5	8.573469E-1	6.885735E-3
-2.400000E+5	-1.650000E+5	9.233749E-1	1.464889E-2
-2.250000E+5	-1.650000E+5	9.996472E-1	1.267370E-2
-2.100000E+5	-1.650000E+5	1.074751E+0	8.757161E-3
-1.950000E+5	-1.650000E+5	1.140191E+0	1.095818E-2
-1.800000E+5	-1.650000E+5	1.171186E+0	7.745532E-3
-1.650000E+5	-1.650000E+5	1.228879E+0	7.681623E-3
-1.500000E+5	-1.650000E+5	1.235505E+0	1.680590E-2
-1.350000E+5	-1.650000E+5	1.298163E+0	1.811258E-2
-1.200000E+5	-1.650000E+5	1.336079E+0	5.811656E-3
-1.050000E+5	-1.650000E+5	1.385011E+0	7.786955E-3
-9.000000E+4	-1.650000E+5	1.453445E+0	9.610337E-3
-7.500000E+4	-1.650000E+5	1.553443E+0	9.983649E-3
-6.000000E+4	-1.650000E+5	1.606407E+0	1.157938E-2
-4.500000E+4	-1.650000E+5	1.669360E+0	1.359059E-2
-3.000000E+4	-1.650000E+5	1.708400E+0	1.120646E-2
-1.500000E+4	-1.650000E+5	1.757697E+0	6.504414E-3
0.000000E+0	-1.650000E+5	1.748046E+0	1.419311E-2
1.500000E+4	-1.650000E+5	1.746659E+0	7.050862E-3
3.000000E+4	-1.650000E+5	1.712844E+0	1.039760E-2
4.500000E+4	-1.650000E+5	1.668793E+0	5.746399E-3
6.000000E+4	-1.650000E+5	1.606227E+0	8.763102E-3
7.500000E+4	-1.650000E+5	1.551399E+0	6.606192E-3
9.000000E+4	-1.650000E+5	1.478460E+0	4.253806E-3
1.050000E+5	-1.650000E+5	1.425020E+0	1.283798E-2
1.200000E+5	-1.650000E+5	1.365934E+0	5.220901E-3
1.350000E+5	-1.650000E+5	1.309844E+0	5.509838E-3
1.500000E+5	-1.650000E+5	1.245725E+0	9.930311E-3
1.650000E+5	-1.650000E+5	1.213844E+0	1.092632E-2
1.800000E+5	-1.650000E+5	1.175880E+0	5.477731E-3
1.950000E+5	-1.650000E+5	1.108395E+0	8.186026E-3
2.100000E+5	-1.650000E+5	1.084738E+0	1.401354E-2
2.250000E+5	-1.650000E+5	1.019678E+0	1.172201E-2
2.400000E+5	-1.650000E+5	9.704310E-1	5.266351E-3
2.550000E+5	-1.650000E+5	8.708366E-1	9.494713E-3
2.700000E+5	-1.650000E+5	8.121862E-1	1.321894E-2
2.850000E+5	-1.650000E+5	7.506173E-1	5.487250E-3
3.000000E+5	-1.650000E+5	6.877084E-1	8.205337E-3
-3.000000E+5	-1.500000E+5	7.014009E-1	1.082708E-2
-2.850000E+5	-1.500000E+5	7.413392E-1	1.566081E-2
-2.700000E+5	-1.500000E+5	8.229857E-1	1.116959E-2
-2.550000E+5	-1.500000E+5	8.689147E-1	2.192020E-2
-2.400000E+5	-1.500000E+5	9.750013E-1	1.587953E-2
-2.250000E+5	-1.500000E+5	1.038818E+0	4.909907E-3
-2.100000E+5	-1.500000E+5	1.124934E+0	1.102799E-2
-1.950000E+5	-1.500000E+5	1.150316E+0	6.467260E-3
-1.800000E+5	-1.500000E+5	1.211231E+0	2.502069E-2
-1.650000E+5	-1.500000E+5	1.257286E+0	1.216959E-2
-1.500000E+5	-1.500000E+5	1.286915E+0	1.663309E-2
-1.350000E+5	-1.500000E+5	1.348013E+0	9.057309E-3
-1.200000E+5	-1.500000E+5	1.403023E+0	6.248362E-3
-1.050000E+5	-1.500000E+5	1.471016E+0	7.055281E-3
-9.000000E+4	-1.500000E+5	1.542189E+0	6.320183E-3
-7.500000E+4	-1.500000E+5	1.624961E+0	1.177808E-2
-6.000000E+4	-1.500000E+5	1.714237E+0	8.627109E-3
-4.500000E+4	-1.500000E+5	1.784214E+0	5.781909E-3
-3.000000E+4	-1.500000E+5	1.824275E+0	5.302035E-3
-1.500000E+4	-1.500000E+5	1.874686E+0	1.219230E-2
0.000000E+0	-1.500000E+5	1.879651E+0	7.621498E-3
1.500000E+4	-1.500000E+5	1.865029E+0	6.919469E-3
3.000000E+4	-1.500000E+5	1.820324E+0	5.283297E-3
4.500000E+4	-1.500000E+5	1.764917E+0	1.148497E-2
6.000000E+4	-1.500000E+5	1.716543E+0	1.901434E-2
7.500000E+4	-1.500000E+5	1.632415E+0	1.181091E-2
9.000000E+4	-1.500000E+5	1.579818E+0	5.800757E-3
1.050000E+5	-1.500000E+5	1.509220E+0	9.054481E-3
1.200000E+5	-1.500000E+5	1.442723E+0	6.717756E-3
1.350000E+5	-1.500000E+5	1.377858E+0	1.046402E-2
1.500000E+5	-1.500000E+5	1.330509E+0	9.340770E-3
1.650000E+5	-1.500000E+5	1.277949E+0	6.994901E-3
1.800000E+5	-1.500000E+5	1.235694E+0	1.699779E-2
1.950000E+5	-1.500000E+5	1.185525E+0	8.382924E-3
2.100000E+5	-1.500000E+5	1.129338E+0	1.360790E-2
2.250000E+5	-1.500000E+5	1.070942E+0	7.657729E-3
2.400000E+5	-1.500000E+5	1.023390E+0	8.678703E-3
2.550000E+5	-1.500000E+5	9.419373E-1	7.471512E-3
2.700000E+5	-1.500000E+5	8.447855E-1	2.125207E-2
2.850000E+5	-1.500000E+5	7.905107E-1	1.440192E-2
3.000000E+5	-1.500000E+5	7.258002E-1	5.380130E-3
-3.000000E+5	-1.350000E+5	7.229052E-1	1.145475E-2
-2.850000E+5	-1.350000E+5	7.813009E-1	4.985781E-3
-2.700000E+5	-1.350000E+5	8.385960E-1	1.726046E-2
-2.550000E+5	-1.350000E+5	9.326276E-1	1.412123E-2
-2.400000E+5	-1.350000E+5	1.002136E+0	1.210054E-2
-2.250000E+5	-1.350000E+5	1.089758E+0	1.313041E-2
-2.100000E+5	-1.350000E+5	1.150667E+0	4.496943E-3
-1.950000E+5	-1.350000E+5	1.197967E+0	6.242404E-3
-1.800000E+5	-1.350000E+5	1.284750E+0	1.097123E-2
-1.650000E+5	-1.350000E+5	1.301848E+0	6.214473E-3
-1.500000E+5	-1.350000E+5	1.360332E+0	7.022261E-3
-1.350000E+5	-1.350000E+5	1.411192E+0	4.580511E-3
-1.200000E+5	-1.350000E+5	1.472702E+0	1.296170E-2
-1.050000E+5	-1.350000E+5	1.545080E+0	5.781273E-3
-9.000000E+4	-1.350000E+5	1.611463E+0	9.026499E-3
-7.500000E+4	-1.350000E+5	1.713101E+0	3.130296E-2
-6.000000E+4	-1.350000E+5	1.809927E+0	1.601693E-2
-4.500000E+4	-1.350000E+5	1.832346E+0	2.914341E-2
-3.000000E+4	-1.350000E+5	1.936248E+0	1.040551E-2
-1.500000E+4	-1.350000E+5	1.969683E+0	7.668820E-3
0.000000E+0	-1.350000E+5	1.938860E+0	2.552731E-2
1.500000E+4	-1.350000E+5	1.835048E+0	1.181170E-1
3.000000E+4	-1.350000E+5	1.896036E+0	5.146831E-2
4.500000E+4	-1.350000E+5	1.655389E+0	9.850797E-3
6.000000E+4	-1.350000E+5	1.609626E+0	1.126791E-2
7.500000E+4	-1.350000E+5	1.574802E+0	7.956219E-3
9.000000E+4	-1.350000E+5	1.560329E+0	1.805942E-2
1.050000E+5	-1.350000E+5	1.457895E+0	9.255765E-3
1.200000E+5	-1.350000E+5	1.410754E+0	7.903025E-3
1.350000E+5	-1.350000E+5	1.358811E+0	7.419867E-3
1.500000E+5	-1.350000E+5	1.291078E+0	7.698770E-3
1.650000E+5	-1.350000E+5	1.243336E+0	9.529913E-3
1.800000E+5	-1.350000E+5	1.220739E+0	9.673217E-3
1.950000E+5	-1.350000E+5	1.157536E+0	1.320161E-2
2.100000E+5	-1.350000E+5	1.117633E+0	1.174684E-2
2.250000E+5	-1.350000E+5	1.067051E+0	5.094148E-3
2.400000E+5	-1.350000E+5	1.025802E+0	1.070096E-2
2.550000E+5	-1.350000E+5	9.316799E-1	1.480354E-2
2.700000E+5	-1.350000E+5	8.686070E-1	1.149378E-2
2.850000E+5	-1.350000E+5	7.754262E-1	1.401292E-2
3.000000E+5	-1.350000E+5	7.080887E-1	1.115136E-2
-3.000000E+5	-1.200000E+5	7.220574E-1	7.628939E-3
-2.850000E+5	-1.200000E+5	7.611743E-1	2.139122E-2
-2.700000E+5	-1.200000E+5	8.580694E-1	5.098027E-3
-2.550000E+5	-1.200000E+5	9.232201E-1	1.007268E-2
-2.400000E+5	-1.200000E+5	1.008126E+0	6.575618E-3
-2.250000E+5	-1.200000E+5	1.082681E+0	1.430182E-2
-2.100000E+5	-1.200000E+5	1.160340E+0	8.537750E-3
-1.950000E+5	-1.200000E+5	1.211532E+0	1.553494E-2
-1.800000E+5	-1.200000E+5	1.255813E+0	6.419935E-3
-1.650000E+5	-1.200000E+5	1.336040E+0	1.025041E-2
-1.500000E+5	-1.200000E+5	1.363425E+0	6.500499E-3
-1.350000E+5	-1.200000E+5	1.439014E+0	1.631880E-2
-1.200000E+5	-1.200000E+5	1.488635E+0	9.454618E-3
-1.050000E+5	-1.200000E+5	1.544662E+0	1.525273E-2
-9.000000E+4	-1.200000E+5	1.680796E+0	9.837168E-3
-7.500000E+4	-1.200000E+5	1.756403E+0	1.462854E-2
-6.000000E+4	-1.200000E+5	1.853451E+0	2.798913E-2
-4.500000E+4	-1.200000E+5	1.940324E+0	5.056892E-3
-3.000000E+4	-1.200000E+5	1.980461E+0	1.978350E-2
-1.500000E+4	-1.200000E+5	2.020817E+0	8.309869E-3
0.000000E+0	-1.200000E+5	2.060656E+0	8.589167E-3
1.500000E+4	-1.200000E+5	2.010990E+0	9.585321E-3
3.000000E+4	-1.200000E+5	1.996033E+0	6.918826E-3
4.500000E+4	-1.200000E+5	1.923985E+0	5.860597E-3
6.000000E+4	-1.200000E+5	1.875936E+0	6.354347E-3
7.500000E+4	-1.200000E+5	1.796510E+0	1.411744E-2
9.000000E+4	-1.200000E+5	1.700315E+0	1.441526E-2
1.050000E+5	-1.200000E+5	1.624513E+0	4.877465E-3
1.200000E+5	-1.200000E+5	1.550760E+0	8.903700E-3
1.350000E+5	-1.200000E+5	1.480144E+0	1.639787E-2
1.500000E+5	-1.200000E+5	1.424237E+0	2.094140E-2
1.650000E+5	-1.200000E+5	1.341802E+0	1.680426E-2
1.800000E+5	-1.200000E+5	1.301125E+0	1.660417E-2
1.950000E+5	-1.200000E+5	1.264537E+0	6.662202E-3
2.100000E+5	-1.200000E+5	1.203706E+0	1.322913E-2
2.250000E+5	-1.200000E+5	1.152352E+0	7.718798E-3
2.400000E+5	-1.200000E+5	1.062866E+0	2.495501E-2
2.550000E+5	-1.200000E+5	1.010420E+0	9.893509E-3
2.700000E+5	-1.200000E+5	9.135893E-1	1.670103E-2
2.850000E+5	-1.200000E+5	8.661848E-1	1.038995E-2
3.000000E+5	-1.200000E+5	8.000446E-1	1.646863E-2
-3.000000E+5	-1.050000E+5	7.526930E-1	7.573391E-3
-2.850000E+5	-1.050000E+5	8.464037E-1	1.443117E-2
-2.700000E+5	-1.050000E+5	9.088071E-1	1.174183E-2
-2.550000E+5	-1.050000E+5	1.021771E+0	2.134225E-2
-2.400000E+5	-1.050000E+5	1.084524E+0	5.891390E-3
-2.250000E+5	-1.050000E+5	1.135126E+0	8.245838E-3
-2.100000E+5	-1.050000E+5	1.219879E+0	1.101266E-2
-1.950000E+5	-1.050000E+5	1.288250E+0	1.862571E-2
-1.800000E+5	-1.050000E+5	1.324566E+0	7.706334E-3
-1.650000E+5	-1.050000E+5	1.389053E+0	1.045078E-2
-1.500000E+5	-1.050000E+5	1.451719E+0	1.161584E-2
-1.350000E+5	-1.050000E+5	1.518008E+0	1.009235E-2
-1.200000E+5	-1.050000E+5	1.575629E+0	6.052429E-3
-1.050000E+5	-1.050000E+5	1.683539E+0	9.802486E-3
-9.000000E+4	-1.050000E+5	1.786014E+0	1.555559E-2
-7.500000E+4	-1.050000E+5	1.917734E+0	1.115440E-2
-6.000000E+4	-1.050000E+5	1.990279E+0	1.945651E-2
-4.500000E+4	-1.050000E+5	2.081980E+0	1.875655E-2
-3.000000E+4	-1.050000E+5	2.138058E+0	1.253784E-2
-1.500000E+4	-1.050000E+5	2.195101E+0	1.300238E-2
0.000000E+0	-1.050000E+5	2.191656E+0	2.536210E-2
1.500000E+4	-1.050000E+5	2.199778E+0	9.530090E-3
3.000000E+4	-1.050000E+5	2.140940E+0	1.358595E-2
4.500000E+4	-1.050000E+5	2.090995E+0	1.053550E-2
6.000000E+4	-1.050000E+5	1.991958E+0	1.520133E-2
7.500000E+4	-1.050000E+5	1.904048E+0	7.072573E-3
9.000000E+4	-1.050000E+5	1.828532E+0	1.216046E-2
1.050000E+5	-1.050000E+5	1.697168E+0	1.397138E-2
1.200000E+5	-1.050000E+5	1.630169E+0	5.583575E-3
1.350000E+5	-1.050000E+5	1.545929E+0	4.896982E-3
1.500000E+5	-1.050000E+5	1.495515E+0	1.798195E-2
1.650000E+5	-1.050000E+5	1.396030E+0	6.430153E-3
1.800000E+5	-1.050000E+5	1.346653E+0	1.018791E-2
1.950000E+5	-1.050000E+5	1.296273E+0	1.481514E-2
2.100000E+5	-1.050000E+5	1.259329E+0	1.964355E-2
2.250000E+5	-1.050000E+5	1.178420E+0	1.360114E-2
2.400000E+5	-1.050000E+5	1.108691E+0	7.085294E-3
2.550000E+5	-1.050000E+5	1.035440E+0	6.350415E-3
2.700000E+5	-1.050000E+5	9.638736E-1	1.047991E-2
2.850000E+5	-1.050000E+5	8.683716E-1	1.398421E-2
3.000000E+5	-1.050000E+5	8.321884E-1	1.759017E-2
-3.000000E+5	-9.000000E+4	7.960745E-1	1.675950E-2
-2.850000E+5	-9.000000E+4	8.738529E-1	6.566432E-3
-2.700000E+5	-9.000000E+4	9.599097E-1	1.206709E-2
-2.550000E+5	-9.000000E+4	1.068942E+0	7.363150E-3
-2.400000E+5	-9.000000E+4	1.133100E+0	9.239624E-3
-2.250000E+5	-9.000000E+4	1.180861E+0	1.104568E-2
-2.100000E+5	-9.000000E+4	1.253120E+0	2.026328E-2
-1.950000E+5	-9.000000E+4	1.341437E+0	1.089090E-2
-1.800000E+5	-9.000000E+4	1.380249E+0	6.729419E-3
-1.650000E+5	-9.000000E+4	1.446620E+0	6.780057E-3
-1.500000E+5	-9.000000E+4	1.501576E+0	1.904978E-2
-1.350000E+5	-9.000000E+4	1.577540E+0	1.391365E-2
-1.200000E+5	-9.000000E+4	1.649832E+0	1.739164E-2
-1.050000E+5	-9.000000E+4	1.791978E+0	1.855811E-2
-9.000000E+4	-9.000000E+4	1.904357E+0	1.162300E-2
-7.500000E+4	-9.000000E+4	2.053755E+0	3.708672E-2
-6.000000E+4	-9.000000E+4	2.139727E+0	9.807582E-3
-4.500000E+4	-9.000000E+4	2.273798E+0	2.211329E-2
-3.000000E+4	-9.000000E+4	2.307633E+0	1.283776E-2
-1.500000E+4	-9.000000E+4	2.348988E+0	8.117880E-3
0.000000E+0	-9.000000E+4	2.400504E+0	1.853993E-2
1.500000E+4	-9.000000E+4	2.374619E+0	8.398354E-3
3.000000E+4	-9.000000E+4	2.325622E+0	1.372654E-2
4.500000E+4	-9.000000E+4	2.261967E+0	8.331867E-3
6.000000E+4	-9.000000E+4	2.146381E+0	1.178140E-2
7.500000E+4	-9.000000E+4	2.023819E+0	1.044962E-2
9.000000E+4	-9.000000E+4	1.918047E+0	6.640933E-3
1.050000E+5	-9.000000E+4	1.792934E+0	7.102567E-3
1.200000E+5	-9.000000E+4	1.672941E+0	6.897163E-3
1.350000E+5	-9.000000E+4	1.597647E+0	8.007321E-3
1.500000E+5	-9.000000E+4	1.522889E+0	9.093458E-3
1.650000E+5	-9.000000E+4	1.449257E+0	5.402329E-3
1.800000E+5	-9.000000E+4	1.372009E+0	1.333566E-2
1.950000E+5	-9.000000E+4	1.336096E+0	6.190013E-3
2.100000E+5	-9.000000E+4	1.261246E+0	1.742185E-2
2.250000E+5	-9.000000E+4	1.220961E+0	6.730204E-3
2.400000E+5	-9.000000E+4	1.153586E+0	8.750275E-3
2.550000E+5	-9.000000E+4	1.075519E+0	6.494946E-3
2.700000E+5	-9.000000E+4	9.755098E-1	1.239273E-2
2.850000E+5	-9.000000E+4	8.968887E-1	8.949541E-3
3.000000E+5	-9.000000E+4	8.308566E-1	1.031154E-2
-3.000000E+5	-7.500000E+4	7.967624E-1	6.523127E-3
-2.850000E+5	-7.500000E+4	9.077820E-1	6.544109E-3
-2.700000E+5	-7.500000E+4	9.738977E-1	2.411420E-2
-2.550000E+5	-7.500000E+4	1.071429E+0	6.696982E-3
-2.400000E+5	-7.500000E+4	1.144700E+0	7.773419E-3
-2.250000E+5	-7.500000E+4	1.204737E+0	2.617734E-2
-2.100000E+5	-7.500000E+4	1.331701E+0	1.013935E-2
-1.950000E+5	-7.500000E+4	1.376248E+0	7.536532E-3
-1.800000E+5	-7.500000E+4	1.443822E+0	1.147586E-2
-1.650000E+5	-7.500000E+4	1.504105E+0	8.596791E-3
-1.500000E+5	-7.500000E+4	1.585492E+0	9.023595E-3
-1.350000E+5	-7.500000E+4	1.646000E+0	1.955471E-2
-1.200000E+5	-7.500000E+4	1.768436E+0	8.688614E-3
-1.050000E+5	-7.500000E+4	1.892506E+0	1.076437E-2
-9.000000E+4	-7.500000E+4	2.018454E+0	1.255498E-2
-7.500000E+4	-7.500000E+4	2.153641E+0	1.338674E-2
-6.000000E+4	-7.500000E+4	2.256509E+0	1.134891E-2
-4.500000E+4	-7.500000E+4	2.358573E+0	6.526979E-3
-3.000000E+4	-7.500000E+4	2.452196E+0	9.236709E-3
-1.500000E+4	-7.500000E+4	2.507065E+0	1.093972E-2
0.000000E+0	-7.500000E+4	2.548409E+0	3.488165E-2
1.500000E+4	-7.500000E+4	2.563495E+0	7.323545E-3
3.000000E+4	-7.500000E+4	2.508067E+0	3.040255E-2
4.500000E+4	-7.500000E+4	2.418189E+0	6.083205E-3
6.000000E+4	-7.500000E+4	2.302448E+0	1.176717E-2
7.500000E+4	-7.500000E+4	2.181102E+0	1.546609E-2
9.000000E+4	-7.500000E+4	1.985007E+0	1.066404E-2
1.050000E+5	-7.500000E+4	1.847985E+0	1.201171E-2
1.200000E+5	-7.500000E+4	1.740287E+0	1.080648E-2
1.350000E+5	-7.500000E+4	1.623634E+0	5.665322E-3
1.500000E+5	-7.500000E+4	1.526712E+0	1.765773E-2
1.650000E+5	-7.500000E+4	1.458855E+0	9.045096E-3
1.800000E+5	-7.500000E+4	1.378500E+0	1.827562E-2
1.950000E+5	-7.500000E+4	1.372911E+0	8.755090E-3
2.100000E+5	-7.500000E+4	1.308756E+0	1.208034E-2
2.250000E+5	-7.500000E+4	1.238409E+0	9.942600E-3
2.400000E+5	-7.500000E+4	1.163568E+0	7.914123E-3
2.550000E+5	-7.500000E+4	1.079707E+0	6.864950E-3
2.700000E+5	-7.500000E+4	9.770801E-1	1.015283E-2
2.850000E+5	-7.500000E+4	8.798100E-1	7.576225E-3
3.000000E+5	-7.500000E+4	8.350895E-1	6.285735E-3
-3.000000E+5	-6.000000E+4	8.121403E-1	6.162289E-3
-2.850000E+5	-6.000000E+4	9.073275E-1	5.276391E-3
-2.700000E+5	-6.000000E+4	1.009958E+0	6.207828E-3
-2.550000E+5	-6.000000E+4	1.081545E+0	1.173699E-2
-2.400000E+5	-6.000000E+4	1.152060E+0	8.851049E-3
-2.250000E+5	-6.000000E+4	1.226118E+0	7.588914E-3
-2.100000E+5	-6.000000E+4	1.301824E+0	1.953776E-2
-1.950000E+5	-6.000000E+4	1.361499E+0	1.173169E-2
-1.800000E+5	-6.000000E+4	1.432841E+0	1.565167E-1
-1.650000E+5	-6.000000E+4	1.488626E+0	9.195822E-3
-1.500000E+5	-6.000000E+4	1.572053E+0	1.124905E-2
-1.350000E+5	-6.000000E+4	1.704298E+0	1.947595E-2
-1.200000E+5	-6.000000E+4	1.799735E+0	7.449498E-3
-1.050000E+5	-6.000000E+4	1.940341E+0	2.142862E-2
-9.000000E+4	-6.000000E+4	2.065766E+0	9.863848E-3
-7.500000E+4	-6.000000E+4	2.200053E+0	8.368843E-3
-6.000000E+4	-6.000000E+4	2.354019E+0	5.759220E-3
-4.500000E+4	-6.000000E+4	2.472621E+0	1.551101E-2
-3.000000E+4	-6.000000E+4	2.561123E+0	1.074882E-2
-1.500000E+4	-6.000000E+4	2.682000E+0	1.574887E-2
0.000000E+0	-6.000000E+4	2.705093E+0	4.836521E-3
1.500000E+4	-6.000000E+4	2.699603E+0	5.514586E-3
3.000000E+4	-6.000000E+4	2.625924E+0	7.829810E-3
4.500000E+4	-6.000000E+4	2.532651E+0	9.700322E-3
6.000000E+4	-6.000000E+4	2.379250E+0	7.645684E-3
7.500000E+4	-6.000000E+4	2.215148E+0	9.946576E-3
9.000000E+4	-6.000000E+4	2.047893E+0	1.718156E-2
1.050000E+5	-6.000000E+4	1.852304E+0	1.710048E-2
1.200000E+5	-6.000000E+4	1.726975E+0	1.146255E-2
1.350000E+5	-6.000000E+4	1.602307E+0	6.084170E-3
1.500000E+5	-6.000000E+4	1.501147E+0	2.615031E-2
1.650000E+5	-6.000000E+4	1.442189E+0	9.876767E-3
1.800000E+5	-6.000000E+4	1.348225E+0	1.585098E-2
1.950000E+5	-6.000000E+4	1.306245E+0	9.154093E-3
2.100000E+5	-6.000000E+4	1.269148E+0	8.112159E-3
2.250000E+5	-6.000000E+4	1.197353E+0	9.572080E-3
2.400000E+5	-6.000000E+4	1.158465E+0	1.946249E-2
2.550000E+5	-6.000000E+4	1.047607E+0	7.178186E-3
2.700000E+5	-6.000000E+4	9.702078E-1	9.676204E-3
2.850000E+5	-6.000000E+4	8.827947E-1	1.747231E-2
3.000000E+5	-6.000000E+4	8.178183E-1	1.199382E-2
-3.000000E+5	-4.500000E+4	8.378796E-1	1.104129E-2
-2.850000E+5	-4.500000E+4	9.408847E-1	7.529552E-3
-2.700000E+5	-4.500000E+4	1.035934E+0	9.794751E-3
-2.550000E+5	-4.500000E+4	1.119942E+0	1.873879E-2
-2.400000E+5	-4.500000E+4	1.194372E+0	9.746947E-3
-2.250000E+5	-4.500000E+4	1.286869E+0	7.935883E-3
-2.100000E+5	-4.500000E+4	1.360562E+0	9.902350E-3
-1.950000E+5	-4.500000E+4	1.410097E+0	9.696555E-3
-1.800000E+5	-4.500000E+4	1.472858E+0	1.178283E-2
-1.650000E+5	-4.500000E+4	1.569955E+0	1.204302E-2
-1.500000E+5	-4.500000E+4	1.652928E+0	1.554931E-2
-1.350000E+5	-4.500000E+4	1.746243E+0	6.593232E-3
-1.200000E+5	-4.500000E+4	1.873392E+0	6.816917E-3
-1.050000E+5	-4.500000E+4	1.990425E+0	3.836434E-2
-9.000000E+4	-4.500000E+4	2.168931E+0	8.148580E-3
-7.500000E+4	-4.500000E+4	2.331449E+0	6.052975E-3
-6.000000E+4	-4.500000E+4	2.448522E+0	4.018433E-2
-4.500000E+4	-4.500000E+4	2.633512E+0	1.023120E-2
-3.000000E+4	-4.500000E+4	2.740472E+0	1.235014E-2
-1.500000E+4	-4.500000E+4	2.839346E+0	7.789244E-3
0.000000E+0	-4.500000E+4	2.876342E+0	1.521599E-2
1.500000E+4	-4.500000E+4	2.868747E+0	7.628392E-3
3.000000E+4	-4.500000E+4	2.778764E+0	1.241918E-2
4.500000E+4	-4.500000E+4	2.687106E+0	1.215181E-2
6.000000E+4	-4.500000E+4	2.519304E+0	1.012465E-2
7.500000E+4	-4.500000E+4	2.313262E+0	1.490348E-2
9.000000E+4	-4.500000E+4	2.103704E+0	7.109934E-3
1.050000E+5	-4.500000E+4	1.907593E+0	8.338610E-3
1.200000E+5	-4.500000E+4	1.733302E+0	1.235081E-2
1.350000E+5	-4.500000E+4	1.602363E+0	1.102998E-2
1.500000E+5	-4.500000E+4	1.509392E+0	8.043777E-3
1.650000E+5	-4.500000E+4	1.435767E+0	1.163105E-2
1.800000E+5	-4.500000E+4	1.373265E+0	1.471361E-2
1.950000E+5	-4.500000E+4	1.304699E+0	1.565341E-2
2.100000E+5	-4.500000E+4	1.249709E+0	1.239998E-2
2.250000E+5	-4.500000E+4	1.179902E+0	7.763955E-3
2.400000E+5	-4.500000E+4	1.125587E+0	7.465908E-3
2.550000E+5	-4.500000E+4	1.026544E+0	7.526263E-3
2.700000E+5	-4.500000E+4	9.381007E-1	1.128422E-2
2.850000E+5	-4.500000E+4	8.740220E-1	5.142026E-3
3.000000E+5	-4.500000E+4	8.111926E-1	5.374285E-3
-3.000000E+5	-3.000000E+4	8.973646E-1	6.425333E-3
-2.850000E+5	-3.000000E+4	9.840512E-1	7.126545E-3
-2.700000E+5	-3.000000E+4	1.077790E+0	6.197973E-3
-2.550000E+5	-3.000000E+4	1.172983E+0	1.310714E-2
-2.400000E+5	-3.000000E+4	1.249637E+0	5.074486E-3
-2.250000E+5	-3.000000E+4	1.323324E+0	5.091172E-3
-2.100000E+5	-3.000000E+4	1.374176E+0	1.818602E-2
-1.950000E+5	-3.000000E+4	1.464481E+0	2.063067E-2
-1.800000E+5	-3.000000E+4	1.512622E+0	1.009877E-2
-1.650000E+5	-3.000000E+4	1.632535E+0	2.169846E-2
-1.500000E+5	-3.000000E+4	1.685289E+0	5.375506E-3
-1.350000E+5	-3.000000E+4	1.809730E+0	1.033572E-2
-1.200000E+5	-3.000000E+4	1.956833E+0	7.046439E-3
-1.050000E+5	-3.000000E+4	2.088822E+0	1.000286E-2
-9.000000E+4	-3.000000E+4	2.252367E+0	1.810618E-2
-7.500000E+4	-3.000000E+4	2.457237E+0	1.193100E-2
-6.000000E+4	-3.000000E+4	2.609336E+0	1.302193E-2
-4.500000E+4	-3.000000E+4	2.760195E+0	1.170867E-2
-3.000000E+4	-3.000000E+4	2.932262E+0	4.453384E-3
-1.500000E+4	-3.000000E+4	2.993105E+0	1.348208E-2
0.000000E+0	-3.000000E+4	3.055481E+0	1.639817E-2
1.500000E+4	-3.000000E+4	3.055480E+0	8.021845E-3
3.000000E+4	-3.000000E+4	2.970978E+0	7.910641E-3
4.500000E+4	-3.000000E+4	2.824880E+0	7.070378E-3
6.000000E+4	-3.000000E+4	2.618405E+0	1.278076E-2
7.500000E+4	-3.000000E+4	2.388096E+0	6.959943E-3
9.000000E+4	-3.000000E+4	2.163639E+0	9.084285E-3
1.050000E+5	-3.000000E+4	1.930766E+0	5.433785E-3
1.200000E+5	-3.000000E+4	1.752879E+0	1.328557E-2
1.350000E+5	-3.000000E+4	1.599893E+0	5.659919E-3
1.500000E+5	-3.000000E+4	1.485555E+0	6.850936E-3
1.650000E+5	-3.000000E+4	1.429753E+0	1.088819E-2
1.800000E+5	-3.000000E+4	1.337128E+0	9.224873E-3
1.950000E+5	-3.000000E+4	1.286388E+0	1.631146E-2
2.100000E+5	-3.000000E+4	1.252099E+0	6.985966E-3
2.250000E+5	-3.000000E+4	1.180066E+0	5.803082E-3
2.400000E+5	-3.000000E+4	1.089615E+0	6.532838E-3
2.550000E+5	-3.000000E+4	1.023408E+0	1.181988E-2
2.700000E+5	-3.000000E+4	9.339758E-1	1.148306E-2
2.850000E+5	-3.000000E+4	8.502708E-1	1.064973E-2
3.000000E+5	-3.000000E+4	8.056013E-1	9.010230E-3
-3.000000E+5	-1.500000E+4	9.009536E-1	1.335307E-2
-2.850000E+5	-1.500000E+4	9.864438E-1	8.378812E-3
-2.700000E+5	-1.500000E+4	1.092935E+0	7.509370E-3
-2.550000E+5	-1.500000E+4	1.166699E+0	1.043696E-2
-2.400000E+5	-1.500000E+4	1.254680E+0	1.052925E-2
-2.250000E+5	-1.500000E+4	1.342983E+0	8.155352E-3
-2.100000E+5	-1.500000E+4	1.408184E+0	8.509119E-3
-1.950000E+5	-1.500000E+4	1.488275E+0	8.912228E-3
-1.800000E+5	-1.500000E+4	1.543931E+0	1.192470E-2
-1.650000E+5	-1.500000E+4	1.615457E+0	2.346069E-2
-1.500000E+5	-1.500000E+4	1.727291E+0	1.153222E-2
-1.350000E+5	-1.500000E+4	1.831710E+0	7.397838E-3
-1.200000E+5	-1.500000E+4	1.968056E+0	1.742050E-2
-1.050000E+5	-1.500000E+4	2.136348E+0	1.330808E-2
-9.000000E+4	-1.500000E+4	2.286892E+0	8.735771E-3
-7.500000E+4	-1.500000E+4	2.502407E+0	2.532112E-2
-6.000000E+4	-1.500000E+4	2.664530E+0	1.327277E-2
-4.500000E+4	-1.500000E+4	2.832970E+0	6.253093E-3
-3.000000E+4	-1.500000E+4	3.010453E+0	5.615270E-3
-1.500000E+4	-1.500000E+4	3.131872E+0	8.253349E-3
0.000000E+0	-1.500000E+4	3.151962E+0	1.118126E-2
1.500000E+4	-1.500000E+4	3.159227E+0	6.581359E-3
3.000000E+4	-1.500000E+4	3.066353E+0	5.428922E-3
4.500000E+4	-1.500000E+4	2.912069E+0	6.830345E-3
6.000000E+4	-1.500000E+4	2.689340E+0	9.965617E-3
7.500000E+4	-1.500000E+4	2.406293E+0	1.570080E-2
9.000000E+4	-1.500000E+4	2.172044E+0	4.727317E-3
1.050000E+5	-1.500000E+4	1.934060E+0	1.550694E-2
1.200000E+5	-1.500000E+4	1.719320E+0	1.307694E-2
1.350000E+5	-1.500000E+4	1.593513E+0	6.399958E-3
1.500000E+5	-1.500000E+4	1.463974E+0	1.168566E-2
1.650000E+5	-1.500000E+4	1.410845E+0	8.712003E-3
1.800000E+5	-1.500000E+4	1.331254E+0	7.577278E-3
1.950000E+5	-1.500000E+4	1.283977E+0	5.264149E-3
2.100000E+5	-1.500000E+4	1.210009E+0	9.590223E-3
2.250000E+5	-1.500000E+4	1.156410E+0	6.124825E-3
2.400000E+5	-1.500000E+4	1.090184E+0	5.971843E-3
2.550000E+5	-1.500000E+4	1.000999E+0	1.013707E-2
2.700000E+5	-1.500000E+4	9.272900E-1	1.347864E-2
2.850000E+5	-1.500000E+4	8.362105E-1	7.832115E-3
3.000000E+5	-1.500000E+4	8.188281E-1	8.441033E-3
-3.000000E+5	0.000000E+0	9.201844E-1	7.800299E-3
-2.850000E+5	0.000000E+0	1.015275E+0	8.323727E-3
-2.700000E+5	0.000000E+0	1.127118E+0	8.095793E-3
-2.550000E+5	0.000000E+0	1.177324E+0	1.266994E-2
-2.400000E+5	0.000000E+0	1.279042E+0	8.969340E-3
-2.250000E+5	0.000000E+0	1.350193E+0	9.113292E-3
-2.100000E+5	0.000000E+0	1.419017E+0	1.434593E-2
-1.950000E+5	0.000000E+0	1.488263E+0	8.692692E-3
-1.800000E+5	0.000000E+0	1.563062E+0	1.446186E-2
-1.650000E+5	0.000000E+0	1.612487E+0	2.077984E-2
-1.500000E+5	0.000000E+0	1.708225E+0	7.750757E-3
-1.350000E+5	0.000000E+0	1.822050E+0	7.891239E-3
-1.200000E+5	0.000000E+0	1.965304E+0	1.795561E-2
-1.050000E+5	0.000000E+0	2.125533E+0	1.243760E-2
-9.000000E+4	0.000000E+0	2.282178E+0	1.460795E-2
-7.500000E+4	0.000000E+0	2.452636E+0	3.101801E-2
-6.000000E+4	0.000000E+0	2.684145E+0	1.944712E-2
-4.500000E+4	0.000000E+0	2.803641E+0	3.722788E-2
-3.000000E+4	0.000000E+0	3.041951E+0	7.557172E-3
-1.500000E+4	0.000000E+0	3.159726E+0	9.036417E-3
0.000000E+0	0.000000E+0	3.182493E+0	1.988626E-2
1.500000E+4	0.000000E+0	3.159967E+0	1.041407E-2
3.000000E+4	0.000000E+0	3.060632E+0	1.257155E-2
4.500000E+4	0.000000E+0	2.890117E+0	1.097851E-2
6.000000E+4	0.000000E+0	2.659574E+0	5.654071E-3
7.500000E+4	0.000000E+0	2.411484E+0	1.451463E-2
9.000000E+4	0.000000E+0	2.157912E+0	1.887399E-2
1.050000E+5	0.000000E+0	1.921597E+0	1.128664E-2
1.200000E+5	0.000000E+0	1.700879E+0	7.214618E-3
1.350000E+5	0.000000E+0	1.547841E+0	5.361021E-3
1.500000E+5	0.000000E+0	1.420729E+0	9.827966E-3
1.650000E+5	0.000000E+0	1.352405E+0	5.573090E-3
1.800000E+5	0.000000E+0	1.303361E+0	4.911011E-3
1.950000E+5	0.000000E+0	1.235393E+0	5.767432E-3
2.100000E+5	0.000000E+0	1.180868E+0	8.338620E-3
2.250000E+5	0.000000E+0	1.112441E+0	1.706584E-2
2.400000E+5	0.000000E+0	1.044298E+0	1.091575E-2
2.550000E+5	0.000000E+0	9.600106E-1	1.203331E-2
2.700000E+5	0.000000E+0	9.033900E-1	1.314443E-2
2.850000E+5	0.000000E+0	8.336792E-1	5.555048E-3
3.000000E+5	0.000000E+0	7.893745E-1	2.948939E-2
-3.000000E+5	1.500000E+4	8.124165E-1	2.101468E-2
-2.850000E+5	1.500000E+4	9.148621E-1	1.002090E-2
-2.700000E+5	1.500000E+4	1.012896E+0	1.857820E-2
-2.550000E+5	1.500000E+4	1.077850E+0	1.077782E-2
-2.400000E+5	1.500000E+4	1.167265E+0	7.518623E-3
-2.250000E+5	1.500000E+4	1.253463E+0	1.510563E-2
-2.100000E+5	1.500000E+4	1.318351E+0	6.741943E-3
-1.950000E+5	1.500000E+4	1.385546E+0	6.008041E-3
-1.800000E+5	1.500000E+4	1.468713E+0	6.897819E-3
-1.650000E+5	1.500000E+4	1.543506E+0	1.026950E-2
-1.500000E+5	1.500000E+4	1.645965E+0	7.886203E-3
-1.350000E+5	1.500000E+4	1.772903E+0	2.785566E-2
-1.200000E+5	1.500000E+4	1.889166E+0	4.652049E-3
-1.050000E+5	1.500000E+4	2.022586E+0	9.159901E-3
-9.000000E+4	1.500000E+4	2.189500E+0	1.258581E-2
-7.500000E+4	1.500000E+4	2.398791E+0	7.846261E-3
-6.000000E+4	1.500000E+4	2.588344E+0	1.750615E-2
-4.500000E+4	1.500000E+4	2.778187E+0	1.354385E-2
-3.000000E+4	1.500000E+4	2.957838E+0	8.449354E-3
-1.500000E+4	1.500000E+4	3.077063E+0	1.455531E-2
0.000000E+0	1.500000E+4	3.094932E+0	6.630355E-3
1.500000E+4	1.500000E+4	3.071729E+0	6.612027E-3
3.000000E+4	1.500000E+4	2.958439E+0	6.141887E-3
4.500000E+4	1.500000E+4	2.803708E+0	5.620347E-3
6.000000E+4	1.500000E+4	2.582619E+0	1.118478E-2
7.500000E+4	1.500000E+4	2.322359E+0	6.235049E-3
9.000000E+4	1.500000E+4	2.067555E+0	1.758455E-2
1.050000E+5	1.500000E+4	1.848083E+0	9.137777E-3
1.200000E+5	1.500000E+4	1.633407E+0	7.145009E-3
1.350000E+5	1.500000E+4	1.503191E+0	5.941144E-3
1.500000E+5	1.500000E+4	1.395663E+0	6.942939E-3
1.650000E+5	1.500000E+4	1.323096E+0	6.242951E-3
1.800000E+5	1.500000E+4	1.256968E+0	1.303330E-2
1.950000E+5	1.500000E+4	1.211837E+0	8.281034E-3
2.100000E+5	1.500000E+4	1.149186E+0	6.539509E-3
2.250000E+5	1.500000E+4	1.085269E+0	1.798137E-2
2.400000E+5	1.500000E+4	1.029087E+0	1.756576E-2
2.550000E+5	1.500000E+4	9.510850E-1	5.116520E-3
2.700000E+5	1.500000E+4	8.635017E-1	1.921784E-2
2.850000E+5	1.500000E+4	8.095215E-1	7.352494E-3
3.000000E+5	1.500000E+4	7.554963E-1	8.822921E-3
-3.000000E+5	3.000000E+4	7.726087E-1	1.696358E-2
-2.850000E+5	3.000000E+4	8.630472E-1	1.096062E-2
-2.700000E+5	3.000000E+4	9.274378E-1	1.625534E-2
-2.550000E+5	3.000000E+4	1.022360E+0	6.775746E-3
-2.400000E+5	3.000000E+4	1.096838E+0	9.360513E-3
-2.250000E+5	3.000000E+4	1.153514E+0	1.521171E-2
-2.100000E+5	3.000000E+4	1.260813E+0	1.017871E-2
-1.950000E+5	3.000000E+4	1.319949E+0	6.758999E-3
-1.800000E+5	3.000000E+4	1.363145E+0	1.191840E-2
-1.650000E+5	3.000000E+4	1.455016E+0	8.261305E-3
-1.500000E+5	3.000000E+4	1.550723E+0	4.614919E-3
-1.350000E+5	3.000000E+4	1.663615E+0	1.868133E-2
-1.200000E+5	3.000000E+4	1.796902E+0	9.371209E-3
-1.050000E+5	3.000000E+4	1.938286E+0	7.961387E-3
-9.000000E+4	3.000000E+4	2.097806E+0	1.000246E-2
-7.500000E+4	3.000000E+4	2.237922E+0	6.594139E-3
-6.000000E+4	3.000000E+4	2.442188E+0	9.790308E-3
-4.500000E+4	3.000000E+4	2.650419E+0	1.911731E-2
-3.000000E+4	3.000000E+4	2.779756E+0	1.029093E-2
-1.500000E+4	3.000000E+4	2.901782E+0	1.320001E-2
0.000000E+0	3.000000E+4	2.934970E+0	7.792913E-3
1.500000E+4	3.000000E+4	2.901850E+0	2.082115E-2
3.000000E+4	3.000000E+4	2.807432E+0	8.545146E-3
4.500000E+4	3.000000E+4	2.619883E+0	7.857881E-3
6.000000E+4	3.000000E+4	2.400787E+0	8.263793E-3
7.500000E+4	3.000000E+4	2.155773E+0	5.141478E-3
9.000000E+4	3.000000E+4	1.940630E+0	7.876606E-3
1.050000E+5	3.000000E+4	1.738925E+0	5.011331E-3
1.200000E+5	3.000000E+4	1.560174E+0	9.103996E-3
1.350000E+5	3.000000E+4	1.402414E+0	7.300552E-3
1.500000E+5	3.000000E+4	1.319480E+0	8.965202E-3
1.650000E+5	3.000000E+4	1.249004E+0	1.014204E-2
1.800000E+5	3.000000E+4	1.195805E+0	1.379075E-2
1.950000E+5	3.000000E+4	1.161612E+0	1.265810E-2
2.100000E+5	3.000000E+4	1.084419E+0	7.504946E-3
2.250000E+5	3.000000E+4	1.064114E+0	1.181839E-2
2.400000E+5	3.000000E+4	9.804072E-1	1.135795E-2
2.550000E+5	3.000000E+4	9.262506E-1	1.829003E-2
2.700000E+5	3.000000E+4	8.234198E-1	2.890008E-2
2.850000E+5	3.000000E+4	7.985171E-1	7.542526E-3
3.000000E+5	3.000000E+4	7.280533E-1	1.021637E-2
-3.000000E+5	4.500000E+4	8.840766E-1	7.833322E-3
-2.850000E+5	4.500000E+4	9.701905E-1	7.979373E-3
-2.700000E+5	4.500000E+4	1.050973E+0	8.037946E-3
-2.550000E+5	4.500000E+4	1.138971E+0	6.790908E-3
-2.400000E+5	4.500000E+4	1.222389E+0	1.569117E-2
-2.250000E+5	4.500000E+4	1.293284E+0	6.413947E-3
-2.100000E+5	4.500000E+4	1.346604E+0	1.491268E-2
-1.950000E+5	4.500000E+4	1.389073E+0	9.219068E-3
-1.800000E+5	4.500000E+4	1.464259E+0	9.468871E-3
-1.650000E+5	4.500000E+4	1.525941E+0	1.588734E-2
-1.500000E+5	4.500000E+4	1.639987E+0	6.325167E-3
-1.350000E+5	4.500000E+4	1.724933E+0	1.211705E-2
-1.200000E+5	4.500000E+4	1.875602E+0	5.364444E-3
-1.050000E+5	4.500000E+4	1.980937E+0	1.558370E-2
-9.000000E+4	4.500000E+4	2.090525E+0	1.395540E-2
-7.500000E+4	4.500000E+4	2.251587E+0	3.357844E-2
-6.000000E+4	4.500000E+4	2.392564E+0	1.240838E-2
-4.500000E+4	4.500000E+4	2.584312E+0	2.382310E-2
-3.000000E+4	4.500000E+4	2.675677E+0	2.414411E-2
-1.500000E+4	4.500000E+4	2.763174E+0	9.090053E-3
0.000000E+0	4.500000E+4	2.820273E+0	2.612423E-2
1.500000E+4	4.500000E+4	2.761496E+0	1.531284E-2
3.000000E+4	4.500000E+4	2.654540E+0	1.440616E-2
4.500000E+4	4.500000E+4	2.478271E+0	6.239855E-3
6.000000E+4	4.500000E+4	2.289297E+0	8.263984E-3
7.500000E+4	4.500000E+4	2.063184E+0	6.667464E-3
9.000000E+4	4.500000E+4	1.885213E+0	7.650644E-3
1.050000E+5	4.500000E+4	1.699065E+0	6.672893E-3
1.200000E+5	4.500000E+4	1.537649E+0	1.130605E-2
1.350000E+5	4.500000E+4	1.409457E+0	7.574068E-3
1.500000E+5	4.500000E+4	1.313728E+0	5.829351E-3
1.650000E+5	4.500000E+4	1.258455E+0	1.084172E-2
1.800000E+5	4.500000E+4	1.190502E+0	1.206631E-2
1.950000E+5	4.500000E+4	1.164031E+0	1.001252E-2
2.100000E+5	4.500000E+4	1.090150E+0	8.609742E-3
2.250000E+5	4.500000E+4	1.039777E+0	2.154782E-2
2.400000E+5	4.500000E+4	9.630411E-1	5.827793E-3
2.550000E+5	4.500000E+4	9.088550E-1	1.159710E-2
2.700000E+5	4.500000E+4	8.398524E-1	1.278757E-2
2.850000E+5	4.500000E+4	7.821752E-1	7.430074E-3
3.000000E+5	4.500000E+4	7.071166E-1	8.084684E-3
-3.000000E+5	6.000000E+4	8.726219E-1	1.169496E-2
-2.850000E+5	6.000000E+4	9.613088E-1	6.600573E-3
-2.700000E+5	6.000000E+4	1.018769E+0	9.999604E-3
-2.550000E+5	6.000000E+4	1.105685E+0	1.157948E-2
-2.400000E+5	6.000000E+4	1.213149E+0	1.864857E-2
-2.250000E+5	6.000000E+4	1.268048E+0	1.715242E-2
-2.100000E+5	6.000000E+4	1.323879E+0	6.727383E-3
-1.950000E+5	6.000000E+4	1.374965E+0	8.297997E-3
-1.800000E+5	6.000000E+4	1.440163E+0	1.273204E-2
-1.650000E+5	6.000000E+4	1.510578E+0	1.304481E-2
-1.500000E+5	6.000000E+4	1.608185E+0	1.353315E-2
-1.350000E+5	6.000000E+4	1.677056E+0	2.700708E-2
-1.200000E+5	6.000000E+4	1.806189E+0	1.259080E-2
-1.050000E+5	6.000000E+4	1.935219E+0	5.313432E-3
-9.000000E+4	6.000000E+4	2.047374E+0	1.419949E-2
-7.500000E+4	6.000000E+4	2.138020E+0	7.817449E-3
-6.000000E+4	6.000000E+4	2.274443E+0	7.532322E-3
-4.500000E+4	6.000000E+4	2.366864E+0	2.053592E-2
-3.000000E+4	6.000000E+4	2.516693E+0	6.003111E-3
-1.500000E+4	6.000000E+4	2.563395E+0	8.146739E-3
0.000000E+0	6.000000E+4	2.603809E+0	9.224035E-3
1.500000E+4	6.000000E+4	2.524975E+0	6.546073E-3
3.000000E+4	6.000000E+4	2.446677E+0	8.530342E-3
4.500000E+4	6.000000E+4	2.299796E+0	1.635465E-2
6.000000E+4	6.000000E+4	2.077620E+0	9.342455E-3
7.500000E+4	6.000000E+4	1.908894E+0	6.403586E-3
9.000000E+4	6.000000E+4	1.746482E+0	1.607327E-2
1.050000E+5	6.000000E+4	1.617771E+0	1.183898E-2
1.200000E+5	6.000000E+4	1.450067E+0	1.429247E-2
1.350000E+5	6.000000E+4	1.365827E+0	9.519014E-3
1.500000E+5	6.000000E+4	1.277246E+0	1.167779E-2
1.650000E+5	6.000000E+4	1.232068E+0	9.469399E-3
1.800000E+5	6.000000E+4	1.180117E+0	9.469240E-3
1.950000E+5	6.000000E+4	1.150620E+0	1.127687E-2
2.100000E+5	6.000000E+4	1.108780E+0	9.247701E-3
2.250000E+5	6.000000E+4	1.041333E+0	1.099242E-2
2.400000E+5	6.000000E+4	9.762954E-1	1.172619E-2
2.550000E+5	6.000000E+4	9.246966E-1	1.838583E-2
2.700000E+5	6.000000E+4	8.331932E-1	1.124633E-2
2.850000E+5	6.000000E+4	7.578299E-1	1.346057E-2
3.000000E+5	6.000000E+4	7.198573E-1	1.290404E-2
-3.000000E+5	7.500000E+4	8.373660E-1	4.753916E-3
-2.850000E+5	7.500000E+4	9.156865E-1	1.038886E-2
-2.700000E+5	7.500000E+4	1.038383E+0	1.480902E-2
-2.550000E+5	7.500000E+4	1.084929E+0	5.856572E-3
-2.400000E+5	7.500000E+4	1.170728E+0	7.216154E-3
-2.250000E+5	7.500000E+4	1.266586E+0	2.115874E-2
-2.100000E+5	7.500000E+4	1.306652E+0	9.960417E-3
-1.950000E+5	7.500000E+4	1.318227E+0	1.850619E-2
-1.800000E+5	7.500000E+4	1.415720E+0	8.225379E-3
-1.650000E+5	7.500000E+4	1.471348E+0	4.808610E-3
-1.500000E+5	7.500000E+4	1.541229E+0	9.011330E-3
-1.350000E+5	7.500000E+4	1.648794E+0	1.994001E-2
-1.200000E+5	7.500000E+4	1.752236E+0	5.885625E-3
-1.050000E+5	7.500000E+4	1.857832E+0	6.964545E-3
-9.000000E+4	7.500000E+4	1.942801E+0	1.131297E-2
-7.500000E+4	7.500000E+4	2.045887E+0	6.302884E-3
-6.000000E+4	7.500000E+4	2.153506E+0	7.855749E-3
-4.500000E+4	7.500000E+4	2.199094E+0	9.070272E-3
-3.000000E+4	7.500000E+4	2.305869E+0	1.364237E-2
-1.500000E+4	7.500000E+4	2.319081E+0	2.860888E-2
0.000000E+0	7.500000E+4	2.340722E+0	2.252076E-2
1.500000E+4	7.500000E+4	2.295265E+0	5.390898E-3
3.000000E+4	7.500000E+4	2.173149E+0	1.238158E-2
4.500000E+4	7.500000E+4	2.043646E+0	1.219735E-2
6.000000E+4	7.500000E+4	1.914042E+0	6.531220E-3
7.500000E+4	7.500000E+4	1.730344E+0	8.632003E-3
9.000000E+4	7.500000E+4	1.630861E+0	9.773281E-3
1.050000E+5	7.500000E+4	1.491072E+0	4.994330E-3
1.200000E+5	7.500000E+4	1.398314E+0	1.568221E-2
1.350000E+5	7.500000E+4	1.304882E+0	4.913824E-3
1.500000E+5	7.500000E+4	1.234702E+0	1.705303E-2
1.650000E+5	7.500000E+4	1.187708E+0	1.170939E-2
1.800000E+5	7.500000E+4	1.158024E+0	8.161624E-3
1.950000E+5	7.500000E+4	1.115952E+0	9.221479E-3
2.100000E+5	7.500000E+4	1.074028E+0	1.132007E-2
2.250000E+5	7.500000E+4	1.032417E+0	9.845193E-3
2.400000E+5	7.500000E+4	9.629351E-1	1.117072E-2
2.550000E+5	7.500000E+4	8.843722E-1	5.527712E-3
2.700000E+5	7.500000E+4	8.265757E-1	1.107773E-2
2.850000E+5	7.500000E+4	7.467542E-1	1.503727E-2
3.000000E+5	7.500000E+4	7.060670E-1	1.498151E-2
-3.000000E+5	9.000000E+4	8.164355E-1	7.728418E-3
-2.850000E+5	9.000000E+4	9.116858E-1	1.506998E-2
-2.700000E+5	9.000000E+4	9.771076E-1	8.518103E-3
-2.550000E+5	9.000000E+4	1.070849E+0	9.547499E-3
-2.400000E+5	9.000000E+4	1.158487E+0	7.018942E-3
-2.250000E+5	9.000000E+4	1.180157E+0	1.186055E-2
-2.100000E+5	9.000000E+4	1.255315E+0	9.032558E-3
-1.950000E+5	9.000000E+4	1.303307E+0	9.168693E-3
-1.800000E+5	9.000000E+4	1.347198E+0	1.153889E-2
-1.650000E+5	9.000000E+4	1.422719E+0	9.085899E-3
-1.500000E+5	9.000000E+4	1.495928E+0	8.719336E-3
-1.350000E+5	9.000000E+4	1.574655E+0	1.607511E-2
-1.200000E+5	9.000000E+4	1.668380E+0	1.674404E-2
-1.050000E+5	9.000000E+4	1.744032E+0	7.443239E-3
-9.000000E+4	9.000000E+4	1.842060E+0	5.695497E-3
-7.500000E+4	9.000000E+4	1.926176E+0	1.311515E-2
-6.000000E+4	9.000000E+4	2.030685E+0	4.099061E-2
-4.500000E+4	9.000000E+4	2.053973E+0	1.183790E-2
-3.000000E+4	9.000000E+4	2.074900E+0	1.120162E-2
-1.500000E+4	9.000000E+4	2.107575E+0	8.195519E-3
0.000000E+0	9.000000E+4	2.088107E+0	1.913163E-2
1.500000E+4	9.000000E+4	2.030523E+0	1.382238E-2
3.000000E+4	9.000000E+4	1.966714E+0	3.102092E-2
4.500000E+4	9.000000E+4	1.832487E+0	5.851960E-3
6.000000E+4	9.000000E+4	1.702247E+0	6.165494E-3
7.500000E+4	9.000000E+4	1.597169E+0	6.236301E-3
9.000000E+4	9.000000E+4	1.485723E+0	7.428919E-3
1.050000E+5	9.000000E+4	1.381449E+0	1.130569E-2
1.200000E+5	9.000000E+4	1.319036E+0	1.245960E-2
1.350000E+5	9.000000E+4	1.256574E+0	8.647352E-3
1.500000E+5	9.000000E+4	1.235927E+0	1.054114E-2
1.650000E+5	9.000000E+4	1.181495E+0	6.431805E-3
1.800000E+5	9.000000E+4	1.160764E+0	8.765768E-3
1.950000E+5	9.000000E+4	1.123196E+0	1.117018E-2
2.100000E+5	9.000000E+4	1.091878E+0	1.216811E-2
2.250000E+5	9.000000E+4	1.028337E+0	1.410477E-2
2.400000E+5	9.000000E+4	9.513367E-1	1.754714E-2
2.550000E+5	9.000000E+4	8.620333E-1	8.699734E-3
2.700000E+5	9.000000E+4	7.944044E-1	1.200811E-2
2.850000E+5	9.000000E+4	7.262119E-1	1.426122E-2
3.000000E+5	9.000000E+4	6.670775E-1	6.377847E-3
-3.000000E+5	1.050000E+5	7.599739E-1	8.307172E-3
-2.850000E+5	1.050000E+5	8.297193E-1	5.443226E-3
-2.700000E+5	1.050000E+5	9.238763E-1	8.314717E-3
-2.550000E+5	1.050000E+5	9.787767E-1	8.031617E-3
-2.400000E+5	1.050000E+5	1.057334E+0	9.099872E-3
-2.250000E+5	1.050000E+5	1.152779E+0	1.479091E-2
-2.100000E+5	1.050000E+5	1.173580E+0	8.969606E-3
-1.950000E+5	1.050000E+5	1.209091E+0	8.074307E-3
-1.800000E+5	1.050000E+5	1.269583E+0	9.505815E-3
-1.650000E+5	1.050000E+5	1.307214E+0	6.400612E-3
-1.500000E+5	1.050000E+5	1.385711E+0	7.866673E-3
-1.350000E+5	1.050000E+5	1.435601E+0	6.076586E-3
-1.200000E+5	1.050000E+5	1.515550E+0	1.325920E-2
-1.050000E+5	1.050000E+5	1.592046E+0	2.107772E-2
-9.000000E+4	1.050000E+5	1.680948E+0	1.118797E-2
-7.500000E+4	1.050000E+5	1.746787E+0	1.066013E-2
-6.000000E+4	1.050000E+5	1.773900E+0	1.573465E-2
-4.500000E+4	1.050000E+5	1.846668E+0	1.207092E-2
-3.000000E+4	1.050000E+5	1.848993E+0	1.492619E-2
-1.500000E+4	1.050000E+5	1.879502E+0	5.811900E-3
0.000000E+0	1.050000E+5	1.839247E+0	1.193158E-2
1.500000E+4	1.050000E+5	1.789675E+0	7.237563E-3
3.000000E+4	1.050000E+5	1.697602E+0	1.785980E-2
4.500000E+4	1.050000E+5	1.634833E+0	6.954797E-3
6.000000E+4	1.050000E+5	1.549460E+0	9.110599E-3
7.500000E+4	1.050000E+5	1.460903E+0	5.711894E-3
9.000000E+4	1.050000E+5	1.375092E+0	7.179877E-3
1.050000E+5	1.050000E+5	1.306366E+0	1.036276E-2
1.200000E+5	1.050000E+5	1.240837E+0	8.853183E-3
1.350000E+5	1.050000E+5	1.215617E+0	5.626753E-3
1.500000E+5	1.050000E+5	1.185780E+0	2.033574E-2
1.650000E+5	1.050000E+5	1.146416E+0	7.655652E-3
1.800000E+5	1.050000E+5	1.127645E+0	9.902736E-3
1.950000E+5	1.050000E+5	1.082287E+0	9.037435E-3
2.100000E+5	1.050000E+5	1.065307E+0	1.210400E-2
2.250000E+5	1.050000E+5	1.004195E+0	8.716940E-3
2.400000E+5	1.050000E+5	9.163641E-1	6.152256E-3
2.550000E+5	1.050000E+5	8.374832E-1	1.031974E-2
2.700000E+5	1.050000E+5	7.631390E-1	9.732920E-3
2.850000E+5	1.050000E+5	7.097456E-1	1.509120E-2
3.000000E+5	1.050000E+5	6.386082E-1	6.665027E-3
-3.000000E+5	1.200000E+5	6.152514E-1	1.330355E-2
-2.850000E+5	1.200000E+5	7.140296E-1	1.038039E-2
-2.700000E+5	1.200000E+5	7.722622E-1	5.832825E-3
-2.550000E+5	1.200000E+5	8.620394E-1	1.002780E-2
-2.400000E+5	1.200000E+5	9.230254E-1	7.985264E-3
-2.250000E+5	1.200000E+5	9.985100E-1	1.314532E-2
-2.100000E+5	1.200000E+5	1.053317E+0	2.328842E-2
-1.950000E+5	1.200000E+5	1.115305E+0	1.808685E-2
-1.800000E+5	1.200000E+5	1.155723E+0	5.312513E-3
-1.650000E+5	1.200000E+5	1.193982E+0	1.321992E-2
-1.500000E+5	1.200000E+5	1.243157E+0	7.086948E-3
-1.350000E+5	1.200000E+5	1.311716E+0	6.340925E-3
-1.200000E+5	1.200000E+5	1.373308E+0	2.294466E-2
-1.050000E+5	1.200000E+5	1.471349E+0	2.423763E-2
-9.000000E+4	1.200000E+5	1.521095E+0	1.862390E-2
-7.500000E+4	1.200000E+5	1.611491E+0	1.839648E-2
-6.000000E+4	1.200000E+5	1.616502E+0	1.845728E-2
-4.500000E+4	1.200000E+5	1.674151E+0	2.025202E-2
-3.000000E+4	1.200000E+5	1.648633E+0	1.283302E-2
-1.500000E+4	1.200000E+5	1.678053E+0	1.257178E-2
0.000000E+0	1.200000E+5	1.629932E+0	1.018923E-2
1.500000E+4	1.200000E+5	1.603730E+0	6.360238E-3
3.000000E+4	1.200000E+5	1.544033E+0	6.395497E-3
4.500000E+4	1.200000E+5	1.472794E+0	1.798401E-2
6.000000E+4	1.200000E+5	1.397357E+0	7.197925E-3
7.500000E+4	1.200000E+5	1.332880E+0	8.891401E-3
9.000000E+4	1.200000E+5	1.254269E+0	1.952280E-2
1.050000E+5	1.200000E+5	1.201856E+0	1.372372E-2
1.200000E+5	1.200000E+5	1.180285E+0	1.542765E-2
1.350000E+5	1.200000E+5	1.153719E+0	1.257927E-2
1.500000E+5	1.200000E+5	1.130201E+0	5.327063E-3
1.650000E+5	1.200000E+5	1.114977E+0	7.748267E-3
1.800000E+5	1.200000E+5	1.079781E+0	2.439568E-2
1.950000E+5	1.200000E+5	1.049148E+0	7.126767E-3
2.100000E+5	1.200000E+5	1.043670E+0	6.966179E-3
2.250000E+5	1.200000E+5	9.369533E-1	6.231297E-3
2.400000E+5	1.200000E+5	8.712248E-1	1.036221E-2
2.550000E+5	1.200000E+5	8.100004E-1	1.023699E-2
2.700000E+5	1.200000E+5	7.517464E-1	9.482231E-3
2.850000E+5	1.200000E+5	6.847349E-1	1.408747E-2
3.000000E+5	1.200000E+5	6.033024E-1	1.436860E-2
-3.000000E+5	1.350000E+5	5.361983E-1	1.363874E-2
-2.850000E+5	1.350000E+5	6.280533E-1	1.213632E-2
-2.700000E+5	1.350000E+5	7.059233E-1	1.272080E-2
-2.550000E+5	1.350000E+5	7.538639E-1	8.961434E-3
-2.400000E+5	1.350000E+5	8.190441E-1	5.711890E-3
-2.250000E+5	1.350000E+5	8.913881E-1	8.565212E-3
-2.100000E+5	1.350000E+5	1.160912E+0	8.751026E-3
-1.950000E+5	1.350000E+5	1.192232E+0	8.318071E-3
-1.800000E+5	1.350000E+5	1.255912E+0	8.614072E-3
-1.650000E+5	1.350000E+5	1.275311E+0	1.196259E-2
-1.500000E+5	1.350000E+5	1.298200E+0	9.099208E-3
-1.350000E+5	1.350000E+5	1.338084E+0	1.162893E-2
-1.200000E+5	1.350000E+5	1.409105E+0	1.076627E-2
-1.050000E+5	1.350000E+5	1.427044E+0	1.142351E-2
-9.000000E+4	1.350000E+5	1.493083E+0	9.334863E-3
-7.500000E+4	1.350000E+5	1.531379E+0	1.456065E-2
-6.000000E+4	1.350000E+5	1.554221E+0	1.148077E-2
-4.500000E+4	1.350000E+5	1.561200E+0	1.036496E-2
-3.000000E+4	1.350000E+5	1.576309E+0	1.024031E-2
-1.500000E+4	1.350000E+5	1.569038E+0	8.536392E-3
0.000000E+0	1.350000E+5	1.545091E+0	8.392867E-3
1.500000E+4	1.350000E+5	1.486174E+0	9.397041E-3
3.000000E+4	1.350000E+5	1.460269E+0	5.430993E-3
4.500000E+4	1.350000E+5	1.353294E+0	1.803152E-2
6.000000E+4	1.350000E+5	1.334520E+0	7.493570E-3
7.500000E+4	1.350000E+5	1.294551E+0	1.172636E-2
9.000000E+4	1.350000E+5	1.190703E+0	2.517015E-2
1.050000E+5	1.350000E+5	1.211953E+0	1.301286E-2
1.200000E+5	1.350000E+5	1.178119E+0	1.046393E-2
1.350000E+5	1.350000E+5	1.129649E+0	1.674229E-2
1.500000E+5	1.350000E+5	1.136804E+0	1.704975E-2
1.650000E+5	1.350000E+5	1.106586E+0	1.048170E-2
1.800000E+5	1.350000E+5	1.092423E+0	1.770304E-2
1.950000E+5	1.350000E+5	1.052690E+0	9.133943E-3
2.100000E+5	1.350000E+5	1.007999E+0	7.694838E-3
2.250000E+5	1.350000E+5	9.519532E-1	7.871352E-3
2.400000E+5	1.350000E+5	8.515242E-1	5.308081E-3
2.550000E+5	1.350000E+5	8.184236E-1	1.571157E-2
2.700000E+5	1.350000E+5	7.132439E-1	9.817904E-3
2.850000E+5	1.350000E+5	6.546852E-1	5.885478E-3
3.000000E+5	1.350000E+5	6.484855E-1	6.286701E-3
-3.000000E+5	1.500000E+5	6.704698E-1	8.610491E-3
-2.850000E+5	1.500000E+5	7.570422E-1	1.177723E-2
-2.700000E+5	1.500000E+5	8.397077E-1	1.976304E-2
-2.550000E+5	1.500000E+5	9.055616E-1	8.158945E-3
-2.400000E+5	1.500000E+5	9.862838E-1	6.273609E-3
-2.250000E+5	1.500000E+5	1.056894E+0	1.830609E-2
-2.100000E+5	1.500000E+5	1.108957E+0	1.940262E-2
-1.950000E+5	1.500000E+5	1.132323E+0	2.026245E-2
-1.800000E+5	1.500000E+5	1.193306E+0	1.802228E-2
-1.650000E+5	1.500000E+5	1.243410E+0	2.077186E-2
-1.500000E+5	1.500000E+5	1.268299E+0	1.294895E-2
-1.350000E+5	1.500000E+5	1.335486E+0	3.706900E-2
-1.200000E+5	1.500000E+5	1.332342E+0	1.356338E-2
-1.050000E+5	1.500000E+5	1.351245E+0	1.112983E-2
-9.000000E+4	1.500000E+5	1.416936E+0	8.927543E-3
-7.500000E+4	1.500000E+5	1.413632E+0	9.772076E-3
-6.000000E+4	1.500000E+5	1.435173E+0	2.361070E-2
-4.500000E+4	1.500000E+5	1.461020E+0	2.423979E-2
-3.000000E+4	1.500000E+5	1.450503E+0	1.046211E-2
-1.500000E+4	1.500000E+5	1.443132E+0	9.848448E-3
0.000000E+0	1.500000E+5	1.440190E+0	2.640835E-2
1.500000E+4	1.500000E+5	1.392027E+0	9.140345E-3
3.000000E+4	1.500000E+5	1.341611E+0	1.861608E-2
4.500000E+4	1.500000E+5	1.292973E+0	8.356246E-3
6.000000E+4	1.500000E+5	1.239474E+0	6.064423E-3
7.500000E+4	1.500000E+5	1.228613E+0	1.424855E-2
9.000000E+4	1.500000E+5	1.191184E+0	6.476368E-3
1.050000E+5	1.500000E+5	1.126523E+0	1.309315E-2
1.200000E+5	1.500000E+5	1.135968E+0	1.651275E-2
1.350000E+5	1.500000E+5	1.110048E+0	7.997975E-3
1.500000E+5	1.500000E+5	1.096519E+0	1.008311E-2
1.650000E+5	1.500000E+5	1.068248E+0	9.468288E-3
1.800000E+5	1.500000E+5	1.055294E+0	1.265714E-2
1.950000E+5	1.500000E+5	1.012995E+0	1.241551E-2
2.100000E+5	1.500000E+5	9.599341E-1	5.409872E-3
2.250000E+5	1.500000E+5	8.825848E-1	1.516106E-2
2.400000E+5	1.500000E+5	8.470935E-1	5.751760E-3
2.550000E+5	1.500000E+5	7.702680E-1	1.015377E-2
2.700000E+5	1.500000E+5	6.868514E-1	1.153055E-2
2.850000E+5	1.500000E+5	6.401541E-1	9.153405E-3
3.000000E+5	1.500000E+5	5.950138E-1	1.307283E-2
-3.000000E+5	1.650000E+5	6.491713E-1	9.142566E-3
-2.850000E+5	1.650000E+5	7.299282E-1	1.158016E-2
-2.700000E+5	1.650000E+5	7.603734E-1	1.825498E-2
-2.550000E+5	1.650000E+5	8.435158E-1	1.060850E-2
-2.400000E+5	1.650000E+5	9.621862E-1	2.625316E-2
-2.250000E+5	1.650000E+5	9.631614E-1	1.501532E-2
-2.100000E+5	1.650000E+5	1.032549E+0	7.311897E-3
-1.950000E+5	1.650000E+5	1.083779E+0	1.724089E-2
-1.800000E+5	1.650000E+5	1.154517E+0	8.294038E-3
-1.650000E+5	1.650000E+5	1.205265E+0	5.317170E-3
-1.500000E+5	1.650000E+5	1.240979E+0	8.049722E-3
-1.350000E+5	1.650000E+5	1.250455E+0	1.664314E-2
-1.200000E+5	1.650000E+5	1.291441E+0	6.593686E-3
-1.050000E+5	1.650000E+5	1.295405E+0	1.238798E-2
-9.000000E+4	1.650000E+5	1.322585E+0	8.969046E-3
-7.500000E+4	1.650000E+5	1.347770E+0	1.046629E-2
-6.000000E+4	1.650000E+5	1.343767E+0	8.675121E-3
-4.500000E+4	1.650000E+5	1.374615E+0	1.333534E-2
-3.000000E+4	1.650000E+5	1.329656E+0	1.420446E-2
-1.500000E+4	1.650000E+5	1.356795E+0	1.201750E-2
0.000000E+0	1.650000E+5	1.291086E+0	2.910695E-2
1.500000E+4	1.650000E+5	1.301671E+0	8.348427E-3
3.000000E+4	1.650000E+5	1.274108E+0	1.579648E-2
4.500000E+4	1.650000E+5	1.222716E+0	1.488243E-2
6.000000E+4	1.650000E+5	1.167872E+0	1.180305E-2
7.500000E+4	1.650000E+5	1.166473E+0	9.440103E-3
9.000000E+4	1.650000E+5	1.125966E+0	1.152216E-2
1.050000E+5	1.650000E+5	1.086271E+0	1.274259E-2
1.200000E+5	1.650000E+5	1.095849E+0	1.696133E-2
1.350000E+5	1.650000E+5	1.074172E+0	1.151382E-2
1.500000E+5	1.650000E+5	1.074393E+0	7.365391E-3
1.650000E+5	1.650000E+5	1.046749E+0	1.310314E-2
1.800000E+5	1.650000E+5	1.028414E+0	1.019569E-2
1.950000E+5	1.650000E+5	9.721929E-1	4.851727E-3
2.100000E+5	1.650000E+5	9.278433E-1	8.182363E-3
2.250000E+5	1.650000E+5	8.473310E-1	1.221100E-2
2.400000E+5	1.650000E+5	7.844486E-1	1.241760E-2
2.550000E+5	1.650000E+5	7.231161E-1	9.011459E-3
2.700000E+5	1.650000E+5	6.617806E-1	1.193544E-2
2.850000E+5	1.650000E+5	6.079002E-1	5.915638E-3
3.000000E+5	1.650000E+5	5.787024E-1	7.386279E-3
-3.000000E+5	1.800000E+5	6.207500E-1	1.361988E-2
-2.850000E+5	1.800000E+5	6.759765E-1	5.082713E-3
-2.700000E+5	1.800000E+5	7.579532E-1	6.715366E-3
-2.550000E+5	1.800000E+5	8.175737E-1	5.500803E-3
-2.400000E+5	1.800000E+5	8.922614E-1	9.236027E-3
-2.250000E+5	1.800000E+5	9.508547E-1	1.039441E-2
-2.100000E+5	1.800000E+5	1.013070E+0	6.152078E-3
-1.950000E+5	1.800000E+5	1.080948E+0	8.881561E-3
-1.800000E+5	1.800000E+5	1.128295E+0	1.116598E-2
-1.650000E+5	1.800000E+5	1.186250E+0	6.679941E-3
-1.500000E+5	1.800000E+5	1.216406E+0	1.253410E-2
-1.350000E+5	1.800000E+5	1.244868E+0	6.827362E-2
-1.200000E+5	1.800000E+5	1.252743E+0	1.001713E-2
-1.050000E+5	1.800000E+5	1.232043E+0	2.053649E-2
-9.000000E+4	1.800000E+5	1.285924E+0	2.748109E-2
-7.500000E+4	1.800000E+5	1.349244E+0	4.660390E-2
-6.000000E+4	1.800000E+5	1.325778E+0	3.224050E-2
-4.500000E+4	1.800000E+5	1.299703E+0	2.608509E-2
-3.000000E+4	1.800000E+5	1.296819E+0	6.325401E-3
-1.500000E+4	1.800000E+5	1.295616E+0	2.698765E-2
0.000000E+0	1.800000E+5	1.263485E+0	1.063852E-2
1.500000E+4	1.800000E+5	1.235792E+0	1.166687E-2
3.000000E+4	1.800000E+5	1.199239E+0	9.822280E-3
4.500000E+4	1.800000E+5	1.156700E+0	6.972832E-3
6.000000E+4	1.800000E+5	1.145182E+0	8.950892E-3
7.500000E+4	1.800000E+5	1.091215E+0	2.271245E-2
9.000000E+4	1.800000E+5	1.086556E+0	1.014921E-2
1.050000E+5	1.800000E+5	1.070051E+0	9.056462E-3
1.200000E+5	1.800000E+5	1.050617E+0	6.920644E-3
1.350000E+5	1.800000E+5	1.066031E+0	9.998922E-3
1.500000E+5	1.800000E+5	1.024781E+0	4.765552E-3
1.650000E+5	1.800000E+5	1.018069E+0	1.369133E-2
1.800000E+5	1.800000E+5	9.734850E-1	5.681395E-3
1.950000E+5	1.800000E+5	9.134620E-1	1.130949E-2
2.100000E+5	1.800000E+5	8.663937E-1	6.841704E-3
2.250000E+5	1.800000E+5	8.225404E-1	1.957598E-2
2.400000E+5	1.800000E+5	7.428595E-1	4.575248E-3
2.550000E+5	1.800000E+5	6.987342E-1	6.352361E-3
2.700000E+5	1.800000E+5	6.220482E-1	9.628561E-3
2.850000E+5	1.800000E+5	5.964088E-1	1.002216E-2
3.000000E+5	1.800000E+5	5.443269E-1	9.345092E-3
-3.000000E+5	1.950000E+5	5.957362E-1	8.973966E-3
-2.850000E+5	1.950000E+5	6.658985E-1	1.212016E-2
-2.700000E+5	1.950000E+5	7.238498E-1	9.453303E-3
-2.550000E+5	1.950000E+5	7.742921E-1	8.209834E-3
-2.400000E+5	1.950000E+5	8.357733E-1	1.638264E-2
-2.250000E+5	1.950000E+5	9.006183E-1	1.391525E-2
-2.100000E+5	1.950000E+5	9.809911E-1	1.116575E-2
-1.950000E+5	1.950000E+5	1.042262E+0	2.393553E-2
-1.800000E+5	1.950000E+5	1.073130E+0	9.967576E-3
-1.650000E+5	1.950000E+5	1.141178E+0	8.531920E-3
-1.500000E+5	1.950000E+5	1.176735E+0	1.103378E-2
-1.350000E+5	1.950000E+5	1.186662E+0	5.913985E-3
-1.200000E+5	1.950000E+5	1.208147E+0	4.905801E-3
-1.050000E+5	1.950000E+5	1.298876E+0	2.947912E-2
-9.000000E+4	1.950000E+5	1.246592E+0	1.670114E-2
-7.500000E+4	1.950000E+5	1.280997E+0	1.156541E-2
-6.000000E+4	1.950000E+5	1.283446E+0	2.615449E-2
-4.500000E+4	1.950000E+5	1.244693E+0	5.923622E-3
-3.000000E+4	1.950000E+5	1.247278E+0	1.630277E-2
-1.500000E+4	1.950000E+5	1.226572E+0	9.603782E-3
0.000000E+0	1.950000E+5	1.213743E+0	8.579582E-3
1.500000E+4	1.950000E+5	1.200521E+0	8.079687E-3
3.000000E+4	1.950000E+5	1.161964E+0	9.874151E-3
4.500000E+4	1.950000E+5	1.141767E+0	9.629863E-3
6.000000E+4	1.950000E+5	1.099604E+0	5.696185E-3
7.500000E+4	1.950000E+5	1.079336E+0	7.195932E-3
9.000000E+4	1.950000E+5	1.042187E+0	7.228359E-3
1.050000E+5	1.950000E+5	1.022607E+0	8.782692E-3
1.200000E+5	1.950000E+5	1.001748E+0	1.260613E-2
1.350000E+5	1.950000E+5	1.012718E+0	6.928394E-3
1.500000E+5	1.950000E+5	9.756402E-1	8.718065E-3
1.650000E+5	1.950000E+5	9.290488E-1	1.021838E-2
1.800000E+5	1.950000E+5	8.915501E-1	1.157583E-2
1.950000E+5	1.950000E+5	8.513133E-1	5.698430E-3
2.100000E+5	1.950000E+5	8.061424E-1	9.381604E-3
2.250000E+5	1.950000E+5	7.520623E-1	7.201947E-3
2.400000E+5	1.950000E+5	7.147307E-1	2.042527E-2
2.550000E+5	1.950000E+5	6.346514E-1	1.587325E-2
2.700000E+5	1.950000E+5	5.946846E-1	1.282740E-2
2.850000E+5	1.950000E+5	5.623166E-1	1.586290E-2
3.000000E+5	1.950000E+5	5.242992E-1	1.966482E-2
-3.000000E+5	2.100000E+5	4.868127E-1	1.745203E-2
-2.850000E+5	2.100000E+5	5.362553E-1	1.055000E-2
-2.700000E+5	2.100000E+5	5.759826E-1	1.005993E-2
-2.550000E+5	2.100000E+5	6.509006E-1	1.110917E-2
-2.400000E+5	2.100000E+5	7.189341E-1	8.466551E-3
-2.250000E+5	2.100000E+5	7.915022E-1	8.049134E-3
-2.100000E+5	2.100000E+5	8.361310E-1	7.400426E-3
-1.950000E+5	2.100000E+5	9.054729E-1	7.492974E-3
-1.800000E+5	2.100000E+5	9.740322E-1	5.036680E-3
-1.650000E+5	2.100000E+5	1.032221E+0	1.073816E-2
-1.500000E+5	2.100000E+5	1.045745E+0	1.928226E-2
-1.350000E+5	2.100000E+5	1.104728E+0	7.209651E-3
-1.200000E+5	2.100000E+5	1.132578E+0	1.842126E-2
-1.050000E+5	2.100000E+5	1.133438E+0	4.307381E-2
-9.000000E+4	2.100000E+5	1.195864E+0	1.939234E-2
-7.500000E+4	2.100000E+5	1.169515E+0	9.110360E-3
-6.000000E+4	2.100000E+5	1.191310E+0	1.345290E-2
-4.500000E+4	2.100000E+5	1.183694E+0	1.006994E-2
-3.000000E+4	2.100000E+5	1.166755E+0	2.334911E-2
-1.500000E+4	2.100000E+5	1.159344E+0	7.823278E-3
0.000000E+0	2.100000E+5	1.143324E+0	1.009422E-2
1.500000E+4	2.100000E+5	1.103332E+0	7.776703E-3
3.000000E+4	2.100000E+5	1.101826E+0	9.714035E-3
4.500000E+4	2.100000E+5	1.053922E+0	1.684465E-2
6.000000E+4	2.100000E+5	1.034763E+0	2.717106E-2
7.500000E+4	2.100000E+5	1.000788E+0	1.239012E-2
9.000000E+4	2.100000E+5	9.884961E-1	1.972601E-2
1.050000E+5	2.100000E+5	9.698756E-1	1.158410E-2
1.200000E+5	2.100000E+5	9.534797E-1	1.460406E-2
1.350000E+5	2.100000E+5	9.285240E-1	8.098300E-3
1.500000E+5	2.100000E+5	8.809921E-1	1.556158E-2
1.650000E+5	2.100000E+5	8.737846E-1	1.041835E-2
1.800000E+5	2.100000E+5	9.243858E-1	1.026265E-1
1.950000E+5	2.100000E+5	8.029335E-1	6.801952E-3
2.100000E+5	2.100000E+5	7.531618E-1	1.177618E-2
2.250000E+5	2.100000E+5	6.749381E-1	1.353273E-2
2.400000E+5	2.100000E+5	6.292649E-1	9.149664E-3
2.550000E+5	2.100000E+5	6.091077E-1	1.201501E-2
2.700000E+5	2.100000E+5	5.786463E-1	9.708887E-3
2.850000E+5	2.100000E+5	5.651597E-1	1.001640E-2
3.000000E+5	2.100000E+5	5.340899E-1	2.137156E-2
-3.000000E+5	2.250000E+5	5.458911E-1	1.803277E-2
-2.850000E+5	2.250000E+5	6.100483E-1	1.068625E-2
-2.700000E+5	2.250000E+5	6.067314E-1	8.968712E-3
-2.550000E+5	2.250000E+5	6.587725E-1	6.835476E-3
-2.400000E+5	2.250000E+5	7.481248E-1	7.076922E-3
-2.250000E+5	2.250000E+5	7.840074E-1	7.106091E-3
-2.100000E+5	2.250000E+5	8.515293E-1	2.107861E-2
-1.950000E+5	2.250000E+5	9.165221E-1	1.895998E-2
-1.800000E+5	2.250000E+5	9.328701E-1	5.482951E-3
-1.650000E+5	2.250000E+5	1.006633E+0	6.048367E-3
-1.500000E+5	2.250000E+5	1.043776E+0	1.391472E-2
-1.350000E+5	2.250000E+5	1.094748E+0	6.767138E-3
-1.200000E+5	2.250000E+5	1.120593E+0	1.343541E-2
-1.050000E+5	2.250000E+5	1.160098E+0	1.264156E-2
-9.000000E+4	2.250000E+5	1.181842E+0	1.044980E-2
-7.500000E+4	2.250000E+5	1.203063E+0	6.539008E-3
-6.000000E+4	2.250000E+5	1.197958E+0	2.562463E-2
-4.500000E+4	2.250000E+5	1.170841E+0	1.379631E-2
-3.000000E+4	2.250000E+5	1.157836E+0	5.515370E-3
-1.500000E+4	2.250000E+5	1.127051E+0	6.872454E-3
0.000000E+0	2.250000E+5	1.106798E+0	6.880564E-3
1.500000E+4	2.250000E+5	1.072946E+0	1.142433E-2
3.000000E+4	2.250000E+5	1.044205E+0	5.176691E-3
4.500000E+4	2.250000E+5	1.003802E+0	9.612826E-3
6.000000E+4	2.250000E+5	9.756850E-1	5.769769E-3
7.500000E+4	2.250000E+5	9.585758E-1	1.064073E-2
9.000000E+4	2.250000E+5	9.237092E-1	1.155182E-2
1.050000E+5	2.250000E+5	9.107544E-1	1.095073E-2
1.200000E+5	2.250000E+5	8.920311E-1	1.471128E-2
1.350000E+5	2.250000E+5	8.778066E-1	1.202740E-2
1.500000E+5	2.250000E+5	8.147154E-1	2.497926E-2
1.650000E+5	2.250000E+5	8.044682E-1	5.248380E-3
1.800000E+5	2.250000E+5	7.710506E-1	6.655607E-3
1.950000E+5	2.250000E+5	7.406116E-1	8.825639E-3
2.100000E+5	2.250000E+5	7.068160E-1	2.137514E-2
2.250000E+5	2.250000E+5	6.489899E-1	7.336879E-3
2.400000E+5	2.250000E+5	6.279503E-1	9.429521E-3
2.550000E+5	2.250000E+5	6.035551E-1	8.912082E-3
2.700000E+5	2.250000E+5	5.552620E-1	1.202261E-2
2.850000E+5	2.250000E+5	5.487220E-1	1.310468E-2
3.000000E+5	2.250000E+5	5.222530E-1	7.669583E-3
-3.000000E+5	2.400000E+5	5.430736E-1	6.387104E-3
-2.850000E+5	2.400000E+5	5.720818E-1	1.429301E-2
-2.700000E+5	2.400000E+5	6.038761E-1	1.491200E-2
-2.550000E+5	2.400000E+5	6.352210E-1	6.803875E-3
-2.400000E+5	2.400000E+5	6.803776E-1	9.123037E-3
-2.250000E+5	2.400000E+5	7.252764E-1	8.567485E-3
-2.100000E+5	2.400000E+5	7.738142E-1	6.506218E-3
-1.950000E+5	2.400000E+5	8.334714E-1	1.085126E-2
-1.800000E+5	2.400000E+5	8.761966E-1	6.496371E-3
-1.650000E+5	2.400000E+5	9.306548E-1	5.212481E-3
-1.500000E+5	2.400000E+5	9.781062E-1	1.489066E-2
-1.350000E+5	2.400000E+5	1.021425E+0	1.513609E-2
-1.200000E+5	2.400000E+5	1.052643E+0	1.186883E-2
-1.050000E+5	2.400000E+5	1.089060E+0	7.521186E-3
-9.000000E+4	2.400000E+5	1.098138E+0	1.576021E-2
-7.500000E+4	2.400000E+5	1.129218E+0	1.089636E-2
-6.000000E+4	2.400000E+5	1.138421E+0	5.147361E-3
-4.500000E+4	2.400000E+5	1.104711E+0	8.678410E-3
-3.000000E+4	2.400000E+5	1.099030E+0	1.005873E-2
-1.500000E+4	2.400000E+5	1.072698E+0	9.360212E-3
0.000000E+0	2.400000E+5	1.066519E+0	1.481542E-2
1.500000E+4	2.400000E+5	1.008192E+0	8.984284E-3
3.000000E+4	2.400000E+5	9.732792E-1	8.231720E-3
4.500000E+4	2.400000E+5	9.366160E-1	1.424489E-2
6.000000E+4	2.400000E+5	9.219544E-1	5.765371E-3
7.500000E+4	2.400000E+5	8.875984E-1	1.018624E-2
9.000000E+4	2.400000E+5	8.620170E-1	9.282340E-3
1.050000E+5	2.400000E+5	8.485782E-1	7.156546E-3
1.200000E+5	2.400000E+5	8.138298E-1	8.528934E-3
1.350000E+5	2.400000E+5	7.945287E-1	6.248202E-3
1.500000E+5	2.400000E+5	7.694171E-1	7.949839E-3
1.650000E+5	2.400000E+5	7.483041E-1	8.863080E-3
1.800000E+5	2.400000E+5	7.228135E-1	1.043594E-2
1.950000E+5	2.400000E+5	6.735462E-1	1.000180E-2
2.100000E+5	2.400000E+5	6.567385E-1	5.343556E-3
2.250000E+5	2.400000E+5	6.256392E-1	6.639651E-3
2.400000E+5	2.400000E+5	5.949068E-1	9.117277E-3
2.550000E+5	2.400000E+5	5.808403E-1	1.200155E-2
2.700000E+5	2.400000E+5	5.547922E-1	1.887735E-2
2.850000E+5	2.400000E+5	5.276192E-1	1.040807E-2
3.000000E+5	2.400000E+5	4.956731E-1	1.927727E-2
-3.000000E+5	2.550000E+5	5.303644E-1	6.954490E-3
-2.850000E+5	2.550000E+5	5.372682E-1	5.859730E-3
-2.700000E+5	2.550000E+5	5.866120E-1	8.786124E-3
-2.550000E+5	2.550000E+5	5.999641E-1	1.526777E-2
-2.400000E+5	2.550000E+5	6.359384E-1	1.106497E-2
-2.250000E+5	2.550000E+5	6.781603E-1	5.377271E-3
-2.100000E+5	2.550000E+5	7.438775E-1	8.603996E-3
-1.950000E+5	2.550000E+5	7.630636E-1	6.813256E-3
-1.800000E+5	2.550000E+5	8.227309E-1	7.906339E-3
-1.650000E+5	2.550000E+5	8.456027E-1	2.667715E-2
-1.500000E+5	2.550000E+5	9.097130E-1	9.851528E-3
-1.350000E+5	2.550000E+5	9.393877E-1	7.889522E-3
-1.200000E+5	2.550000E+5	9.966309E-1	1.193022E-2
-1.050000E+5	2.550000E+5	1.016008E+0	7.973837E-3
-9.000000E+4	2.550000E+5	1.034700E+0	6.507129E-3
-7.500000E+4	2.550000E+5	1.048900E+0	1.103862E-2
-6.000000E+4	2.550000E+5	1.060891E+0	9.492664E-3
-4.500000E+4	2.550000E+5	1.049578E+0	7.775892E-3
-3.000000E+4	2.550000E+5	1.011840E+0	2.896412E-2
-1.500000E+4	2.550000E+5	1.028431E+0	9.958160E-3
0.000000E+0	2.550000E+5	9.769150E-1	1.204506E-2
1.500000E+4	2.550000E+5	9.552721E-1	1.869868E-2
3.000000E+4	2.550000E+5	8.961693E-1	7.159550E-3
4.500000E+4	2.550000E+5	8.976856E-1	1.309842E-2
6.000000E+4	2.550000E+5	8.342927E-1	1.163557E-2
7.500000E+4	2.550000E+5	8.055076E-1	1.473151E-2
9.000000E+4	2.550000E+5	8.087552E-1	1.249080E-2
1.050000E+5	2.550000E+5	7.720584E-1	6.256118E-3
1.200000E+5	2.550000E+5	7.462274E-1	5.647558E-3
1.350000E+5	2.550000E+5	7.372213E-1	7.534714E-3
1.500000E+5	2.550000E+5	7.218210E-1	1.252150E-2
1.650000E+5	2.550000E+5	7.012257E-1	8.469594E-3
1.800000E+5	2.550000E+5	6.430766E-1	1.395054E-2
1.950000E+5	2.550000E+5	6.368800E-1	9.800021E-3
2.100000E+5	2.550000E+5	6.130055E-1	1.027049E-2
2.250000E+5	2.550000E+5	5.871643E-1	8.769704E-3
2.400000E+5	2.550000E+5	5.716824E-1	7.522102E-3
2.550000E+5	2.550000E+5	5.459869E-1	1.238929E-2
2.700000E+5	2.550000E+5	5.125276E-1	8.406508E-3
2.850000E+5	2.550000E+5	5.020439E-1	1.888524E-2
3.000000E+5	2.550000E+5	4.999866E-1	1.920729E-2
-3.000000E+5	2.700000E+5	4.951646E-1	9.358055E-3
-2.850000E+5	2.700000E+5	5.460369E-1	1.198309E-2
-2.700000E+5	2.700000E+5	5.394989E-1	8.959453E-3
-2.550000E+5	2.700000E+5	5.982777E-1	2.870164E-2
-2.400000E+5	2.700000E+5	6.019339E-1	7.252254E-3
-2.250000E+5	2.700000E+5	6.492467E-1	1.279495E-2
-2.100000E+5	2.700000E+5	6.729235E-1	9.581982E-3
-1.950000E+5	2.700000E+5	6.874384E-1	5.142369E-3
-1.800000E+5	2.700000E+5	7.319388E-1	1.514277E-2
-1.650000E+5	2.700000E+5	7.656223E-1	1.263642E-2
-1.500000E+5	2.700000E+5	8.088418E-1	8.425032E-3
-1.350000E+5	2.700000E+5	8.671956E-1	1.055936E-2
-1.200000E+5	2.700000E+5	8.855084E-1	6.416754E-3
-1.050000E+5	2.700000E+5	9.027511E-1	9.321514E-3
-9.000000E+4	2.700000E+5	9.518106E-1	1.224780E-2
-7.500000E+4	2.700000E+5	9.629341E-1	1.274422E-2
-6.000000E+4	2.700000E+5	9.517688E-1	1.784447E-2
-4.500000E+4	2.700000E+5	9.651148E-1	8.430858E-3
-3.000000E+4	2.700000E+5	9.256789E-1	5.276331E-3
-1.500000E+4	2.700000E+5	9.243664E-1	1.154559E-2
0.000000E+0	2.700000E+5	9.019604E-1	8.193426E-3
1.500000E+4	2.700000E+5	8.786137E-1	6.091982E-3
3.000000E+4	2.700000E+5	8.315933E-1	5.774015E-3
4.500000E+4	2.700000E+5	8.145737E-1	1.053488E-2
6.000000E+4	2.700000E+5	7.847869E-1	9.532769E-3
7.500000E+4	2.700000E+5	7.497603E-1	7.135821E-3
9.000000E+4	2.700000E+5	7.227809E-1	1.149307E-2
1.050000E+5	2.700000E+5	6.958341E-1	1.212146E-2
1.200000E+5	2.700000E+5	6.762730E-1	2.289101E-2
1.350000E+5	2.700000E+5	6.435026E-1	1.545967E-2
1.500000E+5	2.700000E+5	6.370583E-1	1.644476E-2
1.650000E+5	2.700000E+5	6.233556E-1	9.732804E-3
1.800000E+5	2.700000E+5	5.927026E-1	7.580406E-3
1.950000E+5	2.700000E+5	6.168197E-1	1.162166E-2
2.100000E+5	2.700000E+5	5.808872E-1	1.016682E-2
2.250000E+5	2.700000E+5	5.755954E-1	9.308912E-3
2.400000E+5	2.700000E+5	5.525830E-1	8.509157E-3
2.550000E+5	2.700000E+5	5.256097E-1	7.733472E-3
2.700000E+5	2.700000E+5	5.010260E-1	1.079334E-2
2.850000E+5	2.700000E+5	4.744908E-1	7.733101E-3
3.000000E+5	2.700000E+5	4.626570E-1	1.204182E-2
-3.000000E+5	2.850000E+5	4.557012E-1	6.646876E-3
-2.850000E+5	2.850000E+5	4.972342E-1	5.403470E-3
-2.700000E+5	2.850000E+5	5.102460E-1	1.546652E-2
-2.550000E+5	2.850000E+5	5.197208E-1	7.933815E-3
-2.400000E+5	2.850000E+5	5.297357E-1	8.181410E-3
-2.250000E+5	2.850000E+5	5.764422E-1	9.393836E-3
-2.100000E+5	2.850000E+5	5.869238E-1	6.934575E-3
-1.950000E+5	2.850000E+5	6.092321E-1	6.462183E-3
-1.800000E+5	2.850000E+5	6.592046E-1	1.485117E-2
-1.650000E+5	2.850000E+5	6.586757E-1	1.146343E-2
-1.500000E+5	2.850000E+5	7.215346E-1	8.742461E-3
-1.350000E+5	2.850000E+5	7.616920E-1	7.950664E-3
-1.200000E+5	2.850000E+5	7.637799E-1	6.998021E-3
-1.050000E+5	2.850000E+5	7.955161E-1	1.468198E-2
-9.000000E+4	2.850000E+5	8.160656E-1	8.894154E-3
-7.500000E+4	2.850000E+5	8.446927E-1	6.968082E-3
-6.000000E+4	2.850000E+5	8.359781E-1	1.278634E-2
-4.500000E+4	2.850000E+5	8.382811E-1	1.009400E-2
-3.000000E+4	2.850000E+5	8.070779E-1	8.941403E-3
-1.500000E+4	2.850000E+5	8.232170E-1	8.293995E-3
0.000000E+0	2.850000E+5	7.995708E-1	1.163587E-2
1.500000E+4	2.850000E+5	7.626172E-1	7.557825E-3
3.000000E+4	2.850000E+5	7.274113E-1	9.201225E-3
4.500000E+4	2.850000E+5	7.147592E-1	7.627161E-3
6.000000E+4	2.850000E+5	6.737591E-1	8.394914E-3
7.500000E+4	2.850000E+5	6.565164E-1	1.591641E-2
9.000000E+4	2.850000E+5	6.445532E-1	1.082464E-2
1.050000E+5	2.850000E+5	6.334112E-1	1.163312E-2
1.200000E+5	2.850000E+5	6.263332E-1	1.654509E-2
1.350000E+5	2.850000E+5	6.017627E-1	5.319327E-3
1.500000E+5	2.850000E+5	6.069128E-1	1.528866E-2
1.650000E+5	2.850000E+5	5.892033E-1	1.050413E-2
1.800000E+5	2.850000E+5	5.684328E-1	2.171551E-2
1.950000E+5	2.850000E+5	5.613628E-1	6.510703E-3
2.100000E+5	2.850000E+5	5.480249E-1	5.261807E-3
2.250000E+5	2.850000E+5	5.337435E-1	5.399234E-3
2.400000E+5	2.850000E+5	5.082192E-1	1.535992E-2
2.550000E+5	2.850000E+5	5.071777E-1	1.107544E-2
2.700000E+5	2.850000E+5	4.786280E-1	6.847319E-3
2.850000E+5	2.850000E+5	4.630962E-1	9.514178E-3
3.000000E+5	2.850000E+5	4.416500E-1	8.106222E-3
-3.000000E+5	3.000000E+5	3.924571E-1	1.049923E-2
-2.850000E+5	3.000000E+5	4.237316E-1	9.049796E-3
-2.700000E+5	3.000000E+5	4.245856E-1	6.772805E-3
-2.550000E+5	3.000000E+5	4.466177E-1	1.075624E-2
-2.400000E+5	3.000000E+5	4.550348E-1	6.775288E-3
-2.250000E+5	3.000000E+5	4.500650E-1	1.545206E-2
-2.100000E+5	3.000000E+5	4.923439E-1	1.406590E-2
-1.950000E+5	3.000000E+5	5.262568E-1	1.180851E-2
-1.800000E+5	3.000000E+5	5.508232E-1	1.617905E-2
-1.650000E+5	3.000000E+5	5.667208E-1	7.039027E-3
-1.500000E+5	3.000000E+5	6.201304E-1	5.353032E-3
-1.350000E+5	3.000000E+5	6.326205E-1	1.643894E-2
-1.200000E+5	3.000000E+5	6.676501E-1	1.098929E-2
-1.050000E+5	3.000000E+5	6.917896E-1	7.194322E-3
-9.000000E+4	3.000000E+5	7.138248E-1	1.569382E-2
-7.500000E+4	3.000000E+5	7.261131E-1	1.022912E-2
-6.000000E+4	3.000000E+5	7.330240E-1	1.007297E-2
-4.500000E+4	3.000000E+5	7.335427E-1	1.810193E-2
-3.000000E+4	3.000000E+5	7.243400E-1	9.628264E-3
-1.500000E+4	3.000000E+5	7.198787E-1	1.569751E-2
0.000000E+0	3.000000E+5	7.122830E-1	6.050425E-3
1.500000E+4	3.000000E+5	6.969631E-1	1.211345E-2
3.000000E+4	3.000000E+5	6.445827E-1	8.520171E-3
4.500000E+4	3.000000E+5	6.510698E-1	6.231638E-3
6.000000E+4	3.000000E+5	6.109624E-1	6.931810E-3
7.500000E+4	3.000000E+5	6.182432E-1	1.068803E-2
9.000000E+4	3.000000E+5	5.899880E-1	1.931723E-2
1.050000E+5	3.000000E+5	5.700673E-1	7.540811E-3
1.200000E+5	3.000000E+5	5.651943E-1	9.201326E-3
1.350000E+5	3.000000E+5	5.682768E-1	7.529686E-3
1.500000E+5	3.000000E+5	5.508272E-1	1.670357E-2
1.650000E+5	3.000000E+5	5.437481E-1	5.066798E-3
1.800000E+5	3.000000E+5	5.399177E-1	7.033534E-3
1.950000E+5	3.000000E+5	5.269161E-1	1.027757E-2
2.100000E+5	3.000000E+5	5.163000E-1	1.084830E-2
2.250000E+5	3.000000E+5	5.098537E-1	1.111377E-2
2.400000E+5	3.000000E+5	4.756953E-1	9.301533E-3
2.550000E+5	3.000000E+5	4.681729E-1	4.943144E-3
2.700000E+5	3.000000E+5	4.464170E-1	5.640974E-3
2.850000E+5	3.000000E+5	4.423827E-1	8.809943E-3
3.000000E+5	3.000000E+5	4.301249E-1	5.686119E-3
