-3.400000E+5	-3.400000E+5	5.627833E-1	3.257702E-2
-3.200000E+5	-3.400000E+5	7.008354E-1	1.429281E-1
-3.000000E+5	-3.400000E+5	5.239986E-1	2.255612E-2
-2.800000E+5	-3.400000E+5	6.425875E-1	2.164201E-1
-2.600000E+5	-3.400000E+5	8.239262E-1	9.520312E-2
-2.400000E+5	-3.400000E+5	7.146186E-1	3.522094E-2
-2.200000E+5	-3.400000E+5	9.416795E-1	1.519228E-1
-2.000000E+5	-3.400000E+5	3.560117E-2	3.674362E-1
-1.800000E+5	-3.400000E+5	9.084780E-1	1.170477E-2
-1.600000E+5	-3.400000E+5	9.699582E-1	7.559366E-3
-1.400000E+5	-3.400000E+5	9.968449E-1	1.268859E-2
-1.200000E+5	-3.400000E+5	1.040300E+0	1.046578E-2
-1.000000E+5	-3.400000E+5	1.074324E+0	7.790276E-3
-8.000000E+4	-3.400000E+5	1.125330E+0	8.890140E-3
-6.000000E+4	-3.400000E+5	1.142625E+0	9.677395E-3
-4.000000E+4	-3.400000E+5	1.202963E+0	1.373209E-2
-2.000000E+4	-3.400000E+5	1.230299E+0	1.258896E-2
0.000000E+0	-3.400000E+5	1.253577E+0	8.050641E-3
2.000000E+4	-3.400000E+5	1.263940E+0	1.278117E-2
4.000000E+4	-3.400000E+5	1.259009E+0	1.755338E-2
6.000000E+4	-3.400000E+5	1.246514E+0	1.654864E-2
8.000000E+4	-3.400000E+5	1.201042E+0	1.077202E-2
1.000000E+5	-3.400000E+5	1.223304E+0	1.217232E-2
1.200000E+5	-3.400000E+5	1.164483E+0	5.104152E-3
1.400000E+5	-3.400000E+5	1.125690E+0	8.153709E-3
1.600000E+5	-3.400000E+5	1.089029E+0	1.213468E-2
1.800000E+5	-3.400000E+5	1.017551E+0	9.501555E-3
2.000000E+5	-3.400000E+5	9.519451E-1	2.042779E-2
2.200000E+5	-3.400000E+5	9.192194E-1	1.014865E-2
2.400000E+5	-3.400000E+5	8.099688E-1	4.775521E-3
2.600000E+5	-3.400000E+5	7.541574E-1	8.740117E-3
2.800000E+5	-3.400000E+5	7.070157E-1	7.595427E-3
3.000000E+5	-3.400000E+5	6.626947E-1	5.999312E-3
3.200000E+5	-3.400000E+5	6.030589E-1	1.556305E-2
3.400000E+5	-3.400000E+5	5.750278E-1	9.945051E-3
-3.400000E+5	-3.200000E+5	5.457475E-1	6.718653E-3
-3.200000E+5	-3.200000E+5	6.267133E-1	9.902255E-3
-3.000000E+5	-3.200000E+5	6.907206E-1	9.866547E-3
-2.800000E+5	-3.200000E+5	7.021703E-1	2.754899E-2
-2.600000E+5	-3.200000E+5	7.792027E-1	7.368133E-3
-2.400000E+5	-3.200000E+5	8.490928E-1	1.483327E-2
-2.200000E+5	-3.200000E+5	9.395783E-1	1.438871E-2
-2.000000E+5	-3.200000E+5	1.007283E+0	1.492666E-2
-1.800000E+5	-3.200000E+5	1.049701E+0	1.045150E-2
-1.600000E+5	-3.200000E+5	1.077200E+0	6.886747E-3
-1.400000E+5	-3.200000E+5	1.073097E+0	1.147920E-2
-1.200000E+5	-3.200000E+5	1.169604E+0	4.941519E-3
-1.000000E+5	-3.200000E+5	1.209872E+0	1.688619E-2
-8.000000E+4	-3.200000E+5	1.260924E+0	2.601841E-2
-6.000000E+4	-3.200000E+5	1.324924E+0	6.190038E-3
-4.000000E+4	-3.200000E+5	1.355219E+0	1.151908E-2
-2.000000E+4	-3.200000E+5	1.403281E+0	9.660012E-3
0.000000E+0	-3.200000E+5	1.403289E+0	6.233189E-3
2.000000E+4	-3.200000E+5	1.441283E+0	4.857148E-3
4.000000E+4	-3.200000E+5	1.412398E+0	1.366734E-2
6.000000E+4	-3.200000E+5	1.403526E+0	7.938851E-3
8.000000E+4	-3.200000E+5	1.391675E+0	8.552724E-3
1.000000E+5	-3.200000E+5	1.373478E+0	8.922450E-3
1.200000E+5	-3.200000E+5	1.336801E+0	7.441376E-3
1.400000E+5	-3.200000E+5	1.276177E+0	7.268450E-3
1.600000E+5	-3.200000E+5	1.219632E+0	1.077568E-2
1.800000E+5	-3.200000E+5	1.157318E+0	1.206186E-2
2.000000E+5	-3.200000E+5	1.078015E+0	6.705183E-3
2.200000E+5	-3.200000E+5	1.031441E+0	8.046459E-3
2.400000E+5	-3.200000E+5	9.339299E-1	6.807741E-3
2.600000E+5	-3.200000E+5	8.545150E-1	1.270259E-2
2.800000E+5	-3.200000E+5	7.763953E-1	1.907873E-2
3.000000E+5	-3.200000E+5	7.398117E-1	1.292980E-2
3.200000E+5	-3.200000E+5	6.891605E-1	7.336560E-3
3.400000E+5	-3.200000E+5	6.384819E-1	1.549564E-2
-3.400000E+5	-3.000000E+5	6.632286E-1	9.231939E-3
-3.200000E+5	-3.000000E+5	7.135455E-1	8.198278E-3
-3.000000E+5	-3.000000E+5	7.375454E-1	9.320678E-3
-2.800000E+5	-3.000000E+5	8.461122E-1	2.301533E-2
-2.600000E+5	-3.000000E+5	9.184643E-1	1.453269E-2
-2.400000E+5	-3.000000E+5	9.267764E-1	1.283387E-2
-2.200000E+5	-3.000000E+5	1.012644E+0	2.036414E-2
-2.000000E+5	-3.000000E+5	1.084311E+0	7.850282E-3
-1.800000E+5	-3.000000E+5	1.115666E+0	1.738335E-2
-1.600000E+5	-3.000000E+5	1.174628E+0	1.262791E-2
-1.400000E+5	-3.000000E+5	1.220192E+0	1.876501E-2
-1.200000E+5	-3.000000E+5	1.282487E+0	1.454036E-2
-1.000000E+5	-3.000000E+5	1.330724E+0	7.585817E-3
-8.000000E+4	-3.000000E+5	1.397782E+0	9.768345E-3
-6.000000E+4	-3.000000E+5	1.456956E+0	1.613403E-2
-4.000000E+4	-3.000000E+5	1.506125E+0	1.056693E-2
-2.000000E+4	-3.000000E+5	1.535911E+0	1.709685E-2
0.000000E+0	-3.000000E+5	1.565085E+0	6.950424E-3
2.000000E+4	-3.000000E+5	1.566668E+0	9.728313E-3
4.000000E+4	-3.000000E+5	1.589713E+0	1.248338E-2
6.000000E+4	-3.000000E+5	1.586909E+0	2.681442E-2
8.000000E+4	-3.000000E+5	1.573476E+0	7.689509E-3
1.000000E+5	-3.000000E+5	1.547670E+0	1.325235E-2
1.200000E+5	-3.000000E+5	1.508420E+0	1.918369E-2
1.400000E+5	-3.000000E+5	1.439419E+0	1.997003E-2
1.600000E+5	-3.000000E+5	1.361331E+0	1.123856E-2
1.800000E+5	-3.000000E+5	1.300579E+0	1.143305E-2
2.000000E+5	-3.000000E+5	1.226326E+0	1.691394E-2
2.200000E+5	-3.000000E+5	1.111515E+0	9.577892E-3
2.400000E+5	-3.000000E+5	1.014543E+0	1.688869E-2
2.600000E+5	-3.000000E+5	9.333868E-1	6.289044E-3
2.800000E+5	-3.000000E+5	8.324921E-1	1.731902E-2
3.000000E+5	-3.000000E+5	7.907624E-1	9.008963E-3
3.200000E+5	-3.000000E+5	7.573082E-1	7.989613E-3
3.400000E+5	-3.000000E+5	7.018625E-1	1.292811E-2
-3.400000E+5	-2.800000E+5	7.090609E-1	9.820750E-3
-3.200000E+5	-2.800000E+5	7.539994E-1	7.377663E-3
-3.000000E+5	-2.800000E+5	7.989461E-1	7.023328E-3
-2.800000E+5	-2.800000E+5	8.772523E-1	1.501719E-2
-2.600000E+5	-2.800000E+5	9.495636E-1	8.579460E-3
-2.400000E+5	-2.800000E+5	1.044589E+0	1.395348E-2
-2.200000E+5	-2.800000E+5	1.089099E+0	6.666054E-3
-2.000000E+5	-2.800000E+5	1.152005E+0	1.644526E-2
-1.800000E+5	-2.800000E+5	1.220240E+0	8.847335E-3
-1.600000E+5	-2.800000E+5	1.254852E+0	1.231809E-2
-1.400000E+5	-2.800000E+5	1.327547E+0	9.853590E-3
-1.200000E+5	-2.800000E+5	1.387925E+0	6.067671E-3
-1.000000E+5	-2.800000E+5	1.470187E+0	5.115334E-3
-8.000000E+4	-2.800000E+5	1.539085E+0	1.382027E-2
-6.000000E+4	-2.800000E+5	1.594173E+0	1.906177E-2
-4.000000E+4	-2.800000E+5	1.636872E+0	5.417245E-3
-2.000000E+4	-2.800000E+5	1.676390E+0	6.227358E-3
0.000000E+0	-2.800000E+5	1.701032E+0	1.132342E-2
2.000000E+4	-2.800000E+5	1.768246E+0	1.444106E-2
4.000000E+4	-2.800000E+5	1.747612E+0	1.286262E-2
6.000000E+4	-2.800000E+5	1.699110E+0	1.721625E-2
8.000000E+4	-2.800000E+5	1.725105E+0	1.351961E-2
1.000000E+5	-2.800000E+5	1.746373E+0	8.219657E-3
1.200000E+5	-2.800000E+5	1.641165E+0	8.444769E-3
1.400000E+5	-2.800000E+5	1.581160E+0	1.019199E-2
1.600000E+5	-2.800000E+5	1.488347E+0	1.040444E-2
1.800000E+5	-2.800000E+5	1.411907E+0	1.217979E-2
2.000000E+5	-2.800000E+5	1.321646E+0	6.878171E-3
2.200000E+5	-2.800000E+5	1.229264E+0	6.632310E-3
2.400000E+5	-2.800000E+5	1.164813E+0	1.339320E-2
2.600000E+5	-2.800000E+5	1.024587E+0	1.365803E-2
2.800000E+5	-2.800000E+5	9.576332E-1	1.527493E-2
3.000000E+5	-2.800000E+5	8.711566E-1	9.048031E-3
3.200000E+5	-2.800000E+5	8.109216E-1	1.232176E-2
3.400000E+5	-2.800000E+5	7.671294E-1	9.345045E-3
-3.400000E+5	-2.600000E+5	7.327723E-1	1.002189E-2
-3.200000E+5	-2.600000E+5	8.046220E-1	1.210950E-2
-3.000000E+5	-2.600000E+5	8.479302E-1	1.681871E-2
-2.800000E+5	-2.600000E+5	9.237153E-1	1.526433E-2
-2.600000E+5	-2.600000E+5	1.004923E+0	8.703710E-3
-2.400000E+5	-2.600000E+5	1.037689E+0	2.328370E-2
-2.200000E+5	-2.600000E+5	1.130391E+0	7.263983E-3
-2.000000E+5	-2.600000E+5	1.222668E+0	6.983084E-3
-1.800000E+5	-2.600000E+5	1.260548E+0	6.298136E-3
-1.600000E+5	-2.600000E+5	1.327897E+0	1.299027E-2
-1.400000E+5	-2.600000E+5	1.427931E+0	8.860687E-3
-1.200000E+5	-2.600000E+5	1.506879E+0	5.394825E-3
-1.000000E+5	-2.600000E+5	1.585230E+0	1.281252E-2
-8.000000E+4	-2.600000E+5	1.652915E+0	8.400359E-3
-6.000000E+4	-2.600000E+5	1.693734E+0	1.955854E-2
-4.000000E+4	-2.600000E+5	1.746911E+0	1.262604E-2
-2.000000E+4	-2.600000E+5	1.835239E+0	9.481055E-3
0.000000E+0	-2.600000E+5	1.834169E+0	6.817123E-3
2.000000E+4	-2.600000E+5	1.914356E+0	9.811630E-3
4.000000E+4	-2.600000E+5	1.905728E+0	5.096753E-3
6.000000E+4	-2.600000E+5	1.923741E+0	2.170688E-2
8.000000E+4	-2.600000E+5	1.903111E+0	8.201204E-3
1.000000E+5	-2.600000E+5	1.852872E+0	9.161426E-3
1.200000E+5	-2.600000E+5	1.802604E+0	9.135586E-3
1.400000E+5	-2.600000E+5	1.677187E+0	7.101859E-3
1.600000E+5	-2.600000E+5	1.617181E+0	5.976677E-3
1.800000E+5	-2.600000E+5	1.484058E+0	1.123069E-2
2.000000E+5	-2.600000E+5	1.395478E+0	6.898414E-3
2.200000E+5	-2.600000E+5	1.309976E+0	1.883223E-2
2.400000E+5	-2.600000E+5	1.211557E+0	9.900199E-3
2.600000E+5	-2.600000E+5	1.106224E+0	1.868202E-2
2.800000E+5	-2.600000E+5	9.876513E-1	1.721603E-2
3.000000E+5	-2.600000E+5	9.427566E-1	1.775975E-2
3.200000E+5	-2.600000E+5	8.536203E-1	2.044513E-2
3.400000E+5	-2.600000E+5	8.073020E-1	7.842225E-3
-3.400000E+5	-2.400000E+5	7.695893E-1	8.303074E-3
-3.200000E+5	-2.400000E+5	8.164650E-1	5.767803E-3
-3.000000E+5	-2.400000E+5	9.102714E-1	6.027437E-3
-2.800000E+5	-2.400000E+5	9.705645E-1	5.970423E-3
-2.600000E+5	-2.400000E+5	1.047090E+0	5.591313E-3
-2.400000E+5	-2.400000E+5	1.125501E+0	1.571272E-2
-2.200000E+5	-2.400000E+5	1.148233E+0	1.389758E-2
-2.000000E+5	-2.400000E+5	1.264717E+0	3.419251E-2
-1.800000E+5	-2.400000E+5	1.341874E+0	2.130698E-2
-1.600000E+5	-2.400000E+5	1.403732E+0	7.573691E-3
-1.400000E+5	-2.400000E+5	1.500441E+0	7.870542E-3
-1.200000E+5	-2.400000E+5	1.587373E+0	8.013289E-3
-1.000000E+5	-2.400000E+5	1.673113E+0	8.328203E-3
-8.000000E+4	-2.400000E+5	1.760901E+0	1.938604E-2
-6.000000E+4	-2.400000E+5	1.835687E+0	1.799970E-2
-4.000000E+4	-2.400000E+5	1.846576E+0	1.058331E-2
-2.000000E+4	-2.400000E+5	1.870329E+0	9.151641E-3
0.000000E+0	-2.400000E+5	1.887727E+0	8.395194E-3
2.000000E+4	-2.400000E+5	1.885497E+0	1.276579E-2
4.000000E+4	-2.400000E+5	1.929826E+0	9.252433E-3
6.000000E+4	-2.400000E+5	1.931096E+0	1.356020E-2
8.000000E+4	-2.400000E+5	1.894435E+0	8.177727E-3
1.000000E+5	-2.400000E+5	1.882696E+0	5.051202E-3
1.200000E+5	-2.400000E+5	1.779359E+0	1.299534E-2
1.400000E+5	-2.400000E+5	1.682645E+0	1.454033E-2
1.600000E+5	-2.400000E+5	1.589245E+0	8.985105E-3
1.800000E+5	-2.400000E+5	1.501065E+0	1.466713E-2
2.000000E+5	-2.400000E+5	1.391271E+0	5.687340E-3
2.200000E+5	-2.400000E+5	1.321047E+0	8.843169E-3
2.400000E+5	-2.400000E+5	1.206093E+0	8.518273E-3
2.600000E+5	-2.400000E+5	1.137306E+0	7.793292E-3
2.800000E+5	-2.400000E+5	1.056434E+0	1.733997E-2
3.000000E+5	-2.400000E+5	9.550480E-1	6.446127E-3
3.200000E+5	-2.400000E+5	8.739639E-1	1.378616E-2
3.400000E+5	-2.400000E+5	8.693774E-1	5.757318E-2
-3.400000E+5	-2.200000E+5	6.265696E-1	5.422405E-2
-3.200000E+5	-2.200000E+5	9.941272E-1	1.393657E-2
-3.000000E+5	-2.200000E+5	1.002708E+0	9.362171E-3
-2.800000E+5	-2.200000E+5	1.041730E+0	8.412543E-3
-2.600000E+5	-2.200000E+5	1.056579E+0	2.438430E-2
-2.400000E+5	-2.200000E+5	1.189656E+0	1.324598E-2
-2.200000E+5	-2.200000E+5	1.223363E+0	3.225529E-2
-2.000000E+5	-2.200000E+5	1.317808E+0	1.161429E-2
-1.800000E+5	-2.200000E+5	1.410123E+0	1.094968E-2
-1.600000E+5	-2.200000E+5	1.501560E+0	5.076288E-3
-1.400000E+5	-2.200000E+5	1.613416E+0	8.740624E-3
-1.200000E+5	-2.200000E+5	1.713465E+0	1.034093E-2
-1.000000E+5	-2.200000E+5	1.816854E+0	9.540338E-3
-8.000000E+4	-2.200000E+5	1.887342E+0	1.799175E-2
-6.000000E+4	-2.200000E+5	1.970349E+0	1.907745E-2
-4.000000E+4	-2.200000E+5	1.995313E+0	1.784201E-2
-2.000000E+4	-2.200000E+5	1.989399E+0	8.528690E-3
0.000000E+0	-2.200000E+5	2.021985E+0	1.675476E-2
2.000000E+4	-2.200000E+5	2.017358E+0	1.470927E-2
4.000000E+4	-2.200000E+5	2.060236E+0	8.259262E-3
6.000000E+4	-2.200000E+5	2.094980E+0	1.186156E-2
8.000000E+4	-2.200000E+5	2.083666E+0	9.213633E-3
1.000000E+5	-2.200000E+5	2.057525E+0	2.131240E-2
1.200000E+5	-2.200000E+5	2.008858E+0	1.130078E-2
1.400000E+5	-2.200000E+5	1.897201E+0	1.495365E-2
1.600000E+5	-2.200000E+5	1.784825E+0	1.144743E-2
1.800000E+5	-2.200000E+5	1.692365E+0	7.633112E-3
2.000000E+5	-2.200000E+5	1.563021E+0	7.659389E-3
2.200000E+5	-2.200000E+5	1.461627E+0	4.664840E-3
2.400000E+5	-2.200000E+5	1.360192E+0	8.371967E-3
2.600000E+5	-2.200000E+5	1.289412E+0	8.521356E-3
2.800000E+5	-2.200000E+5	1.162170E+0	8.228757E-3
3.000000E+5	-2.200000E+5	1.108262E+0	1.365884E-2
3.200000E+5	-2.200000E+5	9.871408E-1	9.923715E-3
3.400000E+5	-2.200000E+5	9.232374E-1	1.467694E-2
-3.400000E+5	-2.000000E+5	9.556655E-1	6.676236E-3
-3.200000E+5	-2.000000E+5	1.016307E+0	1.718683E-2
-3.000000E+5	-2.000000E+5	1.104282E+0	7.602988E-3
-2.800000E+5	-2.000000E+5	1.165414E+0	4.949223E-3
-2.600000E+5	-2.000000E+5	1.222624E+0	1.419627E-2
-2.400000E+5	-2.000000E+5	1.321054E+0	2.772494E-2
-2.200000E+5	-2.000000E+5	1.350636E+0	8.284740E-3
-2.000000E+5	-2.000000E+5	1.426849E+0	9.169555E-3
-1.800000E+5	-2.000000E+5	1.517798E+0	1.913971E-2
-1.600000E+5	-2.000000E+5	1.618381E+0	4.953507E-3
-1.400000E+5	-2.000000E+5	1.763716E+0	8.949381E-3
-1.200000E+5	-2.000000E+5	1.862699E+0	1.284462E-2
-1.000000E+5	-2.000000E+5	1.995284E+0	6.108930E-3
-8.000000E+4	-2.000000E+5	2.058059E+0	1.963252E-2
-6.000000E+4	-2.000000E+5	2.091745E+0	5.711508E-3
-4.000000E+4	-2.000000E+5	2.117851E+0	7.078038E-3
-2.000000E+4	-2.000000E+5	2.111015E+0	9.847263E-3
0.000000E+0	-2.000000E+5	2.154642E+0	6.768170E-3
2.000000E+4	-2.000000E+5	2.160890E+0	7.581847E-3
4.000000E+4	-2.000000E+5	2.172464E+0	1.443616E-2
6.000000E+4	-2.000000E+5	2.203458E+0	9.618886E-3
8.000000E+4	-2.000000E+5	2.161009E+0	1.180330E-2
1.000000E+5	-2.000000E+5	2.123368E+0	8.612255E-3
1.200000E+5	-2.000000E+5	2.075745E+0	8.603950E-3
1.400000E+5	-2.000000E+5	1.999856E+0	1.472085E-2
1.600000E+5	-2.000000E+5	1.885134E+0	1.582982E-2
1.800000E+5	-2.000000E+5	1.768081E+0	2.196511E-2
2.000000E+5	-2.000000E+5	1.659492E+0	1.703918E-2
2.200000E+5	-2.000000E+5	1.536034E+0	7.674919E-3
2.400000E+5	-2.000000E+5	1.454821E+0	6.862411E-3
2.600000E+5	-2.000000E+5	1.348894E+0	8.454033E-3
2.800000E+5	-2.000000E+5	1.257797E+0	6.016608E-3
3.000000E+5	-2.000000E+5	1.153370E+0	7.101563E-3
3.200000E+5	-2.000000E+5	1.060678E+0	5.845467E-3
3.400000E+5	-2.000000E+5	1.034575E+0	1.526178E-2
-3.400000E+5	-1.800000E+5	1.024960E+0	8.284562E-3
-3.200000E+5	-1.800000E+5	1.104734E+0	1.808752E-2
-3.000000E+5	-1.800000E+5	1.190476E+0	8.273268E-3
-2.800000E+5	-1.800000E+5	1.250144E+0	9.298518E-3
-2.600000E+5	-1.800000E+5	1.312427E+0	7.993031E-3
-2.400000E+5	-1.800000E+5	1.359451E+0	5.976960E-3
-2.200000E+5	-1.800000E+5	1.411039E+0	7.241754E-3
-2.000000E+5	-1.800000E+5	1.535883E+0	2.752526E-2
-1.800000E+5	-1.800000E+5	1.671708E+0	2.671873E-2
-1.600000E+5	-1.800000E+5	1.753270E+0	1.206683E-2
-1.400000E+5	-1.800000E+5	1.963997E+0	3.841796E-2
-1.200000E+5	-1.800000E+5	2.053342E+0	6.692493E-3
-1.000000E+5	-1.800000E+5	2.154428E+0	1.033290E-2
-8.000000E+4	-1.800000E+5	2.219953E+0	9.601959E-3
-6.000000E+4	-1.800000E+5	2.258237E+0	1.044752E-2
-4.000000E+4	-1.800000E+5	2.326035E+0	2.915553E-2
-2.000000E+4	-1.800000E+5	2.326076E+0	1.339693E-2
0.000000E+0	-1.800000E+5	2.315398E+0	6.749147E-3
2.000000E+4	-1.800000E+5	2.312700E+0	9.330678E-3
4.000000E+4	-1.800000E+5	2.304433E+0	1.844704E-2
6.000000E+4	-1.800000E+5	2.286575E+0	1.137131E-2
8.000000E+4	-1.800000E+5	2.255839E+0	1.495604E-2
1.000000E+5	-1.800000E+5	2.164895E+0	8.888551E-3
1.200000E+5	-1.800000E+5	2.092517E+0	9.960651E-3
1.400000E+5	-1.800000E+5	2.023067E+0	9.308009E-3
1.600000E+5	-1.800000E+5	1.973013E+0	8.561999E-3
1.800000E+5	-1.800000E+5	1.874006E+0	1.507262E-2
2.000000E+5	-1.800000E+5	1.758851E+0	1.355620E-2
2.200000E+5	-1.800000E+5	1.630020E+0	1.149917E-2
2.400000E+5	-1.800000E+5	1.511447E+0	1.095937E-2
2.600000E+5	-1.800000E+5	1.416999E+0	1.135626E-2
2.800000E+5	-1.800000E+5	1.334790E+0	1.400224E-2
3.000000E+5	-1.800000E+5	1.223040E+0	8.069461E-3
3.200000E+5	-1.800000E+5	1.140556E+0	7.392531E-3
3.400000E+5	-1.800000E+5	1.041062E+0	1.052807E-2
-3.400000E+5	-1.600000E+5	1.075598E+0	1.449768E-2
-3.200000E+5	-1.600000E+5	1.203994E+0	7.506934E-3
-3.000000E+5	-1.600000E+5	1.296904E+0	1.420360E-2
-2.800000E+5	-1.600000E+5	1.333057E+0	2.804066E-2
-2.600000E+5	-1.600000E+5	1.375723E+0	9.000046E-3
-2.400000E+5	-1.600000E+5	1.445274E+0	1.462941E-2
-2.200000E+5	-1.600000E+5	1.521015E+0	9.295612E-3
-2.000000E+5	-1.600000E+5	1.646728E+0	1.509215E-2
-1.800000E+5	-1.600000E+5	1.759454E+0	3.033505E-2
-1.600000E+5	-1.600000E+5	1.918243E+0	1.277893E-2
-1.400000E+5	-1.600000E+5	2.050456E+0	2.639622E-2
-1.200000E+5	-1.600000E+5	2.203929E+0	1.018058E-2
-1.000000E+5	-1.600000E+5	2.306224E+0	5.170927E-3
-8.000000E+4	-1.600000E+5	2.412079E+0	1.314286E-2
-6.000000E+4	-1.600000E+5	2.470257E+0	6.660498E-3
-4.000000E+4	-1.600000E+5	2.508738E+0	9.258115E-3
-2.000000E+4	-1.600000E+5	2.523231E+0	7.670160E-3
0.000000E+0	-1.600000E+5	2.550486E+0	1.925826E-2
2.000000E+4	-1.600000E+5	2.509981E+0	6.237386E-3
4.000000E+4	-1.600000E+5	2.508058E+0	2.740291E-2
6.000000E+4	-1.600000E+5	2.443901E+0	8.250088E-3
8.000000E+4	-1.600000E+5	2.347166E+0	1.247485E-2
1.000000E+5	-1.600000E+5	2.264120E+0	1.482985E-2
1.200000E+5	-1.600000E+5	2.191669E+0	7.151980E-3
1.400000E+5	-1.600000E+5	2.088451E+0	1.367433E-2
1.600000E+5	-1.600000E+5	1.998257E+0	6.472201E-3
1.800000E+5	-1.600000E+5	1.938847E+0	7.298044E-3
2.000000E+5	-1.600000E+5	1.846342E+0	8.902127E-3
2.200000E+5	-1.600000E+5	1.704107E+0	9.592818E-3
2.400000E+5	-1.600000E+5	1.600447E+0	1.673208E-2
2.600000E+5	-1.600000E+5	1.488804E+0	1.521052E-2
2.800000E+5	-1.600000E+5	1.393261E+0	9.824289E-3
3.000000E+5	-1.600000E+5	1.301314E+0	6.341645E-3
3.200000E+5	-1.600000E+5	1.217337E+0	1.749160E-2
3.400000E+5	-1.600000E+5	1.116055E+0	6.346285E-3
-3.400000E+5	-1.400000E+5	1.119443E+0	1.436527E-2
-3.200000E+5	-1.400000E+5	1.202690E+0	1.176473E-2
-3.000000E+5	-1.400000E+5	1.312411E+0	6.906693E-3
-2.800000E+5	-1.400000E+5	1.333366E+0	9.153878E-3
-2.600000E+5	-1.400000E+5	1.407744E+0	8.504376E-3
-2.400000E+5	-1.400000E+5	1.480073E+0	1.092396E-2
-2.200000E+5	-1.400000E+5	1.578474E+0	9.104665E-3
-2.000000E+5	-1.400000E+5	1.697802E+0	1.071601E-2
-1.800000E+5	-1.400000E+5	1.840977E+0	1.359209E-2
-1.600000E+5	-1.400000E+5	2.010024E+0	5.772816E-3
-1.400000E+5	-1.400000E+5	2.163778E+0	2.842066E-2
-1.200000E+5	-1.400000E+5	2.346271E+0	9.488800E-3
-1.000000E+5	-1.400000E+5	2.467886E+0	5.588063E-3
-8.000000E+4	-1.400000E+5	2.538130E+0	2.597855E-2
-6.000000E+4	-1.400000E+5	2.632346E+0	1.950320E-2
-4.000000E+4	-1.400000E+5	2.703154E+0	1.418245E-2
-2.000000E+4	-1.400000E+5	2.721802E+0	7.294337E-3
0.000000E+0	-1.400000E+5	2.728832E+0	9.790999E-3
2.000000E+4	-1.400000E+5	2.729955E+0	9.416206E-3
4.000000E+4	-1.400000E+5	2.679368E+0	1.492458E-2
6.000000E+4	-1.400000E+5	2.596758E+0	1.270314E-2
8.000000E+4	-1.400000E+5	2.499868E+0	8.756103E-3
1.000000E+5	-1.400000E+5	2.367707E+0	1.339091E-2
1.200000E+5	-1.400000E+5	2.256700E+0	1.437807E-2
1.400000E+5	-1.400000E+5	2.137145E+0	1.392360E-2
1.600000E+5	-1.400000E+5	2.075433E+0	6.887781E-3
1.800000E+5	-1.400000E+5	1.950534E+0	5.809267E-3
2.000000E+5	-1.400000E+5	1.881303E+0	8.866763E-3
2.200000E+5	-1.400000E+5	1.768576E+0	1.557232E-2
2.400000E+5	-1.400000E+5	1.657280E+0	8.699832E-3
2.600000E+5	-1.400000E+5	1.533032E+0	7.544111E-3
2.800000E+5	-1.400000E+5	1.426583E+0	7.846375E-3
3.000000E+5	-1.400000E+5	1.331563E+0	4.609222E-3
3.200000E+5	-1.400000E+5	1.216208E+0	1.107646E-2
3.400000E+5	-1.400000E+5	1.135037E+0	8.238381E-3
-3.400000E+5	-1.200000E+5	1.137150E+0	9.906330E-3
-3.200000E+5	-1.200000E+5	1.236985E+0	6.692567E-3
-3.000000E+5	-1.200000E+5	1.305916E+0	5.493371E-3
-2.800000E+5	-1.200000E+5	1.397465E+0	2.794198E-2
-2.600000E+5	-1.200000E+5	1.438153E+0	6.607452E-3
-2.400000E+5	-1.200000E+5	1.529230E+0	1.554353E-2
-2.200000E+5	-1.200000E+5	1.629692E+0	1.219475E-2
-2.000000E+5	-1.200000E+5	1.757176E+0	1.154001E-2
-1.800000E+5	-1.200000E+5	1.948913E+0	9.547107E-3
-1.600000E+5	-1.200000E+5	2.087167E+0	9.253877E-3
-1.400000E+5	-1.200000E+5	2.310722E+0	2.602641E-2
-1.200000E+5	-1.200000E+5	2.458289E+0	1.074380E-2
-1.000000E+5	-1.200000E+5	2.539156E+0	9.188481E-3
-8.000000E+4	-1.200000E+5	2.666213E+0	2.613675E-2
-6.000000E+4	-1.200000E+5	2.740586E+0	1.342196E-2
-4.000000E+4	-1.200000E+5	2.802670E+0	7.518337E-3
-2.000000E+4	-1.200000E+5	2.843746E+0	6.813200E-3
0.000000E+0	-1.200000E+5	2.850199E+0	1.130493E-2
2.000000E+4	-1.200000E+5	2.812013E+0	1.244482E-2
4.000000E+4	-1.200000E+5	2.766501E+0	1.027588E-2
6.000000E+4	-1.200000E+5	2.677944E+0	1.229632E-2
8.000000E+4	-1.200000E+5	2.535891E+0	7.358158E-3
1.000000E+5	-1.200000E+5	2.398237E+0	1.669321E-2
1.200000E+5	-1.200000E+5	2.231268E+0	7.425024E-3
1.400000E+5	-1.200000E+5	2.077766E+0	1.436006E-2
1.600000E+5	-1.200000E+5	2.014218E+0	1.083744E-2
1.800000E+5	-1.200000E+5	1.890484E+0	9.628875E-3
2.000000E+5	-1.200000E+5	1.794029E+0	8.478491E-3
2.200000E+5	-1.200000E+5	1.709320E+0	8.111082E-3
2.400000E+5	-1.200000E+5	1.574410E+0	9.343467E-3
2.600000E+5	-1.200000E+5	1.458823E+0	8.128765E-3
2.800000E+5	-1.200000E+5	1.399239E+0	1.312803E-2
3.000000E+5	-1.200000E+5	1.280597E+0	1.366601E-2
3.200000E+5	-1.200000E+5	1.199126E+0	8.360810E-3
3.400000E+5	-1.200000E+5	1.104644E+0	9.310053E-3
-3.400000E+5	-1.000000E+5	1.159145E+0	1.167550E-2
-3.200000E+5	-1.000000E+5	1.200864E+0	1.424001E-2
-3.000000E+5	-1.000000E+5	1.296711E+0	9.091309E-3
-2.800000E+5	-1.000000E+5	1.332929E+0	2.357839E-2
-2.600000E+5	-1.000000E+5	1.439289E+0	6.537562E-3
-2.400000E+5	-1.000000E+5	1.487601E+0	3.640519E-2
-2.200000E+5	-1.000000E+5	1.629813E+0	3.777938E-2
-2.000000E+5	-1.000000E+5	1.799101E+0	1.358278E-2
-1.800000E+5	-1.000000E+5	1.954852E+0	8.354518E-3
-1.600000E+5	-1.000000E+5	2.158551E+0	1.039578E-2
-1.400000E+5	-1.000000E+5	2.341550E+0	1.908051E-2
-1.200000E+5	-1.000000E+5	2.486134E+0	6.116903E-3
-1.000000E+5	-1.000000E+5	2.597007E+0	6.592089E-3
-8.000000E+4	-1.000000E+5	2.683697E+0	3.219383E-2
-6.000000E+4	-1.000000E+5	2.822630E+0	1.735214E-2
-4.000000E+4	-1.000000E+5	2.912826E+0	1.398803E-2
-2.000000E+4	-1.000000E+5	2.976367E+0	1.156358E-2
0.000000E+0	-1.000000E+5	2.975773E+0	1.461426E-2
2.000000E+4	-1.000000E+5	2.921005E+0	6.730203E-3
4.000000E+4	-1.000000E+5	2.815129E+0	7.956901E-3
6.000000E+4	-1.000000E+5	2.721880E+0	1.670888E-2
8.000000E+4	-1.000000E+5	2.571636E+0	1.111300E-2
1.000000E+5	-1.000000E+5	2.415941E+0	9.412317E-3
1.200000E+5	-1.000000E+5	2.229767E+0	8.460214E-3
1.400000E+5	-1.000000E+5	2.064727E+0	1.085068E-2
1.600000E+5	-1.000000E+5	1.928857E+0	1.288474E-2
1.800000E+5	-1.000000E+5	1.835580E+0	9.153425E-3
2.000000E+5	-1.000000E+5	1.734721E+0	1.111789E-2
2.200000E+5	-1.000000E+5	1.648118E+0	1.688236E-2
2.400000E+5	-1.000000E+5	1.519962E+0	5.535169E-3
2.600000E+5	-1.000000E+5	1.429911E+0	5.204866E-3
2.800000E+5	-1.000000E+5	1.364783E+0	1.463211E-2
3.000000E+5	-1.000000E+5	1.251465E+0	1.463020E-2
3.200000E+5	-1.000000E+5	1.160559E+0	4.437081E-3
3.400000E+5	-1.000000E+5	1.073646E+0	1.393937E-2
-3.400000E+5	-8.000000E+4	1.144461E+0	7.649306E-3
-3.200000E+5	-8.000000E+4	1.217084E+0	6.899574E-3
-3.000000E+5	-8.000000E+4	1.283846E+0	1.303004E-2
-2.800000E+5	-8.000000E+4	1.392669E+0	7.424614E-3
-2.600000E+5	-8.000000E+4	1.381060E+0	1.664799E-2
-2.400000E+5	-8.000000E+4	1.741668E+0	9.766223E-3
-2.200000E+5	-8.000000E+4	1.863790E+0	1.577543E-2
-2.000000E+5	-8.000000E+4	2.044636E+0	2.746035E-2
-1.800000E+5	-8.000000E+4	2.241306E+0	5.463822E-2
-1.600000E+5	-8.000000E+4	2.424364E+0	1.648193E-2
-1.400000E+5	-8.000000E+4	2.625244E+0	9.587942E-3
-1.200000E+5	-8.000000E+4	2.763736E+0	1.454857E-2
-1.000000E+5	-8.000000E+4	2.959270E+0	8.764086E-3
-8.000000E+4	-8.000000E+4	3.122746E+0	2.428968E-2
-6.000000E+4	-8.000000E+4	3.272649E+0	2.020804E-2
-4.000000E+4	-8.000000E+4	3.444010E+0	2.066655E-2
-2.000000E+4	-8.000000E+4	3.499548E+0	1.730447E-2
0.000000E+0	-8.000000E+4	3.487063E+0	1.320232E-2
2.000000E+4	-8.000000E+4	3.393737E+0	2.354115E-2
4.000000E+4	-8.000000E+4	3.315605E+0	9.740804E-3
6.000000E+4	-8.000000E+4	3.179163E+0	2.244318E-2
8.000000E+4	-8.000000E+4	2.960038E+0	1.491631E-2
1.000000E+5	-8.000000E+4	2.744194E+0	1.259865E-2
1.200000E+5	-8.000000E+4	2.544411E+0	1.489384E-2
1.400000E+5	-8.000000E+4	2.338869E+0	9.894303E-3
1.600000E+5	-8.000000E+4	2.160019E+0	8.382024E-3
1.800000E+5	-8.000000E+4	2.041880E+0	9.454724E-3
2.000000E+5	-8.000000E+4	1.907843E+0	6.948929E-3
2.200000E+5	-8.000000E+4	1.813116E+0	1.654154E-2
2.400000E+5	-8.000000E+4	1.681230E+0	1.769137E-2
2.600000E+5	-8.000000E+4	1.596637E+0	8.967993E-3
2.800000E+5	-8.000000E+4	1.506685E+0	1.534564E-2
3.000000E+5	-8.000000E+4	1.410780E+0	2.312566E-2
3.200000E+5	-8.000000E+4	1.316900E+0	9.005664E-3
3.400000E+5	-8.000000E+4	1.185456E+0	1.620327E-2
-3.400000E+5	-6.000000E+4	1.390318E+0	7.250043E-3
-3.200000E+5	-6.000000E+4	1.477797E+0	1.236722E-2
-3.000000E+5	-6.000000E+4	1.546148E+0	9.111169E-3
-2.800000E+5	-6.000000E+4	1.602765E+0	1.965733E-2
-2.600000E+5	-6.000000E+4	1.719552E+0	1.532432E-2
-2.400000E+5	-6.000000E+4	1.783998E+0	2.874973E-2
-2.200000E+5	-6.000000E+4	1.970808E+0	7.417689E-3
-2.000000E+5	-6.000000E+4	2.110471E+0	2.501039E-2
-1.800000E+5	-6.000000E+4	2.337763E+0	7.762222E-3
-1.600000E+5	-6.000000E+4	2.518305E+0	1.130177E-2
-1.400000E+5	-6.000000E+4	2.724861E+0	1.133833E-2
-1.200000E+5	-6.000000E+4	2.896975E+0	9.845423E-3
-1.000000E+5	-6.000000E+4	3.105756E+0	2.129868E-2
-8.000000E+4	-6.000000E+4	3.330442E+0	2.088611E-2
-6.000000E+4	-6.000000E+4	3.545243E+0	1.259351E-2
-4.000000E+4	-6.000000E+4	3.723353E+0	1.237503E-2
-2.000000E+4	-6.000000E+4	3.817723E+0	6.884561E-3
0.000000E+0	-6.000000E+4	3.793694E+0	1.029885E-2
2.000000E+4	-6.000000E+4	3.649424E+0	1.441246E-2
4.000000E+4	-6.000000E+4	3.426669E+0	1.064244E-2
6.000000E+4	-6.000000E+4	3.296159E+0	1.954638E-2
8.000000E+4	-6.000000E+4	3.070832E+0	2.202834E-2
1.000000E+5	-6.000000E+4	2.812044E+0	5.173968E-3
1.200000E+5	-6.000000E+4	2.561769E+0	7.526256E-3
1.400000E+5	-6.000000E+4	2.335145E+0	7.423516E-3
1.600000E+5	-6.000000E+4	2.178889E+0	6.277670E-3
1.800000E+5	-6.000000E+4	2.017289E+0	1.364118E-2
2.000000E+5	-6.000000E+4	1.876545E+0	8.732414E-3
2.200000E+5	-6.000000E+4	1.759885E+0	8.080530E-3
2.400000E+5	-6.000000E+4	1.655411E+0	5.128788E-3
2.600000E+5	-6.000000E+4	1.584847E+0	7.412744E-3
2.800000E+5	-6.000000E+4	1.525642E+0	2.178853E-2
3.000000E+5	-6.000000E+4	1.439242E+0	2.149092E-2
3.200000E+5	-6.000000E+4	1.344063E+0	1.696567E-2
3.400000E+5	-6.000000E+4	1.169528E+0	1.131728E-2
-3.400000E+5	-4.000000E+4	1.395507E+0	8.678542E-3
-3.200000E+5	-4.000000E+4	1.511812E+0	1.061473E-2
-3.000000E+5	-4.000000E+4	1.572697E+0	6.717724E-3
-2.800000E+5	-4.000000E+4	1.646487E+0	1.177796E-2
-2.600000E+5	-4.000000E+4	1.711620E+0	6.795165E-3
-2.400000E+5	-4.000000E+4	1.893548E+0	1.155971E-2
-2.200000E+5	-4.000000E+4	2.006215E+0	1.477911E-2
-2.000000E+5	-4.000000E+4	2.187179E+0	2.953061E-2
-1.800000E+5	-4.000000E+4	2.381375E+0	1.469727E-2
-1.600000E+5	-4.000000E+4	2.585462E+0	2.117081E-2
-1.400000E+5	-4.000000E+4	2.790870E+0	8.486801E-3
-1.200000E+5	-4.000000E+4	2.992113E+0	9.945795E-3
-1.000000E+5	-4.000000E+4	3.256006E+0	1.233164E-2
-8.000000E+4	-4.000000E+4	3.487360E+0	2.446753E-2
-6.000000E+4	-4.000000E+4	3.770079E+0	5.883618E-3
-4.000000E+4	-4.000000E+4	3.981843E+0	1.347547E-2
-2.000000E+4	-4.000000E+4	4.101464E+0	1.065619E-2
0.000000E+0	-4.000000E+4	4.051198E+0	1.359913E-2
2.000000E+4	-4.000000E+4	3.907842E+0	1.270677E-2
4.000000E+4	-4.000000E+4	3.647795E+0	1.437067E-2
6.000000E+4	-4.000000E+4	3.358180E+0	1.696472E-2
8.000000E+4	-4.000000E+4	3.102292E+0	2.405524E-2
1.000000E+5	-4.000000E+4	2.837425E+0	1.003186E-2
1.200000E+5	-4.000000E+4	2.611538E+0	1.910627E-2
1.400000E+5	-4.000000E+4	2.360604E+0	1.156566E-2
1.600000E+5	-4.000000E+4	2.168183E+0	1.129425E-2
1.800000E+5	-4.000000E+4	1.990046E+0	1.110516E-2
2.000000E+5	-4.000000E+4	1.853334E+0	7.395186E-3
2.200000E+5	-4.000000E+4	1.730144E+0	1.109827E-2
2.400000E+5	-4.000000E+4	1.646192E+0	9.753728E-3
2.600000E+5	-4.000000E+4	1.588238E+0	1.742129E-2
2.800000E+5	-4.000000E+4	1.508557E+0	1.052258E-2
3.000000E+5	-4.000000E+4	1.431242E+0	1.232660E-2
3.200000E+5	-4.000000E+4	1.300035E+0	1.946818E-2
3.400000E+5	-4.000000E+4	1.201076E+0	7.328571E-3
-3.400000E+5	-2.000000E+4	1.404707E+0	9.092265E-3
-3.200000E+5	-2.000000E+4	1.518683E+0	1.201020E-2
-3.000000E+5	-2.000000E+4	1.615884E+0	6.236927E-3
-2.800000E+5	-2.000000E+4	1.679168E+0	7.362538E-3
-2.600000E+5	-2.000000E+4	1.762350E+0	1.636838E-2
-2.400000E+5	-2.000000E+4	1.917203E+0	1.494614E-2
-2.200000E+5	-2.000000E+4	2.054279E+0	1.079990E-2
-2.000000E+5	-2.000000E+4	2.268200E+0	3.135202E-2
-1.800000E+5	-2.000000E+4	2.460721E+0	2.366869E-2
-1.600000E+5	-2.000000E+4	2.668645E+0	1.057923E-2
-1.400000E+5	-2.000000E+4	2.902906E+0	8.725786E-3
-1.200000E+5	-2.000000E+4	3.129285E+0	9.962565E-3
-1.000000E+5	-2.000000E+4	3.411426E+0	9.065928E-3
-8.000000E+4	-2.000000E+4	3.725104E+0	7.955324E-3
-6.000000E+4	-2.000000E+4	4.041856E+0	3.141528E-2
-4.000000E+4	-2.000000E+4	4.309830E+0	1.718108E-2
-2.000000E+4	-2.000000E+4	4.383362E+0	1.268743E-2
0.000000E+0	-2.000000E+4	4.321876E+0	5.871334E-3
2.000000E+4	-2.000000E+4	4.159247E+0	1.055861E-2
4.000000E+4	-2.000000E+4	3.926308E+0	1.541292E-2
6.000000E+4	-2.000000E+4	3.526722E+0	6.488277E-3
8.000000E+4	-2.000000E+4	3.207254E+0	6.984323E-3
1.000000E+5	-2.000000E+4	2.922225E+0	1.430212E-2
1.200000E+5	-2.000000E+4	2.651505E+0	7.333973E-3
1.400000E+5	-2.000000E+4	2.404137E+0	1.341983E-2
1.600000E+5	-2.000000E+4	2.181609E+0	1.612285E-2
1.800000E+5	-2.000000E+4	2.024846E+0	8.829134E-3
2.000000E+5	-2.000000E+4	1.826632E+0	1.774882E-2
2.200000E+5	-2.000000E+4	1.727464E+0	1.287954E-2
2.400000E+5	-2.000000E+4	1.621505E+0	1.223641E-2
2.600000E+5	-2.000000E+4	1.567282E+0	1.176709E-2
2.800000E+5	-2.000000E+4	1.503205E+0	1.075205E-2
3.000000E+5	-2.000000E+4	1.425398E+0	9.187189E-3
3.200000E+5	-2.000000E+4	1.328953E+0	1.096543E-2
3.400000E+5	-2.000000E+4	1.182930E+0	1.310580E-2
-3.400000E+5	0.000000E+0	1.386896E+0	6.402484E-3
-3.200000E+5	0.000000E+0	1.515494E+0	2.200571E-2
-3.000000E+5	0.000000E+0	1.594271E+0	1.010998E-2
-2.800000E+5	0.000000E+0	1.689957E+0	1.031171E-2
-2.600000E+5	0.000000E+0	1.782799E+0	7.216262E-3
-2.400000E+5	0.000000E+0	1.931843E+0	6.147013E-3
-2.200000E+5	0.000000E+0	2.111072E+0	8.309356E-3
-2.000000E+5	0.000000E+0	2.252011E+0	3.284381E-2
-1.800000E+5	0.000000E+0	2.461253E+0	2.788392E-2
-1.600000E+5	0.000000E+0	2.718743E+0	5.922660E-3
-1.400000E+5	0.000000E+0	2.919140E+0	3.286208E-2
-1.200000E+5	0.000000E+0	3.228157E+0	1.249638E-2
-1.000000E+5	0.000000E+0	3.520012E+0	9.298168E-3
-8.000000E+4	0.000000E+0	3.846828E+0	1.984317E-2
-6.000000E+4	0.000000E+0	4.174960E+0	9.244934E-3
-4.000000E+4	0.000000E+0	4.383802E+0	2.378516E-2
-2.000000E+4	0.000000E+0	4.590127E+0	8.420658E-3
0.000000E+0	0.000000E+0	4.502489E+0	1.847305E-2
2.000000E+4	0.000000E+0	4.371541E+0	1.713288E-2
4.000000E+4	0.000000E+0	3.985859E+0	1.201236E-2
6.000000E+4	0.000000E+0	3.644330E+0	2.065628E-2
8.000000E+4	0.000000E+0	3.213498E+0	1.102594E-2
1.000000E+5	0.000000E+0	2.943143E+0	1.390487E-2
1.200000E+5	0.000000E+0	2.661416E+0	1.396434E-2
1.400000E+5	0.000000E+0	2.416681E+0	6.107614E-3
1.600000E+5	0.000000E+0	2.217381E+0	2.262923E-2
1.800000E+5	0.000000E+0	1.991615E+0	1.312510E-2
2.000000E+5	0.000000E+0	1.846860E+0	6.184239E-3
2.200000E+5	0.000000E+0	1.683833E+0	8.581935E-3
2.400000E+5	0.000000E+0	1.605956E+0	1.517949E-2
2.600000E+5	0.000000E+0	1.547764E+0	1.362480E-2
2.800000E+5	0.000000E+0	1.488572E+0	7.983692E-3
3.000000E+5	0.000000E+0	1.395207E+0	6.922451E-3
3.200000E+5	0.000000E+0	1.319432E+0	1.021522E-2
3.400000E+5	0.000000E+0	1.222124E+0	1.241132E-2
-3.400000E+5	2.000000E+4	1.376162E+0	1.144198E-2
-3.200000E+5	2.000000E+4	1.490990E+0	1.219131E-2
-3.000000E+5	2.000000E+4	1.570082E+0	1.005746E-2
-2.800000E+5	2.000000E+4	1.666794E+0	2.065529E-2
-2.600000E+5	2.000000E+4	1.756851E+0	6.042253E-3
-2.400000E+5	2.000000E+4	1.898877E+0	7.937683E-3
-2.200000E+5	2.000000E+4	2.063797E+0	1.757618E-2
-2.000000E+5	2.000000E+4	2.268655E+0	8.537889E-3
-1.800000E+5	2.000000E+4	2.495022E+0	1.578016E-2
-1.600000E+5	2.000000E+4	2.684651E+0	7.707811E-3
-1.400000E+5	2.000000E+4	2.975913E+0	9.751662E-3
-1.200000E+5	2.000000E+4	3.251602E+0	1.515839E-2
-1.000000E+5	2.000000E+4	3.541955E+0	1.759397E-2
-8.000000E+4	2.000000E+4	3.885184E+0	8.155461E-3
-6.000000E+4	2.000000E+4	4.199981E+0	9.867894E-3
-4.000000E+4	2.000000E+4	4.392434E+0	1.223198E-2
-2.000000E+4	2.000000E+4	4.548904E+0	8.425579E-3
0.000000E+0	2.000000E+4	4.544261E+0	8.127384E-3
2.000000E+4	2.000000E+4	4.353211E+0	1.118668E-2
4.000000E+4	2.000000E+4	3.963377E+0	1.193894E-2
6.000000E+4	2.000000E+4	3.558634E+0	2.326318E-2
8.000000E+4	2.000000E+4	3.209706E+0	9.613587E-3
1.000000E+5	2.000000E+4	2.867457E+0	1.036376E-2
1.200000E+5	2.000000E+4	2.585499E+0	9.547045E-3
1.400000E+5	2.000000E+4	2.385537E+0	9.071731E-3
1.600000E+5	2.000000E+4	2.179095E+0	7.878161E-3
1.800000E+5	2.000000E+4	1.992788E+0	1.641030E-2
2.000000E+5	2.000000E+4	1.811225E+0	9.193332E-3
2.200000E+5	2.000000E+4	1.679485E+0	8.510685E-3
2.400000E+5	2.000000E+4	1.548375E+0	7.179906E-3
2.600000E+5	2.000000E+4	1.529574E+0	7.248937E-3
2.800000E+5	2.000000E+4	1.438913E+0	1.026488E-2
3.000000E+5	2.000000E+4	1.367209E+0	1.296329E-2
3.200000E+5	2.000000E+4	1.269193E+0	1.592424E-2
3.400000E+5	2.000000E+4	1.109595E+0	1.178599E-2
-3.400000E+5	4.000000E+4	1.044960E+0	1.914410E-2
