-3.400000E+5	-3.400000E+5	4.320183E-1	1.361683E-2
-3.200000E+5	-3.400000E+5	5.063360E-1	9.882938E-3
-3.000000E+5	-3.400000E+5	4.901337E-1	1.519390E-2
-2.800000E+5	-3.400000E+5	7.424570E-1	1.829905E-1
-2.600000E+5	-3.400000E+5	6.499305E-1	1.591491E-2
-2.400000E+5	-3.400000E+5	6.668370E-1	1.495475E-2
-2.200000E+5	-3.400000E+5	7.204239E-1	7.476643E-3
-2.000000E+5	-3.400000E+5	7.956934E-1	5.887463E-3
-1.800000E+5	-3.400000E+5	8.339503E-1	1.428505E-2
-1.600000E+5	-3.400000E+5	8.779758E-1	1.069410E-2
-1.400000E+5	-3.400000E+5	8.764840E-1	8.500491E-3
-1.200000E+5	-3.400000E+5	9.251521E-1	1.525960E-2
-1.000000E+5	-3.400000E+5	9.773899E-1	1.114108E-2
-8.000000E+4	-3.400000E+5	9.935076E-1	1.100685E-2
-6.000000E+4	-3.400000E+5	1.021069E+0	5.186399E-3
-4.000000E+4	-3.400000E+5	1.055985E+0	9.442968E-3
-2.000000E+4	-3.400000E+5	1.103762E+0	1.642705E-2
0.000000E+0	-3.400000E+5	1.117142E+0	1.359193E-2
2.000000E+4	-3.400000E+5	1.142291E+0	1.237130E-2
4.000000E+4	-3.400000E+5	1.100503E+0	1.279410E-2
6.000000E+4	-3.400000E+5	1.112942E+0	1.025856E-2
8.000000E+4	-3.400000E+5	1.100387E+0	1.055409E-2
1.000000E+5	-3.400000E+5	1.092311E+0	2.096441E-2
1.200000E+5	-3.400000E+5	1.052707E+0	9.813863E-3
1.400000E+5	-3.400000E+5	1.015336E+0	1.993453E-2
1.600000E+5	-3.400000E+5	9.679517E-1	9.709330E-3
1.800000E+5	-3.400000E+5	9.257513E-1	1.207528E-2
2.000000E+5	-3.400000E+5	8.424224E-1	2.570831E-2
2.200000E+5	-3.400000E+5	8.411374E-1	5.190135E-2
2.400000E+5	-3.400000E+5	7.062912E-1	1.862571E-2
2.600000E+5	-3.400000E+5	6.950759E-1	6.574083E-3
2.800000E+5	-3.400000E+5	6.082640E-1	1.022074E-2
3.000000E+5	-3.400000E+5	5.996493E-1	1.206484E-2
3.200000E+5	-3.400000E+5	5.457322E-1	1.047697E-2
3.400000E+5	-3.400000E+5	5.202935E-1	7.773703E-3
-3.400000E+5	-3.200000E+5	4.984998E-1	1.872609E-2
-3.200000E+5	-3.200000E+5	5.465790E-1	1.153573E-2
-3.000000E+5	-3.200000E+5	5.948232E-1	8.120285E-3
-2.800000E+5	-3.200000E+5	6.489889E-1	1.636320E-2
-2.600000E+5	-3.200000E+5	7.097772E-1	5.346446E-3
-2.400000E+5	-3.200000E+5	7.510881E-1	1.601054E-2
-2.200000E+5	-3.200000E+5	8.379927E-1	6.763002E-3
-2.000000E+5	-3.200000E+5	8.916795E-1	8.830755E-3
-1.800000E+5	-3.200000E+5	9.327020E-1	1.154048E-2
-1.600000E+5	-3.200000E+5	9.643883E-1	1.056817E-2
-1.400000E+5	-3.200000E+5	1.031086E+0	1.778396E-2
-1.200000E+5	-3.200000E+5	9.913881E-1	2.227340E-2
-1.000000E+5	-3.200000E+5	1.089475E+0	4.726112E-2
-8.000000E+4	-3.200000E+5	1.190893E+0	3.228510E-2
-6.000000E+4	-3.200000E+5	1.193369E+0	1.724363E-2
-4.000000E+4	-3.200000E+5	1.235794E+0	1.594780E-2
-2.000000E+4	-3.200000E+5	1.263538E+0	1.262224E-2
0.000000E+0	-3.200000E+5	1.301010E+0	5.724730E-3
2.000000E+4	-3.200000E+5	1.280059E+0	5.312777E-3
4.000000E+4	-3.200000E+5	1.300310E+0	1.294443E-2
6.000000E+4	-3.200000E+5	1.351036E+0	4.681613E-2
8.000000E+4	-3.200000E+5	1.267318E+0	1.301257E-2
1.000000E+5	-3.200000E+5	1.281418E+0	1.015105E-2
1.200000E+5	-3.200000E+5	1.206753E+0	6.102777E-3
1.400000E+5	-3.200000E+5	1.167922E+0	7.389863E-3
1.600000E+5	-3.200000E+5	1.123926E+0	7.462068E-3
1.800000E+5	-3.200000E+5	1.044438E+0	8.028294E-3
2.000000E+5	-3.200000E+5	9.981238E-1	7.427127E-3
2.200000E+5	-3.200000E+5	9.075853E-1	4.420197E-3
2.400000E+5	-3.200000E+5	8.540952E-1	1.410220E-2
2.600000E+5	-3.200000E+5	8.615564E-1	6.552905E-2
2.800000E+5	-3.200000E+5	7.512104E-1	8.753702E-2
3.000000E+5	-3.200000E+5	7.221685E-1	2.403717E-2
3.200000E+5	-3.200000E+5	6.034899E-1	1.199381E-2
3.400000E+5	-3.200000E+5	5.819092E-1	1.241948E-2
-3.400000E+5	-3.000000E+5	5.829588E-1	8.763392E-3
-3.200000E+5	-3.000000E+5	6.354534E-1	7.407963E-3
-3.000000E+5	-3.000000E+5	6.853250E-1	8.240045E-3
-2.800000E+5	-3.000000E+5	7.266338E-1	1.340431E-2
-2.600000E+5	-3.000000E+5	8.291212E-1	2.933403E-2
-2.400000E+5	-3.000000E+5	8.514621E-1	2.861126E-2
-2.200000E+5	-3.000000E+5	9.261355E-1	1.161358E-2
-2.000000E+5	-3.000000E+5	1.005960E+0	8.376487E-3
-1.800000E+5	-3.000000E+5	1.051588E+0	7.441816E-3
-1.600000E+5	-3.000000E+5	1.110255E+0	1.262756E-2
-1.400000E+5	-3.000000E+5	1.125336E+0	1.650243E-2
-1.200000E+5	-3.000000E+5	1.199126E+0	2.365689E-2
-1.000000E+5	-3.000000E+5	1.243400E+0	6.597384E-3
-8.000000E+4	-3.000000E+5	1.304578E+0	9.189745E-3
-6.000000E+4	-3.000000E+5	1.340979E+0	1.660017E-2
-4.000000E+4	-3.000000E+5	1.407423E+0	2.587896E-2
-2.000000E+4	-3.000000E+5	1.448368E+0	1.114783E-2
0.000000E+0	-3.000000E+5	1.459349E+0	1.214308E-2
2.000000E+4	-3.000000E+5	1.489461E+0	1.089343E-2
4.000000E+4	-3.000000E+5	1.493117E+0	1.254175E-2
6.000000E+4	-3.000000E+5	1.474128E+0	1.460327E-2
8.000000E+4	-3.000000E+5	1.484816E+0	1.741491E-2
1.000000E+5	-3.000000E+5	1.439891E+0	1.364280E-2
1.200000E+5	-3.000000E+5	1.391683E+0	1.095060E-2
1.400000E+5	-3.000000E+5	1.359812E+0	6.911070E-3
1.600000E+5	-3.000000E+5	1.258042E+0	1.470706E-2
1.800000E+5	-3.000000E+5	1.212363E+0	1.070866E-2
2.000000E+5	-3.000000E+5	1.151917E+0	7.709794E-3
2.200000E+5	-3.000000E+5	1.061911E+0	9.673445E-3
2.400000E+5	-3.000000E+5	9.514916E-1	9.468693E-3
2.600000E+5	-3.000000E+5	8.657976E-1	1.043809E-2
2.800000E+5	-3.000000E+5	8.023078E-1	1.020120E-2
3.000000E+5	-3.000000E+5	7.194497E-1	8.656708E-3
3.200000E+5	-3.000000E+5	7.096967E-1	1.613630E-2
3.400000E+5	-3.000000E+5	6.359690E-1	6.715127E-3
-3.400000E+5	-2.800000E+5	6.543102E-1	5.672661E-3
-3.200000E+5	-2.800000E+5	7.049502E-1	1.079964E-2
-3.000000E+5	-2.800000E+5	7.724507E-1	6.223652E-3
-2.800000E+5	-2.800000E+5	8.655836E-1	1.407641E-2
-2.600000E+5	-2.800000E+5	9.301300E-1	5.255755E-3
-2.400000E+5	-2.800000E+5	1.009680E+0	2.588401E-2
-2.200000E+5	-2.800000E+5	1.048290E+0	1.456347E-2
-2.000000E+5	-2.800000E+5	1.149361E+0	2.123065E-2
-1.800000E+5	-2.800000E+5	1.175339E+0	1.971190E-2
-1.600000E+5	-2.800000E+5	1.231244E+0	8.285103E-3
-1.400000E+5	-2.800000E+5	1.293562E+0	1.903686E-2
-1.200000E+5	-2.800000E+5	1.304963E+0	1.013710E-2
-1.000000E+5	-2.800000E+5	1.390303E+0	7.015319E-3
-8.000000E+4	-2.800000E+5	1.455353E+0	1.578786E-2
-6.000000E+4	-2.800000E+5	1.532468E+0	6.169759E-3
-4.000000E+4	-2.800000E+5	1.566398E+0	1.340453E-2
-2.000000E+4	-2.800000E+5	1.606163E+0	1.014510E-2
0.000000E+0	-2.800000E+5	1.643073E+0	7.095408E-3
2.000000E+4	-2.800000E+5	1.633869E+0	1.356284E-2
4.000000E+4	-2.800000E+5	1.628371E+0	1.277554E-2
6.000000E+4	-2.800000E+5	1.656858E+0	1.340386E-2
8.000000E+4	-2.800000E+5	1.637561E+0	6.434381E-3
1.000000E+5	-2.800000E+5	1.585611E+0	7.596465E-3
1.200000E+5	-2.800000E+5	1.553159E+0	9.661057E-3
1.400000E+5	-2.800000E+5	1.486978E+0	8.883526E-3
1.600000E+5	-2.800000E+5	1.415263E+0	8.122586E-3
1.800000E+5	-2.800000E+5	1.321674E+0	1.822885E-2
2.000000E+5	-2.800000E+5	1.234467E+0	9.806933E-3
2.200000E+5	-2.800000E+5	1.133229E+0	9.221876E-3
2.400000E+5	-2.800000E+5	1.050932E+0	9.412328E-3
2.600000E+5	-2.800000E+5	9.580918E-1	1.502969E-2
2.800000E+5	-2.800000E+5	8.654124E-1	9.535235E-3
3.000000E+5	-2.800000E+5	7.908235E-1	1.062569E-2
3.200000E+5	-2.800000E+5	7.245856E-1	1.864127E-2
3.400000E+5	-2.800000E+5	7.134946E-1	1.052712E-2
-3.400000E+5	-2.600000E+5	7.095041E-1	7.513880E-3
-3.200000E+5	-2.600000E+5	7.512236E-1	7.314288E-3
-3.000000E+5	-2.600000E+5	8.545599E-1	6.491814E-3
-2.800000E+5	-2.600000E+5	9.134497E-1	1.062253E-2
-2.600000E+5	-2.600000E+5	9.764564E-1	6.386014E-3
-2.400000E+5	-2.600000E+5	1.024832E+0	8.887089E-3
-2.200000E+5	-2.600000E+5	1.114745E+0	8.586339E-3
-2.000000E+5	-2.600000E+5	1.148565E+0	2.394755E-2
-1.800000E+5	-2.600000E+5	1.236886E+0	1.286153E-2
-1.600000E+5	-2.600000E+5	1.316210E+0	1.245188E-2
-1.400000E+5	-2.600000E+5	1.365957E+0	1.617696E-2
-1.200000E+5	-2.600000E+5	1.433486E+0	1.692998E-2
-1.000000E+5	-2.600000E+5	1.518920E+0	1.843792E-2
-8.000000E+4	-2.600000E+5	1.592463E+0	1.501017E-2
-6.000000E+4	-2.600000E+5	1.626770E+0	1.376269E-2
-4.000000E+4	-2.600000E+5	1.722516E+0	1.108485E-2
-2.000000E+4	-2.600000E+5	1.747584E+0	1.464977E-2
0.000000E+0	-2.600000E+5	1.769769E+0	1.452571E-2
2.000000E+4	-2.600000E+5	1.801454E+0	1.024945E-2
4.000000E+4	-2.600000E+5	1.804936E+0	2.450318E-2
6.000000E+4	-2.600000E+5	1.818464E+0	1.355634E-2
8.000000E+4	-2.600000E+5	1.828464E+0	6.081022E-3
1.000000E+5	-2.600000E+5	1.766520E+0	1.005352E-2
1.200000E+5	-2.600000E+5	1.697574E+0	8.508742E-3
1.400000E+5	-2.600000E+5	1.632488E+0	9.064441E-3
1.600000E+5	-2.600000E+5	1.499197E+0	2.083173E-2
1.800000E+5	-2.600000E+5	1.457387E+0	1.253320E-2
2.000000E+5	-2.600000E+5	1.339914E+0	1.888807E-2
2.200000E+5	-2.600000E+5	1.239973E+0	1.143107E-2
2.400000E+5	-2.600000E+5	1.139542E+0	1.365602E-2
2.600000E+5	-2.600000E+5	1.037665E+0	5.874219E-3
2.800000E+5	-2.600000E+5	9.698267E-1	1.168559E-2
3.000000E+5	-2.600000E+5	8.746844E-1	7.251072E-3
3.200000E+5	-2.600000E+5	8.235023E-1	1.000770E-2
3.400000E+5	-2.600000E+5	7.746579E-1	8.332735E-3
-3.400000E+5	-2.400000E+5	7.562525E-1	8.706851E-3
-3.200000E+5	-2.400000E+5	8.324778E-1	1.218953E-2
-3.000000E+5	-2.400000E+5	9.004104E-1	6.755527E-3
-2.800000E+5	-2.400000E+5	9.780329E-1	1.601350E-2
-2.600000E+5	-2.400000E+5	1.044181E+0	1.476774E-2
-2.400000E+5	-2.400000E+5	1.090520E+0	1.031491E-2
-2.200000E+5	-2.400000E+5	1.155429E+0	1.271392E-2
-2.000000E+5	-2.400000E+5	1.161387E+0	2.244081E-2
-1.800000E+5	-2.400000E+5	1.326723E+0	2.292468E-2
-1.600000E+5	-2.400000E+5	1.233035E+0	2.544328E-1
-1.400000E+5	-2.400000E+5	2.048459E+0	1.563717E-1
-1.200000E+5	-2.400000E+5	1.417328E+0	1.332488E-1
-1.000000E+5	-2.400000E+5	1.629949E+0	1.988605E-2
-8.000000E+4	-2.400000E+5	1.686442E+0	9.481066E-3
-6.000000E+4	-2.400000E+5	1.731713E+0	2.247512E-2
-4.000000E+4	-2.400000E+5	1.778933E+0	6.349169E-3
-2.000000E+4	-2.400000E+5	1.806989E+0	1.432380E-2
0.000000E+0	-2.400000E+5	1.864340E+0	1.900439E-2
2.000000E+4	-2.400000E+5	1.875917E+0	9.887277E-3
4.000000E+4	-2.400000E+5	1.920382E+0	1.497883E-2
6.000000E+4	-2.400000E+5	1.929035E+0	5.215523E-3
8.000000E+4	-2.400000E+5	1.915039E+0	1.007215E-2
1.000000E+5	-2.400000E+5	1.875796E+0	5.995672E-3
1.200000E+5	-2.400000E+5	1.828304E+0	1.009691E-2
1.400000E+5	-2.400000E+5	1.721006E+0	6.418334E-3
1.600000E+5	-2.400000E+5	1.645741E+0	7.118795E-3
1.800000E+5	-2.400000E+5	1.510809E+0	8.356341E-3
2.000000E+5	-2.400000E+5	1.412287E+0	1.489561E-2
2.200000E+5	-2.400000E+5	1.297367E+0	6.615332E-3
2.400000E+5	-2.400000E+5	1.242247E+0	1.177727E-2
2.600000E+5	-2.400000E+5	1.150686E+0	1.394252E-2
2.800000E+5	-2.400000E+5	1.068621E+0	1.277615E-2
3.000000E+5	-2.400000E+5	9.579318E-1	6.927874E-3
3.200000E+5	-2.400000E+5	8.908419E-1	1.202690E-2
3.400000E+5	-2.400000E+5	8.426659E-1	4.607454E-3
-3.400000E+5	-2.200000E+5	8.395294E-1	1.518365E-2
-3.200000E+5	-2.200000E+5	8.934444E-1	1.927746E-2
-3.000000E+5	-2.200000E+5	9.818725E-1	1.392479E-2
-2.800000E+5	-2.200000E+5	1.053771E+0	3.538822E-2
-2.600000E+5	-2.200000E+5	1.097674E+0	1.490651E-2
-2.400000E+5	-2.200000E+5	1.169808E+0	1.126844E-2
-2.200000E+5	-2.200000E+5	1.210545E+0	1.084124E-2
-2.000000E+5	-2.200000E+5	1.237985E+0	3.255665E-2
-1.800000E+5	-2.200000E+5	1.347411E+0	2.709776E-2
-1.600000E+5	-2.200000E+5	1.481044E+0	6.761675E-3
-1.400000E+5	-2.200000E+5	1.564367E+0	3.486903E-2
-1.200000E+5	-2.200000E+5	1.659375E+0	1.389146E-2
-1.000000E+5	-2.200000E+5	1.789961E+0	5.502129E-3
-8.000000E+4	-2.200000E+5	1.843519E+0	8.465606E-3
-6.000000E+4	-2.200000E+5	1.872735E+0	1.053115E-2
-4.000000E+4	-2.200000E+5	1.903101E+0	6.139705E-3
-2.000000E+4	-2.200000E+5	1.932681E+0	5.648575E-3
0.000000E+0	-2.200000E+5	1.947295E+0	8.153997E-3
2.000000E+4	-2.200000E+5	1.973684E+0	6.834592E-3
4.000000E+4	-2.200000E+5	1.987800E+0	7.047783E-3
6.000000E+4	-2.200000E+5	2.026781E+0	1.819926E-2
8.000000E+4	-2.200000E+5	2.015619E+0	1.021606E-2
1.000000E+5	-2.200000E+5	1.982748E+0	7.662508E-3
1.200000E+5	-2.200000E+5	1.907621E+0	1.873514E-2
1.400000E+5	-2.200000E+5	1.821748E+0	6.205454E-3
1.600000E+5	-2.200000E+5	1.720240E+0	1.197958E-2
1.800000E+5	-2.200000E+5	1.608998E+0	9.871555E-3
2.000000E+5	-2.200000E+5	1.523846E+0	1.496700E-2
2.200000E+5	-2.200000E+5	1.398804E+0	1.720626E-2
2.400000E+5	-2.200000E+5	1.305807E+0	1.308864E-2
2.600000E+5	-2.200000E+5	1.203213E+0	1.146093E-2
2.800000E+5	-2.200000E+5	1.145385E+0	1.726749E-2
3.000000E+5	-2.200000E+5	1.061597E+0	9.588183E-3
3.200000E+5	-2.200000E+5	9.971944E-1	7.176043E-3
3.400000E+5	-2.200000E+5	8.921982E-1	8.406598E-3
-3.400000E+5	-2.000000E+5	9.163040E-1	5.678362E-3
-3.200000E+5	-2.000000E+5	1.049579E+0	2.362458E-2
-3.000000E+5	-2.000000E+5	1.076673E+0	8.231543E-3
-2.800000E+5	-2.000000E+5	1.161309E+0	2.512574E-2
-2.600000E+5	-2.000000E+5	1.198805E+0	1.043140E-2
-2.400000E+5	-2.000000E+5	1.247186E+0	1.258758E-2
-2.200000E+5	-2.000000E+5	1.292395E+0	8.313314E-3
-2.000000E+5	-2.000000E+5	1.384511E+0	8.474299E-3
-1.800000E+5	-2.000000E+5	1.508309E+0	1.404769E-2
-1.600000E+5	-2.000000E+5	1.597918E+0	7.433240E-3
-1.400000E+5	-2.000000E+5	1.753758E+0	8.711944E-3
-1.200000E+5	-2.000000E+5	1.850039E+0	8.778606E-3
-1.000000E+5	-2.000000E+5	1.956058E+0	1.018755E-2
-8.000000E+4	-2.000000E+5	1.967963E+0	9.876142E-3
-6.000000E+4	-2.000000E+5	2.045456E+0	1.848928E-2
-4.000000E+4	-2.000000E+5	2.060084E+0	1.111794E-2
-2.000000E+4	-2.000000E+5	2.064563E+0	5.502739E-3
0.000000E+0	-2.000000E+5	2.066934E+0	4.420600E-3
2.000000E+4	-2.000000E+5	2.087546E+0	9.872096E-3
4.000000E+4	-2.000000E+5	2.102738E+0	2.446215E-2
6.000000E+4	-2.000000E+5	2.112639E+0	1.005719E-2
8.000000E+4	-2.000000E+5	2.102826E+0	1.571136E-2
1.000000E+5	-2.000000E+5	2.059496E+0	1.776159E-2
1.200000E+5	-2.000000E+5	2.002118E+0	1.803230E-2
1.400000E+5	-2.000000E+5	1.917629E+0	6.722544E-3
1.600000E+5	-2.000000E+5	1.821745E+0	1.009690E-2
1.800000E+5	-2.000000E+5	1.692240E+0	2.046687E-2
2.000000E+5	-2.000000E+5	1.593038E+0	1.205923E-2
2.200000E+5	-2.000000E+5	1.475799E+0	1.459711E-2
2.400000E+5	-2.000000E+5	1.401565E+0	1.295200E-2
2.600000E+5	-2.000000E+5	1.310248E+0	1.332471E-2
2.800000E+5	-2.000000E+5	1.228401E+0	8.895251E-3
3.000000E+5	-2.000000E+5	1.117515E+0	1.553046E-2
3.200000E+5	-2.000000E+5	1.077684E+0	1.300638E-2
3.400000E+5	-2.000000E+5	9.828375E-1	9.792983E-3
-3.400000E+5	-1.800000E+5	1.015970E+0	1.044823E-2
-3.200000E+5	-1.800000E+5	1.112761E+0	1.003080E-2
-3.000000E+5	-1.800000E+5	1.178306E+0	1.771472E-2
-2.800000E+5	-1.800000E+5	1.233828E+0	7.797818E-3
-2.600000E+5	-1.800000E+5	1.286905E+0	1.461028E-2
-2.400000E+5	-1.800000E+5	1.332767E+0	1.262475E-2
-2.200000E+5	-1.800000E+5	1.413651E+0	1.620628E-2
-2.000000E+5	-1.800000E+5	1.515574E+0	4.699932E-3
-1.800000E+5	-1.800000E+5	1.609613E+0	6.215875E-3
-1.600000E+5	-1.800000E+5	1.760905E+0	1.234274E-2
-1.400000E+5	-1.800000E+5	1.890350E+0	1.207319E-2
-1.200000E+5	-1.800000E+5	2.006171E+0	4.505214E-3
-1.000000E+5	-1.800000E+5	2.122976E+0	3.044241E-2
-8.000000E+4	-1.800000E+5	2.179152E+0	1.235628E-2
-6.000000E+4	-1.800000E+5	2.261512E+0	2.132249E-2
-4.000000E+4	-1.800000E+5	2.258154E+0	5.434498E-3
-2.000000E+4	-1.800000E+5	2.254570E+0	9.290006E-3
0.000000E+0	-1.800000E+5	2.282812E+0	1.111640E-2
2.000000E+4	-1.800000E+5	2.252598E+0	1.516748E-2
4.000000E+4	-1.800000E+5	2.273187E+0	1.679324E-2
6.000000E+4	-1.800000E+5	2.248679E+0	1.131047E-2
8.000000E+4	-1.800000E+5	2.197222E+0	9.911313E-3
1.000000E+5	-1.800000E+5	2.148987E+0	1.425656E-2
1.200000E+5	-1.800000E+5	2.053566E+0	1.380988E-2
1.400000E+5	-1.800000E+5	1.971788E+0	1.583998E-2
1.600000E+5	-1.800000E+5	1.882248E+0	8.609345E-3
1.800000E+5	-1.800000E+5	1.818237E+0	8.702628E-3
2.000000E+5	-1.800000E+5	1.725053E+0	1.321824E-2
2.200000E+5	-1.800000E+5	1.608694E+0	8.012770E-3
2.400000E+5	-1.800000E+5	1.529494E+0	1.121374E-2
2.600000E+5	-1.800000E+5	1.379065E+0	1.000352E-2
2.800000E+5	-1.800000E+5	1.315960E+0	1.028022E-2
3.000000E+5	-1.800000E+5	1.211791E+0	1.379221E-2
3.200000E+5	-1.800000E+5	1.118114E+0	1.448462E-2
3.400000E+5	-1.800000E+5	1.052035E+0	9.586131E-3
-3.400000E+5	-1.600000E+5	1.084547E+0	9.028200E-3
-3.200000E+5	-1.600000E+5	1.133528E+0	2.360846E-2
-3.000000E+5	-1.600000E+5	1.220640E+0	1.257981E-2
-2.800000E+5	-1.600000E+5	1.246201E+0	2.694430E-2
-2.600000E+5	-1.600000E+5	1.326393E+0	5.269068E-3
-2.400000E+5	-1.600000E+5	1.394296E+0	6.326090E-3
-2.200000E+5	-1.600000E+5	1.447795E+0	2.762345E-2
-2.000000E+5	-1.600000E+5	1.577635E+0	1.181060E-2
-1.800000E+5	-1.600000E+5	1.699362E+0	1.938303E-2
-1.600000E+5	-1.600000E+5	1.871354E+0	7.393823E-3
-1.400000E+5	-1.600000E+5	1.971175E+0	3.002897E-2
-1.200000E+5	-1.600000E+5	2.130848E+0	1.368932E-2
-1.000000E+5	-1.600000E+5	2.277324E+0	9.773037E-3
-8.000000E+4	-1.600000E+5	2.322431E+0	1.866635E-2
-6.000000E+4	-1.600000E+5	2.404444E+0	2.187304E-2
-4.000000E+4	-1.600000E+5	2.446998E+0	1.082542E-2
-2.000000E+4	-1.600000E+5	2.468019E+0	1.528766E-2
0.000000E+0	-1.600000E+5	2.461072E+0	1.244077E-2
2.000000E+4	-1.600000E+5	2.458990E+0	7.801255E-3
4.000000E+4	-1.600000E+5	2.419298E+0	1.688450E-2
6.000000E+4	-1.600000E+5	2.348947E+0	2.218596E-2
8.000000E+4	-1.600000E+5	2.286763E+0	8.509963E-3
1.000000E+5	-1.600000E+5	2.239283E+0	1.319539E-2
1.200000E+5	-1.600000E+5	2.138296E+0	8.437163E-3
1.400000E+5	-1.600000E+5	2.023680E+0	9.970660E-3
1.600000E+5	-1.600000E+5	1.963564E+0	1.016636E-2
1.800000E+5	-1.600000E+5	1.908279E+0	1.730730E-2
2.000000E+5	-1.600000E+5	1.830786E+0	1.572295E-2
2.200000E+5	-1.600000E+5	1.685480E+0	1.672160E-2
2.400000E+5	-1.600000E+5	1.563232E+0	9.513465E-3
2.600000E+5	-1.600000E+5	1.478487E+0	1.188616E-2
2.800000E+5	-1.600000E+5	1.395512E+0	7.292358E-3
3.000000E+5	-1.600000E+5	1.293398E+0	7.067022E-3
3.200000E+5	-1.600000E+5	1.194757E+0	1.781187E-2
3.400000E+5	-1.600000E+5	1.108118E+0	1.138061E-2
-3.400000E+5	-1.400000E+5	1.109113E+0	1.033723E-2
-3.200000E+5	-1.400000E+5	1.187685E+0	6.266162E-3
-3.000000E+5	-1.400000E+5	1.267598E+0	5.735658E-3
-2.800000E+5	-1.400000E+5	1.365654E+0	1.688146E-2
-2.600000E+5	-1.400000E+5	1.371170E+0	6.894508E-3
-2.400000E+5	-1.400000E+5	1.461919E+0	4.525062E-2
-2.200000E+5	-1.400000E+5	1.537934E+0	1.282454E-2
-2.000000E+5	-1.400000E+5	1.644904E+0	6.773633E-3
-1.800000E+5	-1.400000E+5	1.805473E+0	1.076199E-2
-1.600000E+5	-1.400000E+5	1.950442E+0	7.365381E-3
-1.400000E+5	-1.400000E+5	2.108109E+0	1.663860E-2
-1.200000E+5	-1.400000E+5	2.267898E+0	2.119720E-2
-1.000000E+5	-1.400000E+5	2.367914E+0	9.616456E-3
-8.000000E+4	-1.400000E+5	2.459097E+0	1.173931E-2
-6.000000E+4	-1.400000E+5	2.514221E+0	1.202727E-2
-4.000000E+4	-1.400000E+5	2.560958E+0	7.533854E-3
-2.000000E+4	-1.400000E+5	2.610638E+0	1.320346E-2
0.000000E+0	-1.400000E+5	2.590999E+0	1.157213E-2
2.000000E+4	-1.400000E+5	2.529082E+0	1.281310E-2
4.000000E+4	-1.400000E+5	2.533304E+0	9.987180E-3
6.000000E+4	-1.400000E+5	2.467290E+0	1.577686E-2
8.000000E+4	-1.400000E+5	2.302731E+0	1.046252E-2
1.000000E+5	-1.400000E+5	2.210482E+0	6.710033E-3
1.200000E+5	-1.400000E+5	2.102355E+0	8.704003E-3
1.400000E+5	-1.400000E+5	1.972244E+0	8.327746E-3
1.600000E+5	-1.400000E+5	1.920937E+0	7.414389E-3
1.800000E+5	-1.400000E+5	1.825332E+0	1.580318E-2
2.000000E+5	-1.400000E+5	1.748007E+0	9.175887E-3
2.200000E+5	-1.400000E+5	1.665794E+0	1.303430E-2
2.400000E+5	-1.400000E+5	1.534541E+0	1.377694E-2
2.600000E+5	-1.400000E+5	1.428730E+0	6.926334E-3
2.800000E+5	-1.400000E+5	1.350325E+0	6.189489E-3
3.000000E+5	-1.400000E+5	1.274942E+0	9.890985E-3
3.200000E+5	-1.400000E+5	1.183866E+0	1.554457E-2
3.400000E+5	-1.400000E+5	1.087691E+0	1.053813E-2
-3.400000E+5	-1.200000E+5	1.123741E+0	5.533043E-3
-3.200000E+5	-1.200000E+5	1.225083E+0	6.921356E-3
-3.000000E+5	-1.200000E+5	1.349838E+0	1.331785E-2
-2.800000E+5	-1.200000E+5	1.416563E+0	6.198356E-3
-2.600000E+5	-1.200000E+5	1.450416E+0	5.888217E-3
-2.400000E+5	-1.200000E+5	1.540924E+0	6.911671E-3
-2.200000E+5	-1.200000E+5	1.628593E+0	1.111434E-2
-2.000000E+5	-1.200000E+5	1.768910E+0	9.078738E-3
-1.800000E+5	-1.200000E+5	1.926725E+0	6.617859E-3
-1.600000E+5	-1.200000E+5	2.040424E+0	8.229460E-3
-1.400000E+5	-1.200000E+5	2.216409E+0	2.060762E-2
-1.200000E+5	-1.200000E+5	2.400296E+0	1.135866E-2
-1.000000E+5	-1.200000E+5	2.482223E+0	3.015916E-2
-8.000000E+4	-1.200000E+5	2.596140E+0	1.072090E-2
-6.000000E+4	-1.200000E+5	2.658551E+0	1.151055E-2
-4.000000E+4	-1.200000E+5	2.740047E+0	1.637993E-2
-2.000000E+4	-1.200000E+5	2.771192E+0	1.615208E-2
0.000000E+0	-1.200000E+5	2.782803E+0	3.258081E-2
2.000000E+4	-1.200000E+5	2.744469E+0	4.956441E-3
4.000000E+4	-1.200000E+5	2.696206E+0	7.551344E-3
6.000000E+4	-1.200000E+5	2.612231E+0	1.314839E-2
8.000000E+4	-1.200000E+5	2.482762E+0	2.623035E-2
1.000000E+5	-1.200000E+5	2.335901E+0	1.627349E-2
1.200000E+5	-1.200000E+5	2.186772E+0	1.121180E-2
1.400000E+5	-1.200000E+5	2.053673E+0	8.267986E-3
1.600000E+5	-1.200000E+5	1.940872E+0	1.611452E-2
1.800000E+5	-1.200000E+5	1.875226E+0	6.472365E-3
2.000000E+5	-1.200000E+5	1.762718E+0	1.168579E-2
2.200000E+5	-1.200000E+5	1.649617E+0	1.114966E-2
2.400000E+5	-1.200000E+5	1.543801E+0	9.401228E-3
2.600000E+5	-1.200000E+5	1.423521E+0	1.124647E-2
2.800000E+5	-1.200000E+5	1.347398E+0	1.142723E-2
3.000000E+5	-1.200000E+5	1.237779E+0	9.263716E-3
3.200000E+5	-1.200000E+5	1.155884E+0	6.176455E-3
3.400000E+5	-1.200000E+5	1.066562E+0	1.038130E-2
-3.400000E+5	-1.000000E+5	1.227303E+0	1.600609E-2
-3.200000E+5	-1.000000E+5	1.387166E+0	2.449279E-2
-3.000000E+5	-1.000000E+5	1.400704E+0	5.334368E-3
-2.800000E+5	-1.000000E+5	1.511570E+0	3.494445E-2
-2.600000E+5	-1.000000E+5	1.539366E+0	4.859610E-3
-2.400000E+5	-1.000000E+5	1.626128E+0	2.545556E-2
-2.200000E+5	-1.000000E+5	1.734664E+0	7.995847E-3
-2.000000E+5	-1.000000E+5	1.892176E+0	5.843542E-3
-1.800000E+5	-1.000000E+5	2.032553E+0	1.151071E-2
-1.600000E+5	-1.000000E+5	2.211641E+0	1.202068E-2
-1.400000E+5	-1.000000E+5	2.441589E+0	3.624133E-2
-1.200000E+5	-1.000000E+5	2.539053E+0	5.098104E-3
-1.000000E+5	-1.000000E+5	2.658037E+0	1.373926E-2
-8.000000E+4	-1.000000E+5	2.804618E+0	1.764275E-2
-6.000000E+4	-1.000000E+5	2.904037E+0	1.322266E-2
-4.000000E+4	-1.000000E+5	2.975732E+0	8.924192E-3
-2.000000E+4	-1.000000E+5	3.071663E+0	1.423149E-2
0.000000E+0	-1.000000E+5	3.055330E+0	1.671057E-2
2.000000E+4	-1.000000E+5	3.006428E+0	9.552000E-3
4.000000E+4	-1.000000E+5	2.928062E+0	2.057955E-2
6.000000E+4	-1.000000E+5	2.788832E+0	1.572470E-2
8.000000E+4	-1.000000E+5	2.656747E+0	6.562525E-3
1.000000E+5	-1.000000E+5	2.475839E+0	5.058849E-3
1.200000E+5	-1.000000E+5	2.296618E+0	1.108833E-2
1.400000E+5	-1.000000E+5	2.118562E+0	7.817079E-3
1.600000E+5	-1.000000E+5	2.007789E+0	1.398011E-2
1.800000E+5	-1.000000E+5	1.899896E+0	1.587215E-2
2.000000E+5	-1.000000E+5	1.791762E+0	1.111772E-2
2.200000E+5	-1.000000E+5	1.667810E+0	1.351364E-2
2.400000E+5	-1.000000E+5	1.567320E+0	1.132429E-2
2.600000E+5	-1.000000E+5	1.453318E+0	1.682439E-2
2.800000E+5	-1.000000E+5	1.367879E+0	1.434543E-2
3.000000E+5	-1.000000E+5	1.283867E+0	2.301496E-2
3.200000E+5	-1.000000E+5	1.190694E+0	1.442335E-2
3.400000E+5	-1.000000E+5	1.102792E+0	1.185781E-2
-3.400000E+5	-8.000000E+4	1.314645E+0	9.861607E-3
-3.200000E+5	-8.000000E+4	1.363512E+0	2.080895E-2
-3.000000E+5	-8.000000E+4	1.459314E+0	1.044766E-2
-2.800000E+5	-8.000000E+4	1.501944E+0	2.135219E-2
-2.600000E+5	-8.000000E+4	1.618732E+0	8.068985E-3
-2.400000E+5	-8.000000E+4	1.720977E+0	1.032865E-2
-2.200000E+5	-8.000000E+4	1.839129E+0	1.740960E-2
-2.000000E+5	-8.000000E+4	1.987541E+0	1.295299E-2
-1.800000E+5	-8.000000E+4	2.169372E+0	1.250989E-2
-1.600000E+5	-8.000000E+4	2.368333E+0	8.206698E-3
-1.400000E+5	-8.000000E+4	2.529191E+0	1.618179E-2
-1.200000E+5	-8.000000E+4	2.725849E+0	1.250468E-2
-1.000000E+5	-8.000000E+4	2.861689E+0	6.246323E-3
-8.000000E+4	-8.000000E+4	3.037190E+0	1.381693E-2
-6.000000E+4	-8.000000E+4	3.202311E+0	6.909442E-3
-4.000000E+4	-8.000000E+4	3.311330E+0	2.129870E-2
-2.000000E+4	-8.000000E+4	3.382838E+0	1.196361E-2
0.000000E+0	-8.000000E+4	3.385233E+0	6.429928E-3
2.000000E+4	-8.000000E+4	3.291891E+0	1.317925E-2
4.000000E+4	-8.000000E+4	3.175499E+0	1.508450E-2
6.000000E+4	-8.000000E+4	3.047645E+0	1.732768E-2
8.000000E+4	-8.000000E+4	2.824131E+0	2.636490E-2
1.000000E+5	-8.000000E+4	2.606713E+0	5.746613E-3
1.200000E+5	-8.000000E+4	2.415466E+0	1.221578E-2
1.400000E+5	-8.000000E+4	2.217188E+0	5.685603E-3
1.600000E+5	-8.000000E+4	2.053902E+0	8.808271E-3
1.800000E+5	-8.000000E+4	1.937885E+0	1.066965E-2
2.000000E+5	-8.000000E+4	1.815437E+0	1.644049E-2
2.200000E+5	-8.000000E+4	1.700931E+0	1.672615E-2
2.400000E+5	-8.000000E+4	1.598025E+0	8.069049E-3
2.600000E+5	-8.000000E+4	1.496177E+0	2.225138E-2
2.800000E+5	-8.000000E+4	1.410474E+0	1.177336E-2
3.000000E+5	-8.000000E+4	1.337512E+0	1.298658E-2
3.200000E+5	-8.000000E+4	1.214236E+0	1.442751E-2
3.400000E+5	-8.000000E+4	1.106774E+0	5.469359E-3
-3.400000E+5	-6.000000E+4	1.368021E+0	5.826631E-3
-3.200000E+5	-6.000000E+4	1.466628E+0	8.140545E-3
-3.000000E+5	-6.000000E+4	1.538273E+0	1.714850E-2
-2.800000E+5	-6.000000E+4	1.650509E+0	3.114695E-2
-2.600000E+5	-6.000000E+4	1.718281E+0	9.500171E-3
-2.400000E+5	-6.000000E+4	1.845629E+0	2.038480E-2
-2.200000E+5	-6.000000E+4	1.946164E+0	6.113454E-3
-2.000000E+5	-6.000000E+4	2.098123E+0	9.650708E-3
-1.800000E+5	-6.000000E+4	2.277939E+0	6.116828E-3
-1.600000E+5	-6.000000E+4	2.497355E+0	1.211869E-2
-1.400000E+5	-6.000000E+4	2.707395E+0	1.236386E-2
-1.200000E+5	-6.000000E+4	2.883598E+0	7.762139E-3
-1.000000E+5	-6.000000E+4	3.027187E+0	1.206502E-2
-8.000000E+4	-6.000000E+4	3.244088E+0	1.122122E-2
-6.000000E+4	-6.000000E+4	3.440109E+0	2.690325E-2
-4.000000E+4	-6.000000E+4	3.645842E+0	2.851313E-2
-2.000000E+4	-6.000000E+4	3.747742E+0	1.098832E-2
0.000000E+0	-6.000000E+4	3.684032E+0	1.475200E-2
2.000000E+4	-6.000000E+4	3.559999E+0	1.400370E-2
4.000000E+4	-6.000000E+4	3.356373E+0	1.732293E-2
6.000000E+4	-6.000000E+4	3.234063E+0	2.616803E-2
8.000000E+4	-6.000000E+4	2.948083E+0	1.579065E-2
1.000000E+5	-6.000000E+4	2.714711E+0	1.465771E-2
1.200000E+5	-6.000000E+4	2.467578E+0	1.292868E-2
1.400000E+5	-6.000000E+4	2.266983E+0	1.502905E-2
1.600000E+5	-6.000000E+4	2.079951E+0	9.525936E-3
1.800000E+5	-6.000000E+4	1.938277E+0	9.615737E-3
2.000000E+5	-6.000000E+4	1.826789E+0	5.869600E-3
2.200000E+5	-6.000000E+4	1.683510E+0	1.454432E-2
2.400000E+5	-6.000000E+4	1.605809E+0	6.767136E-3
2.600000E+5	-6.000000E+4	1.529800E+0	8.533187E-3
2.800000E+5	-6.000000E+4	1.435470E+0	8.133155E-3
3.000000E+5	-6.000000E+4	1.355458E+0	6.606934E-3
3.200000E+5	-6.000000E+4	1.223895E+0	1.324033E-2
3.400000E+5	-6.000000E+4	1.131451E+0	8.574580E-3
-3.400000E+5	-4.000000E+4	1.330489E+0	7.526017E-3
-3.200000E+5	-4.000000E+4	1.439046E+0	1.718073E-2
-3.000000E+5	-4.000000E+4	1.509219E+0	6.534731E-3
-2.800000E+5	-4.000000E+4	1.554248E+0	1.038119E-2
-2.600000E+5	-4.000000E+4	1.652646E+0	1.616480E-2
-2.400000E+5	-4.000000E+4	1.780506E+0	1.363456E-2
-2.200000E+5	-4.000000E+4	1.933233E+0	6.106054E-3
-2.000000E+5	-4.000000E+4	2.108733E+0	4.402307E-3
-1.800000E+5	-4.000000E+4	2.289737E+0	1.098895E-2
-1.600000E+5	-4.000000E+4	2.506904E+0	1.207238E-2
-1.400000E+5	-4.000000E+4	2.703427E+0	7.597380E-3
-1.200000E+5	-4.000000E+4	2.898400E+0	1.363947E-2
-1.000000E+5	-4.000000E+4	3.121629E+0	1.228951E-2
-8.000000E+4	-4.000000E+4	3.377801E+0	1.961806E-2
-6.000000E+4	-4.000000E+4	3.708689E+0	1.831260E-2
-4.000000E+4	-4.000000E+4	3.925211E+0	3.025867E-2
-2.000000E+4	-4.000000E+4	3.987055E+0	7.206133E-3
0.000000E+0	-4.000000E+4	3.967428E+0	1.481908E-2
2.000000E+4	-4.000000E+4	3.801799E+0	8.794231E-3
4.000000E+4	-4.000000E+4	3.552072E+0	1.033807E-2
6.000000E+4	-4.000000E+4	3.217029E+0	2.511765E-2
8.000000E+4	-4.000000E+4	3.062143E+0	1.826671E-2
1.000000E+5	-4.000000E+4	2.828601E+0	1.560818E-2
1.200000E+5	-4.000000E+4	2.527630E+0	6.242586E-3
1.400000E+5	-4.000000E+4	2.291283E+0	1.162668E-2
1.600000E+5	-4.000000E+4	2.106873E+0	1.315319E-2
1.800000E+5	-4.000000E+4	1.946345E+0	6.044514E-3
2.000000E+5	-4.000000E+4	1.788875E+0	6.054623E-3
2.200000E+5	-4.000000E+4	1.648183E+0	6.852306E-3
2.400000E+5	-4.000000E+4	1.561530E+0	1.265355E-2
2.600000E+5	-4.000000E+4	1.498868E+0	4.951130E-3
2.800000E+5	-4.000000E+4	1.424315E+0	1.236817E-2
3.000000E+5	-4.000000E+4	1.321774E+0	9.296687E-3
3.200000E+5	-4.000000E+4	1.245985E+0	1.367621E-2
3.400000E+5	-4.000000E+4	1.135037E+0	1.122092E-2
-3.400000E+5	-2.000000E+4	1.261022E+0	9.665938E-3
-3.200000E+5	-2.000000E+4	1.374189E+0	9.845212E-3
-3.000000E+5	-2.000000E+4	1.434838E+0	7.198238E-3
-2.800000E+5	-2.000000E+4	1.522647E+0	1.298384E-2
-2.600000E+5	-2.000000E+4	1.595602E+0	1.131522E-2
-2.400000E+5	-2.000000E+4	1.704581E+0	3.234564E-2
-2.200000E+5	-2.000000E+4	1.886037E+0	9.770925E-3
-2.000000E+5	-2.000000E+4	2.039007E+0	2.218572E-2
-1.800000E+5	-2.000000E+4	2.210065E+0	2.922607E-2
-1.600000E+5	-2.000000E+4	2.450675E+0	1.091390E-2
-1.400000E+5	-2.000000E+4	2.646387E+0	6.058383E-3
-1.200000E+5	-2.000000E+4	2.903859E+0	7.822739E-3
-1.000000E+5	-2.000000E+4	3.160472E+0	9.253635E-3
-8.000000E+4	-2.000000E+4	3.418440E+0	1.050448E-2
-6.000000E+4	-2.000000E+4	3.696746E+0	2.292110E-2
-4.000000E+4	-2.000000E+4	3.938015E+0	1.703922E-2
-2.000000E+4	-2.000000E+4	4.049254E+0	7.900608E-3
0.000000E+0	-2.000000E+4	4.024508E+0	3.017086E-2
2.000000E+4	-2.000000E+4	3.862791E+0	1.538927E-2
4.000000E+4	-2.000000E+4	3.612051E+0	5.973576E-3
6.000000E+4	-2.000000E+4	3.231573E+0	1.272824E-2
8.000000E+4	-2.000000E+4	2.899340E+0	2.701510E-2
1.000000E+5	-2.000000E+4	2.632425E+0	1.332998E-2
1.200000E+5	-2.000000E+4	2.382506E+0	1.791917E-2
1.400000E+5	-2.000000E+4	2.167974E+0	1.108127E-2
1.600000E+5	-2.000000E+4	1.984521E+0	9.182521E-3
1.800000E+5	-2.000000E+4	1.794660E+0	1.134166E-2
2.000000E+5	-2.000000E+4	1.675583E+0	8.523890E-3
2.200000E+5	-2.000000E+4	1.557556E+0	1.646898E-2
2.400000E+5	-2.000000E+4	1.440593E+0	1.219671E-2
2.600000E+5	-2.000000E+4	1.407108E+0	1.211589E-2
2.800000E+5	-2.000000E+4	1.345061E+0	1.132273E-2
3.000000E+5	-2.000000E+4	1.275479E+0	5.962978E-3
3.200000E+5	-2.000000E+4	1.175848E+0	1.130085E-2
3.400000E+5	-2.000000E+4	1.067205E+0	2.410330E-2
-3.400000E+5	0.000000E+0	1.186531E+0	7.782196E-2
-3.200000E+5	0.000000E+0	1.540265E+0	2.966274E-2
-3.000000E+5	0.000000E+0	1.489410E+0	6.388933E-2
-2.800000E+5	0.000000E+0	1.638305E+0	8.560015E-3
-2.600000E+5	0.000000E+0	1.708972E+0	2.139379E-2
-2.400000E+5	0.000000E+0	1.869814E+0	8.807662E-3
-2.200000E+5	0.000000E+0	2.035963E+0	3.021982E-2
-2.000000E+5	0.000000E+0	2.176657E+0	1.979899E-2
-1.800000E+5	0.000000E+0	2.367255E+0	1.641447E-2
-1.600000E+5	0.000000E+0	2.615303E+0	5.316219E-3
-1.400000E+5	0.000000E+0	2.816823E+0	1.064476E-2
-1.200000E+5	0.000000E+0	3.069068E+0	1.363063E-2
-1.000000E+5	0.000000E+0	3.372253E+0	5.576185E-3
-8.000000E+4	0.000000E+0	3.681385E+0	7.225524E-3
-6.000000E+4	0.000000E+0	3.982829E+0	1.053427E-2
-4.000000E+4	0.000000E+0	4.221758E+0	1.134285E-2
-2.000000E+4	0.000000E+0	4.359915E+0	8.127142E-3
0.000000E+0	0.000000E+0	4.302660E+0	2.971586E-2
2.000000E+4	0.000000E+0	4.142796E+0	1.100497E-2
4.000000E+4	0.000000E+0	3.804377E+0	1.355813E-2
6.000000E+4	0.000000E+0	3.466495E+0	1.002652E-2
8.000000E+4	0.000000E+0	3.079682E+0	1.026846E-2
1.000000E+5	0.000000E+0	2.748755E+0	9.018005E-3
1.200000E+5	0.000000E+0	2.501487E+0	1.721817E-2
1.400000E+5	0.000000E+0	2.256240E+0	1.310901E-2
1.600000E+5	0.000000E+0	2.035395E+0	1.587954E-2
1.800000E+5	0.000000E+0	1.875243E+0	1.031094E-2
2.000000E+5	0.000000E+0	1.722689E+0	9.581667E-3
2.200000E+5	0.000000E+0	1.610514E+0	1.042771E-2
2.400000E+5	0.000000E+0	1.493337E+0	8.529946E-3
2.600000E+5	0.000000E+0	1.474158E+0	1.537373E-2
2.800000E+5	0.000000E+0	1.374453E+0	1.470484E-2
3.000000E+5	0.000000E+0	1.328689E+0	1.920524E-2
3.200000E+5	0.000000E+0	1.247250E+0	9.013332E-3
3.400000E+5	0.000000E+0	1.118242E+0	4.831075E-3
-3.400000E+5	2.000000E+4	1.352794E+0	9.777562E-3
-3.200000E+5	2.000000E+4	1.491051E+0	1.401099E-2
-3.000000E+5	2.000000E+4	1.568205E+0	7.859777E-3
-2.800000E+5	2.000000E+4	1.663679E+0	1.380077E-2
-2.600000E+5	2.000000E+4	1.747835E+0	1.091417E-2
-2.400000E+5	2.000000E+4	1.912583E+0	1.359794E-2
-2.200000E+5	2.000000E+4	2.034496E+0	7.997565E-3
-2.000000E+5	2.000000E+4	2.242993E+0	1.443620E-2
-1.800000E+5	2.000000E+4	2.417143E+0	2.076244E-2
-1.600000E+5	2.000000E+4	2.667479E+0	7.768213E-3
-1.400000E+5	2.000000E+4	2.882293E+0	2.664180E-2
-1.200000E+5	2.000000E+4	3.183578E+0	1.300673E-2
-1.000000E+5	2.000000E+4	3.442544E+0	2.728704E-2
-8.000000E+4	2.000000E+4	3.755309E+0	5.689082E-3
-6.000000E+4	2.000000E+4	4.038018E+0	2.352910E-2
-4.000000E+4	2.000000E+4	4.263190E+0	7.304219E-3
-2.000000E+4	2.000000E+4	4.373400E+0	1.338437E-2
0.000000E+0	2.000000E+4	4.337074E+0	3.335857E-2
2.000000E+4	2.000000E+4	4.121108E+0	1.504015E-2
4.000000E+4	2.000000E+4	3.816867E+0	8.803513E-3
6.000000E+4	2.000000E+4	3.392142E+0	2.526430E-2
8.000000E+4	2.000000E+4	3.010082E+0	1.775177E-2
1.000000E+5	2.000000E+4	2.726878E+0	6.467905E-3
1.200000E+5	2.000000E+4	2.478892E+0	9.754541E-3
1.400000E+5	2.000000E+4	2.258252E+0	2.430769E-2
1.600000E+5	2.000000E+4	2.065818E+0	1.723244E-2
1.800000E+5	2.000000E+4	1.891690E+0	5.412738E-3
2.000000E+5	2.000000E+4	1.700217E+0	1.478786E-2
2.200000E+5	2.000000E+4	1.580013E+0	8.709697E-3
2.400000E+5	2.000000E+4	1.470763E+0	1.050317E-2
2.600000E+5	2.000000E+4	1.443662E+0	2.035246E-2
2.800000E+5	2.000000E+4	1.337430E+0	5.154189E-3
3.000000E+5	2.000000E+4	1.297277E+0	1.610175E-2
3.200000E+5	2.000000E+4	1.201602E+0	1.026106E-2
3.400000E+5	2.000000E+4	1.062911E+0	1.094117E-2
-3.400000E+5	4.000000E+4	1.378290E+0	1.028853E-2
-3.200000E+5	4.000000E+4	1.500732E+0	1.251900E-2
-3.000000E+5	4.000000E+4	1.567945E+0	6.441016E-3
-2.800000E+5	4.000000E+4	1.691196E+0	2.403789E-2
-2.600000E+5	4.000000E+4	1.792892E+0	1.158784E-2
-2.400000E+5	4.000000E+4	1.914496E+0	1.578805E-2
-2.200000E+5	4.000000E+4	2.084736E+0	6.654566E-3
-2.000000E+5	4.000000E+4	2.253474E+0	9.374248E-3
-1.800000E+5	4.000000E+4	2.502257E+0	9.663165E-3
-1.600000E+5	4.000000E+4	2.686197E+0	8.013896E-3
-1.400000E+5	4.000000E+4	3.014407E+0	4.445893E-2
-1.200000E+5	4.000000E+4	3.204244E+0	7.087756E-3
-1.000000E+5	4.000000E+4	3.497561E+0	1.757560E-2
-8.000000E+4	4.000000E+4	3.822024E+0	4.338092E-2
-6.000000E+4	4.000000E+4	4.048132E+0	7.784520E-3
-4.000000E+4	4.000000E+4	4.226232E+0	1.635451E-2
-2.000000E+4	4.000000E+4	4.243271E+0	1.447485E-2
0.000000E+0	4.000000E+4	4.223684E+0	1.345284E-2
2.000000E+4	4.000000E+4	4.022561E+0	9.333548E-3
4.000000E+4	4.000000E+4	3.758137E+0	1.806011E-2
6.000000E+4	4.000000E+4	3.358354E+0	2.206829E-2
8.000000E+4	4.000000E+4	2.967060E+0	6.767244E-3
1.000000E+5	4.000000E+4	2.648081E+0	4.783249E-3
1.200000E+5	4.000000E+4	2.398719E+0	5.639134E-3
1.400000E+5	4.000000E+4	2.234095E+0	9.889229E-3
1.600000E+5	4.000000E+4	2.030312E+0	1.109635E-2
1.800000E+5	4.000000E+4	1.886015E+0	8.287532E-3
2.000000E+5	4.000000E+4	1.723832E+0	1.154259E-2
2.200000E+5	4.000000E+4	1.555467E+0	7.583123E-3
2.400000E+5	4.000000E+4	1.458620E+0	2.440681E-2
2.600000E+5	4.000000E+4	1.390304E+0	1.662727E-2
2.800000E+5	4.000000E+4	1.352792E+0	9.725040E-3
3.000000E+5	4.000000E+4	1.255396E+0	1.149303E-2
3.200000E+5	4.000000E+4	1.161320E+0	1.342409E-2
3.400000E+5	4.000000E+4	1.067516E+0	1.794565E-2
-3.400000E+5	6.000000E+4	1.325016E+0	7.650053E-3
-3.200000E+5	6.000000E+4	1.437803E+0	7.334427E-3
-3.000000E+5	6.000000E+4	1.580078E+0	4.954805E-3
-2.800000E+5	6.000000E+4	1.659921E+0	1.674202E-2
-2.600000E+5	6.000000E+4	1.769707E+0	9.774268E-3
-2.400000E+5	6.000000E+4	1.960297E+0	2.220766E-2
-2.200000E+5	6.000000E+4	2.078986E+0	2.432931E-2
-2.000000E+5	6.000000E+4	2.307752E+0	5.413444E-3
-1.800000E+5	6.000000E+4	2.504157E+0	1.933097E-2
-1.600000E+5	6.000000E+4	2.713614E+0	1.776308E-2
-1.400000E+5	6.000000E+4	2.938890E+0	9.493647E-3
-1.200000E+5	6.000000E+4	3.213402E+0	6.584272E-3
-1.000000E+5	6.000000E+4	3.474336E+0	1.812179E-2
-8.000000E+4	6.000000E+4	3.653323E+0	2.571931E-2
-6.000000E+4	6.000000E+4	3.891111E+0	7.741032E-3
-4.000000E+4	6.000000E+4	4.021989E+0	1.533646E-2
-2.000000E+4	6.000000E+4	4.035177E+0	8.478633E-3
0.000000E+0	6.000000E+4	3.919671E+0	1.259628E-2
2.000000E+4	6.000000E+4	3.746176E+0	1.106657E-2
4.000000E+4	6.000000E+4	3.473765E+0	1.304356E-2
6.000000E+4	6.000000E+4	3.102925E+0	1.324338E-2
8.000000E+4	6.000000E+4	2.808938E+0	1.353542E-2
1.000000E+5	6.000000E+4	2.543628E+0	8.492091E-3
1.200000E+5	6.000000E+4	2.299920E+0	9.189070E-3
1.400000E+5	6.000000E+4	2.209074E+0	1.443772E-2
1.600000E+5	6.000000E+4	2.035764E+0	9.961853E-3
1.800000E+5	6.000000E+4	1.865359E+0	1.183193E-2
2.000000E+5	6.000000E+4	1.673971E+0	1.074014E-2
2.200000E+5	6.000000E+4	1.530672E+0	1.389504E-2
2.400000E+5	6.000000E+4	1.443475E+0	2.070794E-2
2.600000E+5	6.000000E+4	1.365143E+0	9.891165E-3
2.800000E+5	6.000000E+4	1.306172E+0	8.087956E-3
3.000000E+5	6.000000E+4	1.215536E+0	8.262949E-3
3.200000E+5	6.000000E+4	1.140544E+0	1.053524E-2
3.400000E+5	6.000000E+4	1.042449E+0	1.376656E-2
-3.400000E+5	8.000000E+4	1.205902E+0	7.029783E-3
-3.200000E+5	8.000000E+4	1.314904E+0	8.312374E-3
-3.000000E+5	8.000000E+4	1.423962E+0	7.476527E-3
-2.800000E+5	8.000000E+4	1.543634E+0	1.277241E-2
-2.600000E+5	8.000000E+4	1.639155E+0	9.409957E-3
-2.400000E+5	8.000000E+4	1.783722E+0	1.038136E-2
-2.200000E+5	8.000000E+4	1.957241E+0	1.128698E-2
-2.000000E+5	8.000000E+4	2.164556E+0	3.071214E-2
-1.800000E+5	8.000000E+4	2.350358E+0	1.139857E-2
-1.600000E+5	8.000000E+4	2.566394E+0	1.034957E-2
-1.400000E+5	8.000000E+4	2.771497E+0	1.292502E-2
-1.200000E+5	8.000000E+4	3.009967E+0	7.658353E-3
-1.000000E+5	8.000000E+4	3.255848E+0	7.596083E-3
-8.000000E+4	8.000000E+4	3.441502E+0	8.076220E-3
-6.000000E+4	8.000000E+4	3.600866E+0	2.369063E-2
-4.000000E+4	8.000000E+4	3.614714E+0	6.128648E-3
-2.000000E+4	8.000000E+4	3.620449E+0	1.232733E-2
0.000000E+0	8.000000E+4	3.539011E+0	7.803265E-3
2.000000E+4	8.000000E+4	3.363655E+0	6.866570E-3
4.000000E+4	8.000000E+4	3.139555E+0	8.867976E-3
6.000000E+4	8.000000E+4	2.851700E+0	1.015699E-2
8.000000E+4	8.000000E+4	2.583660E+0	1.120416E-2
1.000000E+5	8.000000E+4	2.369076E+0	1.211933E-2
1.200000E+5	8.000000E+4	2.205876E+0	1.452399E-2
1.400000E+5	8.000000E+4	2.083283E+0	9.408447E-3
1.600000E+5	8.000000E+4	1.981939E+0	1.937764E-2
1.800000E+5	8.000000E+4	1.796372E+0	2.282551E-2
2.000000E+5	8.000000E+4	1.629103E+0	1.523065E-2
2.200000E+5	8.000000E+4	1.497555E+0	1.442369E-2
2.400000E+5	8.000000E+4	1.414679E+0	5.340699E-3
2.600000E+5	8.000000E+4	1.362033E+0	7.304098E-3
2.800000E+5	8.000000E+4	1.252967E+0	1.255923E-2
3.000000E+5	8.000000E+4	1.205482E+0	8.628606E-3
3.200000E+5	8.000000E+4	1.118266E+0	1.037862E-2
3.400000E+5	8.000000E+4	9.967542E-1	1.531611E-2
-3.400000E+5	1.000000E+5	1.049770E+0	5.320048E-3
-3.200000E+5	1.000000E+5	1.159634E+0	9.412417E-3
-3.000000E+5	1.000000E+5	1.283864E+0	1.366546E-2
-2.800000E+5	1.000000E+5	1.410515E+0	7.881652E-3
-2.600000E+5	1.000000E+5	1.529371E+0	1.914968E-2
-2.400000E+5	1.000000E+5	1.636790E+0	1.160484E-2
-2.200000E+5	1.000000E+5	1.815417E+0	9.130094E-3
-2.000000E+5	1.000000E+5	1.996011E+0	1.243478E-2
-1.800000E+5	1.000000E+5	2.144665E+0	1.103249E-2
-1.600000E+5	1.000000E+5	2.347400E+0	1.218658E-2
-1.400000E+5	1.000000E+5	2.572909E+0	7.382966E-3
-1.200000E+5	1.000000E+5	2.677586E+0	1.702039E-2
-1.000000E+5	1.000000E+5	2.878422E+0	1.396446E-2
-8.000000E+4	1.000000E+5	3.042906E+0	2.298671E-2
-6.000000E+4	1.000000E+5	3.113653E+0	2.230050E-2
-4.000000E+4	1.000000E+5	3.132137E+0	2.998224E-2
-2.000000E+4	1.000000E+5	3.064994E+0	8.572192E-3
0.000000E+0	1.000000E+5	2.955560E+0	1.958685E-2
2.000000E+4	1.000000E+5	2.818266E+0	7.154780E-3
4.000000E+4	1.000000E+5	2.634156E+0	9.369165E-3
6.000000E+4	1.000000E+5	2.412631E+0	1.841608E-2
8.000000E+4	1.000000E+5	2.237603E+0	9.804547E-3
1.000000E+5	1.000000E+5	2.107530E+0	1.074243E-2
1.200000E+5	1.000000E+5	1.999851E+0	6.369115E-3
1.400000E+5	1.000000E+5	1.870084E+0	1.011070E-2
1.600000E+5	1.000000E+5	1.753110E+0	1.229692E-2
1.800000E+5	1.000000E+5	1.618881E+0	1.702678E-2
2.000000E+5	1.000000E+5	1.463418E+0	1.347506E-2
2.200000E+5	1.000000E+5	1.354929E+0	1.452749E-2
2.400000E+5	1.000000E+5	1.300880E+0	8.072640E-3
2.600000E+5	1.000000E+5	1.275101E+0	1.468048E-2
2.800000E+5	1.000000E+5	1.212410E+0	9.321637E-3
3.000000E+5	1.000000E+5	1.130444E+0	2.644616E-2
3.200000E+5	1.000000E+5	1.054086E+0	9.785108E-3
3.400000E+5	1.000000E+5	9.593716E-1	4.707922E-3
-3.400000E+5	1.200000E+5	9.743838E-1	1.109196E-2
-3.200000E+5	1.200000E+5	1.041257E+0	9.924817E-3
-3.000000E+5	1.200000E+5	1.431251E+0	1.098099E-2
-2.800000E+5	1.200000E+5	1.545729E+0	2.998452E-2
-2.600000E+5	1.200000E+5	1.637825E+0	5.059264E-2
-2.400000E+5	1.200000E+5	1.770695E+0	9.203918E-3
-2.200000E+5	1.200000E+5	1.977250E+0	6.952434E-3
-2.000000E+5	1.200000E+5	2.163744E+0	2.380715E-2
-1.800000E+5	1.200000E+5	2.262658E+0	1.655256E-2
-1.600000E+5	1.200000E+5	2.404349E+0	1.379063E-2
-1.400000E+5	1.200000E+5	2.574874E+0	1.294758E-2
-1.200000E+5	1.200000E+5	2.678139E+0	8.718811E-3
-1.000000E+5	1.200000E+5	2.780618E+0	7.664910E-3
-8.000000E+4	1.200000E+5	2.885207E+0	8.944492E-3
-6.000000E+4	1.200000E+5	2.916630E+0	7.634979E-3
-4.000000E+4	1.200000E+5	2.924238E+0	1.236442E-2
-2.000000E+4	1.200000E+5	2.861565E+0	1.274798E-2
0.000000E+0	1.200000E+5	2.818914E+0	2.305362E-2
2.000000E+4	1.200000E+5	2.652591E+0	6.835073E-3
4.000000E+4	1.200000E+5	2.487057E+0	1.881374E-2
6.000000E+4	1.200000E+5	2.343260E+0	6.871134E-3
8.000000E+4	1.200000E+5	2.175763E+0	7.784895E-3
1.000000E+5	1.200000E+5	2.073701E+0	1.420517E-2
1.200000E+5	1.200000E+5	1.917019E+0	9.184647E-3
1.400000E+5	1.200000E+5	1.849296E+0	1.443564E-2
1.600000E+5	1.200000E+5	1.711189E+0	1.848649E-2
1.800000E+5	1.200000E+5	1.563362E+0	1.300048E-2
2.000000E+5	1.200000E+5	1.459136E+0	8.114932E-3
2.200000E+5	1.200000E+5	1.402622E+0	6.985532E-3
2.400000E+5	1.200000E+5	1.363337E+0	7.943060E-3
2.600000E+5	1.200000E+5	1.303131E+0	1.154449E-2
2.800000E+5	1.200000E+5	1.219033E+0	8.132944E-3
3.000000E+5	1.200000E+5	1.159945E+0	6.321898E-3
3.200000E+5	1.200000E+5	1.077852E+0	1.687006E-2
3.400000E+5	1.200000E+5	9.813742E-1	1.188690E-2
-3.400000E+5	1.400000E+5	1.134096E+0	1.416888E-2
-3.200000E+5	1.400000E+5	1.257568E+0	5.771280E-3
-3.000000E+5	1.400000E+5	1.399061E+0	1.605252E-2
-2.800000E+5	1.400000E+5	1.500617E+0	6.012015E-3
-2.600000E+5	1.400000E+5	1.639741E+0	8.255877E-3
-2.400000E+5	1.400000E+5	1.735747E+0	1.809018E-2
-2.200000E+5	1.400000E+5	1.867468E+0	1.025093E-2
-2.000000E+5	1.400000E+5	2.016241E+0	8.083236E-3
-1.800000E+5	1.400000E+5	2.130400E+0	1.583599E-2
-1.600000E+5	1.400000E+5	2.263013E+0	1.414413E-2
-1.400000E+5	1.400000E+5	2.396797E+0	6.020415E-3
-1.200000E+5	1.400000E+5	2.461265E+0	7.297336E-3
-1.000000E+5	1.400000E+5	2.517439E+0	8.750417E-3
-8.000000E+4	1.400000E+5	2.592439E+0	1.127838E-2
-6.000000E+4	1.400000E+5	2.623947E+0	1.594713E-2
-4.000000E+4	1.400000E+5	2.614916E+0	7.462351E-3
-2.000000E+4	1.400000E+5	2.579953E+0	6.102600E-3
0.000000E+0	1.400000E+5	2.487976E+0	1.641630E-2
2.000000E+4	1.400000E+5	2.419530E+0	5.575750E-3
4.000000E+4	1.400000E+5	2.322611E+0	2.090588E-2
6.000000E+4	1.400000E+5	2.202170E+0	3.213386E-2
8.000000E+4	1.400000E+5	2.054490E+0	6.568113E-3
1.000000E+5	1.400000E+5	1.946853E+0	2.230394E-2
1.200000E+5	1.400000E+5	1.821685E+0	5.255487E-3
1.400000E+5	1.400000E+5	1.727598E+0	1.276793E-2
1.600000E+5	1.400000E+5	1.594524E+0	2.075552E-2
1.800000E+5	1.400000E+5	1.522132E+0	7.693690E-3
2.000000E+5	1.400000E+5	1.436645E+0	1.722274E-2
2.200000E+5	1.400000E+5	1.389905E+0	7.125901E-3
2.400000E+5	1.400000E+5	1.337230E+0	5.342625E-3
2.600000E+5	1.400000E+5	1.278045E+0	4.672234E-3
2.800000E+5	1.400000E+5	1.179814E+0	1.706445E-2
3.000000E+5	1.400000E+5	1.103940E+0	2.266330E-2
3.200000E+5	1.400000E+5	1.055585E+0	1.116757E-2
3.400000E+5	1.400000E+5	9.561210E-1	8.082955E-3
-3.400000E+5	1.600000E+5	1.117206E+0	8.169741E-3
-3.200000E+5	1.600000E+5	1.203152E+0	8.088588E-3
-3.000000E+5	1.600000E+5	1.339095E+0	9.239422E-3
-2.800000E+5	1.600000E+5	1.460300E+0	1.599769E-2
-2.600000E+5	1.600000E+5	1.560096E+0	1.150948E-2
-2.400000E+5	1.600000E+5	1.678107E+0	1.237674E-2
-2.200000E+5	1.600000E+5	1.782195E+0	9.963878E-3
-2.000000E+5	1.600000E+5	1.935923E+0	1.677395E-2
-1.800000E+5	1.600000E+5	2.018376E+0	1.095087E-2
-1.600000E+5	1.600000E+5	2.119086E+0	1.652117E-2
-1.400000E+5	1.600000E+5	2.170513E+0	2.697114E-2
-1.200000E+5	1.600000E+5	2.264680E+0	9.780496E-3
-1.000000E+5	1.600000E+5	2.320450E+0	1.478414E-2
-8.000000E+4	1.600000E+5	2.372274E+0	1.330906E-2
-6.000000E+4	1.600000E+5	2.385615E+0	7.009420E-3
-4.000000E+4	1.600000E+5	2.393843E+0	8.321622E-3
-2.000000E+4	1.600000E+5	2.370362E+0	1.302615E-2
0.000000E+0	1.600000E+5	2.337853E+0	7.594691E-3
2.000000E+4	1.600000E+5	2.286114E+0	1.146786E-2
4.000000E+4	1.600000E+5	2.174082E+0	1.477374E-2
6.000000E+4	1.600000E+5	2.009543E+0	1.408180E-2
8.000000E+4	1.600000E+5	1.911494E+0	9.729577E-3
1.000000E+5	1.600000E+5	1.824628E+0	2.482577E-2
1.200000E+5	1.600000E+5	1.690491E+0	1.132155E-2
1.400000E+5	1.600000E+5	1.634244E+0	1.033487E-2
1.600000E+5	1.600000E+5	1.538247E+0	6.419676E-3
1.800000E+5	1.600000E+5	1.462006E+0	8.497675E-3
2.000000E+5	1.600000E+5	1.388763E+0	1.136011E-2
2.200000E+5	1.600000E+5	1.370560E+0	1.264329E-2
2.400000E+5	1.600000E+5	1.305764E+0	8.759111E-3
2.600000E+5	1.600000E+5	1.267809E+0	1.025806E-2
2.800000E+5	1.600000E+5	1.184473E+0	5.233171E-3
3.000000E+5	1.600000E+5	1.117306E+0	1.426566E-2
3.200000E+5	1.600000E+5	1.040633E+0	5.978922E-3
3.400000E+5	1.600000E+5	9.416428E-1	1.411792E-2
-3.400000E+5	1.800000E+5	1.063056E+0	8.872825E-3
-3.200000E+5	1.800000E+5	1.160324E+0	7.498095E-3
-3.000000E+5	1.800000E+5	1.282932E+0	2.489112E-2
-2.800000E+5	1.800000E+5	1.424364E+0	1.824421E-2
-2.600000E+5	1.800000E+5	1.499407E+0	9.138194E-3
-2.400000E+5	1.800000E+5	1.636266E+0	3.351927E-2
-2.200000E+5	1.800000E+5	1.697915E+0	9.863335E-3
-2.000000E+5	1.800000E+5	1.799938E+0	2.594943E-2
-1.800000E+5	1.800000E+5	1.905167E+0	9.216998E-3
-1.600000E+5	1.800000E+5	1.982008E+0	5.117407E-3
-1.400000E+5	1.800000E+5	2.087694E+0	1.124933E-2
-1.200000E+5	1.800000E+5	2.089892E+0	1.319613E-2
-1.000000E+5	1.800000E+5	2.122921E+0	6.529086E-3
-8.000000E+4	1.800000E+5	2.134382E+0	6.139001E-3
-6.000000E+4	1.800000E+5	2.157791E+0	2.089973E-2
-4.000000E+4	1.800000E+5	2.203198E+0	2.129489E-2
-2.000000E+4	1.800000E+5	2.204545E+0	2.249522E-2
0.000000E+0	1.800000E+5	2.155636E+0	5.976785E-3
2.000000E+4	1.800000E+5	2.087395E+0	6.540240E-3
4.000000E+4	1.800000E+5	2.029415E+0	1.549848E-2
6.000000E+4	1.800000E+5	1.929403E+0	1.532715E-2
8.000000E+4	1.800000E+5	1.816401E+0	1.610589E-2
1.000000E+5	1.800000E+5	1.693067E+0	1.622831E-2
1.200000E+5	1.800000E+5	1.570723E+0	2.045326E-2
1.400000E+5	1.800000E+5	1.519381E+0	8.272764E-3
1.600000E+5	1.800000E+5	1.428501E+0	1.421499E-2
1.800000E+5	1.800000E+5	1.420207E+0	5.937617E-3
2.000000E+5	1.800000E+5	1.369341E+0	1.349755E-2
2.200000E+5	1.800000E+5	1.347733E+0	7.439665E-3
2.400000E+5	1.800000E+5	1.265138E+0	6.090762E-3
2.600000E+5	1.800000E+5	1.201155E+0	7.489530E-3
2.800000E+5	1.800000E+5	1.143618E+0	2.086792E-2
3.000000E+5	1.800000E+5	1.097403E+0	1.327422E-2
3.200000E+5	1.800000E+5	9.837546E-1	6.899899E-3
3.400000E+5	1.800000E+5	9.115279E-1	1.204075E-2
-3.400000E+5	2.000000E+5	8.742279E-1	6.565611E-3
-3.200000E+5	2.000000E+5	9.493405E-1	7.206669E-3
-3.000000E+5	2.000000E+5	1.072847E+0	8.803845E-3
-2.800000E+5	2.000000E+5	1.175209E+0	1.679991E-2
-2.600000E+5	2.000000E+5	1.282460E+0	7.054140E-3
-2.400000E+5	2.000000E+5	1.368485E+0	1.224458E-2
-2.200000E+5	2.000000E+5	1.489395E+0	6.426399E-3
-2.000000E+5	2.000000E+5	1.597125E+0	1.098930E-2
-1.800000E+5	2.000000E+5	1.664238E+0	1.101129E-2
-1.600000E+5	2.000000E+5	1.762488E+0	8.024724E-3
-1.400000E+5	2.000000E+5	1.816425E+0	1.082022E-2
-1.200000E+5	2.000000E+5	1.860417E+0	6.887867E-3
-1.000000E+5	2.000000E+5	1.911538E+0	2.310329E-2
-8.000000E+4	2.000000E+5	1.967457E+0	2.362565E-2
-6.000000E+4	2.000000E+5	1.979684E+0	1.024519E-2
-4.000000E+4	2.000000E+5	1.994447E+0	9.860640E-3
-2.000000E+4	2.000000E+5	1.987649E+0	7.286949E-3
0.000000E+0	2.000000E+5	1.971248E+0	5.713544E-3
2.000000E+4	2.000000E+5	1.922557E+0	1.329819E-2
4.000000E+4	2.000000E+5	1.849869E+0	8.262964E-3
6.000000E+4	2.000000E+5	1.770931E+0	1.317759E-2
8.000000E+4	2.000000E+5	1.681570E+0	1.029805E-2
1.000000E+5	2.000000E+5	1.589397E+0	2.013748E-2
1.200000E+5	2.000000E+5	1.528124E+0	4.984624E-3
1.400000E+5	2.000000E+5	1.479484E+0	1.177796E-2
1.600000E+5	2.000000E+5	1.410633E+0	1.332063E-2
1.800000E+5	2.000000E+5	1.366016E+0	3.204388E-2
2.000000E+5	2.000000E+5	1.353056E+0	2.125694E-2
2.200000E+5	2.000000E+5	1.293892E+0	1.820481E-2
2.400000E+5	2.000000E+5	1.229683E+0	1.279015E-2
2.600000E+5	2.000000E+5	1.163695E+0	6.954025E-3
2.800000E+5	2.000000E+5	1.076360E+0	8.262597E-3
3.000000E+5	2.000000E+5	1.044054E+0	1.279494E-2
3.200000E+5	2.000000E+5	9.615330E-1	1.907970E-2
3.400000E+5	2.000000E+5	8.610153E-1	8.575120E-3
-3.400000E+5	2.200000E+5	7.570931E-1	6.809249E-3
-3.200000E+5	2.200000E+5	8.346677E-1	1.392200E-2
-3.000000E+5	2.200000E+5	9.063737E-1	1.061986E-2
-2.800000E+5	2.200000E+5	1.001394E+0	1.448140E-2
-2.600000E+5	2.200000E+5	1.140353E+0	8.607110E-3
-2.400000E+5	2.200000E+5	1.201259E+0	9.082346E-3
-2.200000E+5	2.200000E+5	1.329803E+0	1.210118E-2
-2.000000E+5	2.200000E+5	1.402599E+0	6.108451E-3
-1.800000E+5	2.200000E+5	1.450698E+0	1.483853E-2
-1.600000E+5	2.200000E+5	1.536144E+0	1.552101E-2
-1.400000E+5	2.200000E+5	1.558036E+0	2.108225E-2
-1.200000E+5	2.200000E+5	1.640379E+0	4.656584E-3
-1.000000E+5	2.200000E+5	1.682680E+0	1.115910E-2
-8.000000E+4	2.200000E+5	1.717052E+0	4.975155E-3
-6.000000E+4	2.200000E+5	1.698780E+0	2.567466E-2
-4.000000E+4	2.200000E+5	1.733886E+0	1.797452E-2
-2.000000E+4	2.200000E+5	1.750833E+0	1.188928E-2
0.000000E+0	2.200000E+5	1.743997E+0	1.134786E-2
2.000000E+4	2.200000E+5	1.731596E+0	6.393740E-3
4.000000E+4	2.200000E+5	1.654380E+0	2.258070E-2
6.000000E+4	2.200000E+5	1.589416E+0	1.279457E-2
8.000000E+4	2.200000E+5	1.514384E+0	1.350416E-2
1.000000E+5	2.200000E+5	1.440092E+0	1.186902E-2
1.200000E+5	2.200000E+5	1.410071E+0	7.847036E-3
1.400000E+5	2.200000E+5	1.347145E+0	6.248573E-3
1.600000E+5	2.200000E+5	1.326897E+0	8.227429E-3
1.800000E+5	2.200000E+5	1.270431E+0	9.620740E-3
2.000000E+5	2.200000E+5	1.224301E+0	1.243024E-2
2.200000E+5	2.200000E+5	1.176041E+0	7.995108E-3
2.400000E+5	2.200000E+5	1.128714E+0	5.131834E-3
2.600000E+5	2.200000E+5	1.054503E+0	2.020294E-2
2.800000E+5	2.200000E+5	1.036115E+0	2.694440E-2
3.000000E+5	2.200000E+5	9.093849E-1	7.828480E-3
3.200000E+5	2.200000E+5	8.143027E-1	1.063695E-2
3.400000E+5	2.200000E+5	7.537844E-1	1.498670E-2
-3.400000E+5	2.400000E+5	8.516567E-1	1.066447E-2
-3.200000E+5	2.400000E+5	9.291059E-1	1.055566E-2
-3.000000E+5	2.400000E+5	1.011673E+0	2.017080E-2
-2.800000E+5	2.400000E+5	1.106145E+0	4.746239E-3
-2.600000E+5	2.400000E+5	1.176216E+0	1.157374E-2
-2.400000E+5	2.400000E+5	1.292907E+0	1.047252E-2
-2.200000E+5	2.400000E+5	1.373543E+0	2.198637E-2
-2.000000E+5	2.400000E+5	1.440980E+0	1.940211E-2
-1.800000E+5	2.400000E+5	1.501028E+0	3.124091E-2
-1.600000E+5	2.400000E+5	1.578530E+0	6.005380E-3
-1.400000E+5	2.400000E+5	1.609242E+0	1.812553E-2
-1.200000E+5	2.400000E+5	1.642979E+0	7.776940E-3
-1.000000E+5	2.400000E+5	1.671092E+0	9.089973E-3
-8.000000E+4	2.400000E+5	1.666654E+0	1.134855E-2
-6.000000E+4	2.400000E+5	1.648190E+0	1.609431E-2
-4.000000E+4	2.400000E+5	1.669196E+0	3.464288E-2
-2.000000E+4	2.400000E+5	1.728965E+0	1.141195E-2
0.000000E+0	2.400000E+5	1.713438E+0	1.328061E-2
2.000000E+4	2.400000E+5	1.707330E+0	1.441093E-2
4.000000E+4	2.400000E+5	1.646421E+0	2.387089E-2
6.000000E+4	2.400000E+5	1.589810E+0	1.112907E-2
8.000000E+4	2.400000E+5	1.520855E+0	1.296231E-2
1.000000E+5	2.400000E+5	1.475191E+0	1.136283E-2
1.200000E+5	2.400000E+5	1.395002E+0	1.402276E-2
1.400000E+5	2.400000E+5	1.364915E+0	1.007107E-2
1.600000E+5	2.400000E+5	1.309107E+0	1.012197E-2
1.800000E+5	2.400000E+5	1.257461E+0	6.567302E-3
2.000000E+5	2.400000E+5	1.201911E+0	1.320240E-2
2.200000E+5	2.400000E+5	1.153053E+0	1.252154E-2
2.400000E+5	2.400000E+5	1.073768E+0	1.316454E-2
2.600000E+5	2.400000E+5	1.055480E+0	7.230979E-3
2.800000E+5	2.400000E+5	9.670306E-1	1.632434E-2
3.000000E+5	2.400000E+5	9.250533E-1	7.547869E-3
3.200000E+5	2.400000E+5	8.009984E-1	7.484834E-3
3.400000E+5	2.400000E+5	7.462203E-1	9.729734E-3
-3.400000E+5	2.600000E+5	8.050031E-1	6.174783E-3
-3.200000E+5	2.600000E+5	8.801911E-1	8.446025E-3
-3.000000E+5	2.600000E+5	9.425090E-1	6.107271E-3
-2.800000E+5	2.600000E+5	1.031231E+0	1.526222E-2
-2.600000E+5	2.600000E+5	1.110126E+0	1.965271E-2
-2.400000E+5	2.600000E+5	1.200173E+0	8.905565E-3
-2.200000E+5	2.600000E+5	1.290132E+0	1.176198E-2
-2.000000E+5	2.600000E+5	1.395701E+0	8.314505E-3
-1.800000E+5	2.600000E+5	1.449654E+0	4.616873E-3
-1.600000E+5	2.600000E+5	1.482087E+0	1.389181E-2
-1.400000E+5	2.600000E+5	1.537095E+0	1.003381E-2
-1.200000E+5	2.600000E+5	1.563316E+0	9.803623E-3
-1.000000E+5	2.600000E+5	1.564741E+0	1.426029E-2
-8.000000E+4	2.600000E+5	1.608248E+0	1.445858E-2
-6.000000E+4	2.600000E+5	1.613024E+0	6.233480E-3
-4.000000E+4	2.600000E+5	1.622920E+0	3.566926E-2
-2.000000E+4	2.600000E+5	1.658284E+0	6.918735E-3
0.000000E+0	2.600000E+5	1.670573E+0	7.027862E-3
2.000000E+4	2.600000E+5	1.645410E+0	1.818274E-2
4.000000E+4	2.600000E+5	1.599239E+0	8.474560E-3
6.000000E+4	2.600000E+5	1.501546E+0	2.723539E-2
8.000000E+4	2.600000E+5	1.459889E+0	2.197984E-2
1.000000E+5	2.600000E+5	1.402802E+0	1.201148E-2
1.200000E+5	2.600000E+5	1.332666E+0	9.612984E-3
1.400000E+5	2.600000E+5	1.313689E+0	1.226908E-2
1.600000E+5	2.600000E+5	1.288405E+0	9.652156E-3
1.800000E+5	2.600000E+5	1.217154E+0	1.630465E-2
2.000000E+5	2.600000E+5	1.184748E+0	1.496251E-2
2.200000E+5	2.600000E+5	1.124045E+0	2.037381E-2
2.400000E+5	2.600000E+5	1.058014E+0	6.010011E-3
2.600000E+5	2.600000E+5	1.014787E+0	1.158112E-2
2.800000E+5	2.600000E+5	9.042521E-1	7.532571E-3
3.000000E+5	2.600000E+5	8.427505E-1	2.672099E-2
3.200000E+5	2.600000E+5	7.725964E-1	1.065983E-2
3.400000E+5	2.600000E+5	7.010096E-1	1.518444E-2
-3.400000E+5	2.800000E+5	7.610958E-1	1.090015E-2
-3.200000E+5	2.800000E+5	8.044498E-1	5.269505E-3
-3.000000E+5	2.800000E+5	8.897128E-1	2.170692E-2
-2.800000E+5	2.800000E+5	9.570452E-1	2.691300E-2
-2.600000E+5	2.800000E+5	1.031260E+0	1.316846E-2
-2.400000E+5	2.800000E+5	1.143635E+0	1.643931E-2
-2.200000E+5	2.800000E+5	1.200928E+0	1.151842E-2
-2.000000E+5	2.800000E+5	1.287035E+0	2.658275E-2
-1.800000E+5	2.800000E+5	1.353346E+0	5.880948E-3
-1.600000E+5	2.800000E+5	1.391150E+0	1.988607E-2
-1.400000E+5	2.800000E+5	1.447770E+0	9.382418E-3
-1.200000E+5	2.800000E+5	1.481094E+0	8.940788E-3
-1.000000E+5	2.800000E+5	1.514331E+0	1.935675E-2
-8.000000E+4	2.800000E+5	1.495468E+0	3.588034E-2
-6.000000E+4	2.800000E+5	1.577049E+0	3.276310E-2
-4.000000E+4	2.800000E+5	1.569374E+0	3.755469E-2
-2.000000E+4	2.800000E+5	1.562845E+0	7.622969E-3
0.000000E+0	2.800000E+5	1.545560E+0	6.087648E-3
2.000000E+4	2.800000E+5	1.555170E+0	1.407163E-2
4.000000E+4	2.800000E+5	1.517775E+0	5.530267E-3
6.000000E+4	2.800000E+5	1.425882E+0	2.593861E-2
8.000000E+4	2.800000E+5	1.390331E+0	1.023839E-2
1.000000E+5	2.800000E+5	1.343934E+0	1.578366E-2
1.200000E+5	2.800000E+5	1.269833E+0	1.056233E-2
1.400000E+5	2.800000E+5	1.257117E+0	1.531917E-2
1.600000E+5	2.800000E+5	1.196878E+0	7.054672E-3
1.800000E+5	2.800000E+5	1.180906E+0	8.947730E-3
2.000000E+5	2.800000E+5	1.154224E+0	8.077693E-3
2.200000E+5	2.800000E+5	1.072001E+0	9.317905E-3
2.400000E+5	2.800000E+5	1.023946E+0	1.308610E-2
2.600000E+5	2.800000E+5	9.063065E-1	1.591325E-2
2.800000E+5	2.800000E+5	8.561944E-1	1.898960E-2
3.000000E+5	2.800000E+5	7.407685E-1	2.443039E-2
3.200000E+5	2.800000E+5	6.929350E-1	1.365328E-2
3.400000E+5	2.800000E+5	6.485212E-1	8.785690E-3
-3.400000E+5	3.000000E+5	6.687242E-1	1.226180E-2
-3.200000E+5	3.000000E+5	7.274184E-1	8.128894E-3
-3.000000E+5	3.000000E+5	7.846218E-1	1.546504E-2
-2.800000E+5	3.000000E+5	8.577871E-1	1.356000E-2
-2.600000E+5	3.000000E+5	8.961611E-1	6.149645E-3
-2.400000E+5	3.000000E+5	9.526726E-1	1.061111E-2
-2.200000E+5	3.000000E+5	1.055725E+0	7.412258E-3
-2.000000E+5	3.000000E+5	1.103174E+0	3.544131E-2
-1.800000E+5	3.000000E+5	1.179009E+0	3.438829E-2
-1.600000E+5	3.000000E+5	1.269169E+0	8.948360E-3
-1.400000E+5	3.000000E+5	1.318362E+0	6.264672E-3
-1.200000E+5	3.000000E+5	1.353098E+0	7.517118E-3
-1.000000E+5	3.000000E+5	1.390136E+0	5.202214E-3
-8.000000E+4	3.000000E+5	1.424417E+0	1.032795E-2
-6.000000E+4	3.000000E+5	1.402544E+0	2.515461E-2
-4.000000E+4	3.000000E+5	1.414011E+0	3.579457E-2
-2.000000E+4	3.000000E+5	1.454841E+0	4.635325E-3
0.000000E+0	3.000000E+5	1.441346E+0	2.728445E-2
2.000000E+4	3.000000E+5	1.413132E+0	9.318585E-3
4.000000E+4	3.000000E+5	1.380364E+0	1.258211E-2
6.000000E+4	3.000000E+5	1.333031E+0	1.078054E-2
8.000000E+4	3.000000E+5	1.263128E+0	1.359975E-2
1.000000E+5	3.000000E+5	1.226994E+0	1.631836E-2
1.200000E+5	3.000000E+5	1.182876E+0	1.414477E-2
1.400000E+5	3.000000E+5	1.178189E+0	1.070868E-2
1.600000E+5	3.000000E+5	1.134904E+0	5.532045E-3
1.800000E+5	3.000000E+5	1.104878E+0	1.035186E-2
2.000000E+5	3.000000E+5	1.077915E+0	5.514376E-3
2.200000E+5	3.000000E+5	9.932977E-1	7.916914E-3
2.400000E+5	3.000000E+5	9.439703E-1	1.202365E-2
2.600000E+5	3.000000E+5	8.337078E-1	2.020914E-2
2.800000E+5	3.000000E+5	7.863460E-1	5.469243E-3
3.000000E+5	3.000000E+5	7.067732E-1	1.077435E-2
3.200000E+5	3.000000E+5	6.215418E-1	1.418700E-2
3.400000E+5	3.000000E+5	5.742330E-1	6.618572E-3
-3.400000E+5	3.200000E+5	5.475745E-1	7.290475E-3
-3.200000E+5	3.200000E+5	5.968561E-1	1.728926E-2
-3.000000E+5	3.200000E+5	6.390097E-1	9.543469E-3
-2.800000E+5	3.200000E+5	7.225944E-1	1.354239E-2
-2.600000E+5	3.200000E+5	7.658546E-1	8.272640E-3
-2.400000E+5	3.200000E+5	8.554719E-1	1.804874E-2
-2.200000E+5	3.200000E+5	8.988707E-1	1.752442E-2
-2.000000E+5	3.200000E+5	1.003145E+0	2.647781E-2
-1.800000E+5	3.200000E+5	1.079706E+0	1.881392E-2
-1.600000E+5	3.200000E+5	1.085000E+0	9.982419E-3
-1.400000E+5	3.200000E+5	1.157533E+0	1.220557E-2
-1.200000E+5	3.200000E+5	1.174216E+0	1.187578E-2
-1.000000E+5	3.200000E+5	1.241807E+0	1.297494E-2
-8.000000E+4	3.200000E+5	1.284709E+0	6.750111E-3
-6.000000E+4	3.200000E+5	1.301250E+0	7.822916E-3
-4.000000E+4	3.200000E+5	1.328462E+0	1.233723E-2
-2.000000E+4	3.200000E+5	1.306887E+0	1.017463E-2
0.000000E+0	3.200000E+5	1.307001E+0	1.092838E-2
2.000000E+4	3.200000E+5	1.278928E+0	1.136260E-2
4.000000E+4	3.200000E+5	1.229303E+0	7.842408E-3
6.000000E+4	3.200000E+5	1.178545E+0	1.724754E-2
8.000000E+4	3.200000E+5	1.154299E+0	1.343649E-2
1.000000E+5	3.200000E+5	1.108219E+0	7.197482E-3
1.200000E+5	3.200000E+5	1.090092E+0	1.092528E-2
1.400000E+5	3.200000E+5	1.069495E+0	1.375184E-2
1.600000E+5	3.200000E+5	1.016285E+0	1.918695E-2
1.800000E+5	3.200000E+5	1.014937E+0	1.258252E-2
2.000000E+5	3.200000E+5	9.509016E-1	1.080625E-2
2.200000E+5	3.200000E+5	9.001221E-1	5.957270E-3
2.400000E+5	3.200000E+5	8.062443E-1	7.980811E-3
2.600000E+5	3.200000E+5	7.612314E-1	6.436531E-3
2.800000E+5	3.200000E+5	6.813009E-1	1.220321E-2
3.000000E+5	3.200000E+5	6.221094E-1	1.259371E-2
3.200000E+5	3.200000E+5	5.264493E-1	2.365336E-2
3.400000E+5	3.200000E+5	5.171029E-1	1.352873E-2
-3.400000E+5	3.400000E+5	4.462580E-1	2.355108E-2
-3.200000E+5	3.400000E+5	4.906850E-1	8.075429E-3
-3.000000E+5	3.400000E+5	5.513632E-1	6.487495E-3
-2.800000E+5	3.400000E+5	5.764524E-1	8.361944E-3
-2.600000E+5	3.400000E+5	6.515905E-1	6.424563E-3
-2.400000E+5	3.400000E+5	7.224721E-1	1.224982E-2
-2.200000E+5	3.400000E+5	7.743226E-1	6.701752E-3
-2.000000E+5	3.400000E+5	8.215784E-1	1.467007E-2
-1.800000E+5	3.400000E+5	8.977630E-1	4.787496E-3
-1.600000E+5	3.400000E+5	9.603519E-1	1.038644E-2
-1.400000E+5	3.400000E+5	9.849611E-1	6.115702E-3
-1.200000E+5	3.400000E+5	1.015009E+0	7.807471E-3
-1.000000E+5	3.400000E+5	1.056408E+0	1.457668E-2
-8.000000E+4	3.400000E+5	1.085748E+0	6.606591E-3
-6.000000E+4	3.400000E+5	1.110112E+0	1.217517E-2
-4.000000E+4	3.400000E+5	1.125523E+0	1.248727E-2
-2.000000E+4	3.400000E+5	1.129863E+0	1.190352E-2
0.000000E+0	3.400000E+5	1.117292E+0	1.258316E-2
2.000000E+4	3.400000E+5	1.092400E+0	6.265408E-3
4.000000E+4	3.400000E+5	1.087013E+0	2.342655E-2
6.000000E+4	3.400000E+5	1.058620E+0	2.148417E-2
8.000000E+4	3.400000E+5	1.009572E+0	1.150045E-2
1.000000E+5	3.400000E+5	9.693498E-1	1.698001E-2
1.200000E+5	3.400000E+5	9.537355E-1	9.301696E-3
1.400000E+5	3.400000E+5	9.248291E-1	5.424877E-3
1.600000E+5	3.400000E+5	9.180842E-1	1.032995E-2
1.800000E+5	3.400000E+5	9.034838E-1	1.707103E-2
2.000000E+5	3.400000E+5	8.441669E-1	1.828110E-2
2.200000E+5	3.400000E+5	7.814955E-1	6.134333E-3
2.400000E+5	3.400000E+5	7.178305E-1	6.602155E-3
2.600000E+5	3.400000E+5	6.533870E-1	1.491120E-2
2.800000E+5	3.400000E+5	6.139949E-1	1.147232E-2
3.000000E+5	3.400000E+5	5.653370E-1	1.434359E-2
3.200000E+5	3.400000E+5	5.148254E-1	1.639101E-2
3.400000E+5	3.400000E+5	4.815882E-1	9.115792E-3
