-3.000000E+5	-3.000000E+5	3.336406E-1	2.855668E-2
-1.500000E+5	-3.000000E+5	5.392828E-1	1.792623E-2
0.000000E+0	-3.000000E+5	7.771412E-1	2.215934E-2
1.500000E+5	-3.000000E+5	5.525504E-1	2.264054E-2
3.000000E+5	-3.000000E+5	1.633520E-1	2.952969E-2
-3.000000E+5	-1.500000E+5	5.076760E-1	4.446585E-2
-1.500000E+5	-1.500000E+5	1.315606E+0	1.290519E-2
0.000000E+0	-1.500000E+5	2.105061E+0	2.394096E-2
1.500000E+5	-1.500000E+5	1.297485E+0	1.496219E-2
3.000000E+5	-1.500000E+5	5.332737E-1	2.011366E-2
-3.000000E+5	0.000000E+0	6.977580E-1	3.160372E-2
-1.500000E+5	0.000000E+0	2.260283E+0	1.485495E-2
0.000000E+0	0.000000E+0	4.269345E+0	4.991371E-2
1.500000E+5	0.000000E+0	2.258733E+0	1.972055E-2
3.000000E+5	0.000000E+0	6.937441E-1	2.326232E-2
-3.000000E+5	1.500000E+5	6.731416E-1	3.595466E-2
-1.500000E+5	1.500000E+5	1.721273E+0	7.609853E-3
0.000000E+0	1.500000E+5	2.603561E+0	1.624820E-2
1.500000E+5	1.500000E+5	1.628691E+0	1.134447E-2
3.000000E+5	1.500000E+5	6.922053E-1	2.169430E-2
-3.000000E+5	3.000000E+5	5.033585E-1	2.947050E-2
-1.500000E+5	3.000000E+5	9.747598E-1	7.506489E-3
0.000000E+0	3.000000E+5	1.004626E+0	2.748264E-2
1.500000E+5	3.000000E+5	6.396853E-1	2.718886E-2
3.000000E+5	3.000000E+5	-6.593200E-1	9.781223E-1
