-3.000000E+5	-3.000000E+5	2.099232E+0	5.001861E-2
-2.750000E+5	-3.000000E+5	2.040596E+0	1.843169E-2
-2.500000E+5	-3.000000E+5	2.005234E+0	8.840163E-2
-2.250000E+5	-3.000000E+5	2.072382E+0	2.657718E-2
-2.000000E+5	-3.000000E+5	2.096311E+0	2.570100E-2
-1.750000E+5	-3.000000E+5	2.130530E+0	2.139867E-2
-1.500000E+5	-3.000000E+5	2.210043E+0	2.444004E-2
-1.250000E+5	-3.000000E+5	2.265996E+0	3.084485E-2
-1.000000E+5	-3.000000E+5	2.305174E+0	4.161553E-2
-7.500000E+4	-3.000000E+5	2.406030E+0	1.599608E-2
-5.000000E+4	-3.000000E+5	2.495350E+0	5.578566E-2
-2.500000E+4	-3.000000E+5	2.470101E+0	2.063534E-2
0.000000E+0	-3.000000E+5	2.467702E+0	4.716329E-2
2.500000E+4	-3.000000E+5	2.440111E+0	1.997337E-2
5.000000E+4	-3.000000E+5	2.496721E+0	5.650232E-2
7.500000E+4	-3.000000E+5	2.359802E+0	1.568344E-2
1.000000E+5	-3.000000E+5	2.241938E+0	4.711234E-2
1.250000E+5	-3.000000E+5	2.238078E+0	2.877603E-2
1.500000E+5	-3.000000E+5	2.118298E+0	3.667767E-2
1.750000E+5	-3.000000E+5	1.941731E+0	1.821798E-2
2.000000E+5	-3.000000E+5	1.823726E+0	2.481575E-2
2.250000E+5	-3.000000E+5	1.673907E+0	3.842232E-2
2.500000E+5	-3.000000E+5	1.538174E+0	4.716395E-2
2.750000E+5	-3.000000E+5	1.425040E+0	2.149410E-2
3.000000E+5	-3.000000E+5	1.315147E+0	2.949041E-2
-3.000000E+5	-2.750000E+5	1.851504E+0	7.923325E-1
-2.750000E+5	-2.750000E+5	2.685343E+0	9.176759E-1
-2.500000E+5	-2.750000E+5	2.121949E+0	3.222360E-1
-2.250000E+5	-2.750000E+5	2.626418E+0	3.674000E-1
-2.000000E+5	-2.750000E+5	2.364904E+0	9.902955E-2
-1.750000E+5	-2.750000E+5	2.133888E+0	2.065581E-1
-1.500000E+5	-2.750000E+5	2.196127E+0	2.755220E-1
-1.250000E+5	-2.750000E+5	2.466279E+0	7.059893E-2
-1.000000E+5	-2.750000E+5	2.451287E+0	5.541060E-2
-7.500000E+4	-2.750000E+5	2.373697E+0	2.849167E-1
-5.000000E+4	-2.750000E+5	2.537030E+0	8.295742E-1
-2.500000E+4	-2.750000E+5	2.776030E+0	7.378949E-2
0.000000E+0	-2.750000E+5	2.634305E+0	2.897507E-2
2.500000E+4	-2.750000E+5	2.658693E+0	6.075913E-2
5.000000E+4	-2.750000E+5	2.552768E+0	6.817727E-2
7.500000E+4	-2.750000E+5	2.553962E+0	2.533726E-2
1.000000E+5	-2.750000E+5	2.484459E+0	2.216010E-2
1.250000E+5	-2.750000E+5	2.316975E+0	5.929797E-2
1.500000E+5	-2.750000E+5	2.294607E+0	2.679443E-2
1.750000E+5	-2.750000E+5	2.198308E+0	3.295441E-2
2.000000E+5	-2.750000E+5	2.060894E+0	2.201193E-2
2.250000E+5	-2.750000E+5	1.856337E+0	2.686202E-2
2.500000E+5	-2.750000E+5	1.642284E+0	6.697967E-2
2.750000E+5	-2.750000E+5	1.519026E+0	2.636798E-2
3.000000E+5	-2.750000E+5	1.400516E+0	2.132874E-2
-3.000000E+5	-2.500000E+5	2.240649E+0	1.570706E-1
-2.750000E+5	-2.500000E+5	2.557184E+0	4.527451E-1
-2.500000E+5	-2.500000E+5	2.490653E+0	1.852617E-1
-2.250000E+5	-2.500000E+5	3.127342E+0	5.212315E-1
-2.000000E+5	-2.500000E+5	2.614310E+0	2.548582E-1
-1.750000E+5	-2.500000E+5	1.692475E+0	7.505470E-1
-1.500000E+5	-2.500000E+5	1.867717E+0	2.656345E-1
-1.250000E+5	-2.500000E+5	2.420777E+0	1.828651E-1
-1.000000E+5	-2.500000E+5	2.653465E+0	1.005451E-1
-7.500000E+4	-2.500000E+5	2.673772E+0	1.741301E-1
-5.000000E+4	-2.500000E+5	3.128052E+0	7.151881E-2
-2.500000E+4	-2.500000E+5	2.868071E+0	8.569169E-2
0.000000E+0	-2.500000E+5	2.879000E+0	1.267671E-1
2.500000E+4	-2.500000E+5	2.858898E+0	2.033009E-1
5.000000E+4	-2.500000E+5	2.406052E+0	3.781069E-1
7.500000E+4	-2.500000E+5	3.250118E+0	3.731522E-1
1.000000E+5	-2.500000E+5	2.634545E+0	3.167923E-1
1.250000E+5	-2.500000E+5	2.483105E+0	1.988407E-1
1.500000E+5	-2.500000E+5	2.455118E+0	2.576638E-1
1.750000E+5	-2.500000E+5	2.287438E+0	2.069511E-1
2.000000E+5	-2.500000E+5	2.179985E+0	3.067782E-1
2.250000E+5	-2.500000E+5	2.003255E+0	9.989414E-2
2.500000E+5	-2.500000E+5	1.911355E+0	3.799700E-2
2.750000E+5	-2.500000E+5	1.728532E+0	4.006557E-2
3.000000E+5	-2.500000E+5	1.466963E+0	8.410402E-2
-3.000000E+5	-2.250000E+5	2.186316E+0	2.935740E-2
-2.750000E+5	-2.250000E+5	2.237846E+0	2.478351E-2
-2.500000E+5	-2.250000E+5	2.448490E+0	7.072948E-2
-2.250000E+5	-2.250000E+5	2.475824E+0	5.839170E-2
-2.000000E+5	-2.250000E+5	1.958019E+0	1.106989E+0
-1.750000E+5	-2.250000E+5	2.542910E+0	5.954425E-2
-1.500000E+5	-2.250000E+5	2.630827E+0	2.033603E-1
-1.250000E+5	-2.250000E+5	2.748156E+0	5.046468E-2
-1.000000E+5	-2.250000E+5	2.830977E+0	6.177694E-2
-7.500000E+4	-2.250000E+5	3.025905E+0	1.896528E-1
-5.000000E+4	-2.250000E+5	2.900731E+0	1.404969E-1
-2.500000E+4	-2.250000E+5	3.127629E+0	2.760174E-1
0.000000E+0	-2.250000E+5	3.138189E+0	7.788396E-2
2.500000E+4	-2.250000E+5	3.009873E+0	1.606548E-1
5.000000E+4	-2.250000E+5	3.185346E+0	1.709415E-1
7.500000E+4	-2.250000E+5	2.942663E+0	5.029786E-2
1.000000E+5	-2.250000E+5	2.787551E+0	1.217546E-1
1.250000E+5	-2.250000E+5	2.577899E+0	2.016465E-1
1.500000E+5	-2.250000E+5	2.383106E+0	1.210553E-1
1.750000E+5	-2.250000E+5	2.492294E+0	3.235958E-2
2.000000E+5	-2.250000E+5	2.419673E+0	1.506302E-1
2.250000E+5	-2.250000E+5	2.202224E+0	8.320389E-2
2.500000E+5	-2.250000E+5	2.170454E+0	6.199036E-2
2.750000E+5	-2.250000E+5	1.842017E+0	1.862261E-1
3.000000E+5	-2.250000E+5	1.596154E+0	1.936804E-1
-3.000000E+5	-2.000000E+5	2.403003E+0	1.223149E-1
-2.750000E+5	-2.000000E+5	2.245198E+0	1.123035E-1
-2.500000E+5	-2.000000E+5	2.568277E+0	1.081184E-1
-2.250000E+5	-2.000000E+5	2.285566E+0	7.357958E-2
-2.000000E+5	-2.000000E+5	2.584487E+0	2.687104E-1
-1.750000E+5	-2.000000E+5	2.736387E+0	9.706107E-2
-1.500000E+5	-2.000000E+5	2.732611E+0	8.713710E-2
-1.250000E+5	-2.000000E+5	2.814665E+0	5.067329E-2
-1.000000E+5	-2.000000E+5	2.955559E+0	7.962741E-2
-7.500000E+4	-2.000000E+5	3.028562E+0	1.139034E-1
-5.000000E+4	-2.000000E+5	3.241788E+0	1.039061E-1
-2.500000E+4	-2.000000E+5	3.248381E+0	2.816563E-2
0.000000E+0	-2.000000E+5	3.315406E+0	1.275935E-1
2.500000E+4	-2.000000E+5	3.231579E+0	3.201133E-2
5.000000E+4	-2.000000E+5	3.240877E+0	5.442101E-2
7.500000E+4	-2.000000E+5	3.072506E+0	3.140357E-2
1.000000E+5	-2.000000E+5	2.968270E+0	1.115564E-1
1.250000E+5	-2.000000E+5	2.688607E+0	2.282009E-2
1.500000E+5	-2.000000E+5	2.543836E+0	5.938601E-2
1.750000E+5	-2.000000E+5	2.533466E+0	1.940616E-2
2.000000E+5	-2.000000E+5	2.508338E+0	6.017496E-2
2.250000E+5	-2.000000E+5	2.447793E+0	3.676385E-2
2.500000E+5	-2.000000E+5	2.321284E+0	1.203574E-1
2.750000E+5	-2.000000E+5	2.034632E+0	2.434709E-2
3.000000E+5	-2.000000E+5	1.958213E+0	1.086174E-1
-3.000000E+5	-1.750000E+5	2.349784E+0	6.357840E-2
-2.750000E+5	-1.750000E+5	2.458025E+0	6.918195E-2
-2.500000E+5	-1.750000E+5	2.485854E+0	1.586683E-1
-2.250000E+5	-1.750000E+5	2.674936E+0	1.806054E-1
-2.000000E+5	-1.750000E+5	2.668579E+0	1.739912E-1
-1.750000E+5	-1.750000E+5	2.833657E+0	3.142125E-1
-1.500000E+5	-1.750000E+5	2.904944E+0	1.845752E-1
-1.250000E+5	-1.750000E+5	3.293781E+0	1.614979E-1
-1.000000E+5	-1.750000E+5	3.524463E+0	2.051919E-1
-7.500000E+4	-1.750000E+5	3.511426E+0	2.169346E-1
-5.000000E+4	-1.750000E+5	2.415372E+0	1.083737E+0
-2.500000E+4	-1.750000E+5	3.473356E+0	2.158694E-2
0.000000E+0	-1.750000E+5	3.633352E+0	1.310428E-1
2.500000E+4	-1.750000E+5	3.538300E+0	2.302037E-2
5.000000E+4	-1.750000E+5	3.308553E+0	1.497786E-1
7.500000E+4	-1.750000E+5	3.263228E+0	2.815575E-2
1.000000E+5	-1.750000E+5	3.138875E+0	8.125421E-2
1.250000E+5	-1.750000E+5	2.828988E+0	5.078633E-2
1.500000E+5	-1.750000E+5	2.546337E+0	1.806841E-1
1.750000E+5	-1.750000E+5	2.598038E+0	2.380346E-2
2.000000E+5	-1.750000E+5	2.394295E+0	2.110023E-1
2.250000E+5	-1.750000E+5	2.367353E+0	1.363096E-1
2.500000E+5	-1.750000E+5	2.375395E+0	1.046826E-1
2.750000E+5	-1.750000E+5	1.853471E+0	5.099240E-1
3.000000E+5	-1.750000E+5	2.105032E+0	4.977592E-1
-3.000000E+5	-1.500000E+5	2.480301E+0	2.008062E-2
-2.750000E+5	-1.500000E+5	2.551664E+0	5.933412E-2
-2.500000E+5	-1.500000E+5	2.622038E+0	6.489037E-2
-2.250000E+5	-1.500000E+5	2.750858E+0	1.932835E-2
-2.000000E+5	-1.500000E+5	2.771167E+0	6.891187E-2
-1.750000E+5	-1.500000E+5	2.896166E+0	6.846262E-2
-1.500000E+5	-1.500000E+5	3.078586E+0	5.198393E-2
-1.250000E+5	-1.500000E+5	3.229724E+0	3.910139E-2
-1.000000E+5	-1.500000E+5	3.374124E+0	3.114077E-2
-7.500000E+4	-1.500000E+5	3.555876E+0	6.029836E-2
-5.000000E+4	-1.500000E+5	3.646575E+0	1.275035E-1
-2.500000E+4	-1.500000E+5	3.898126E+0	5.147267E-2
0.000000E+0	-1.500000E+5	3.988251E+0	1.049224E-1
2.500000E+4	-1.500000E+5	3.909338E+0	2.130318E-2
5.000000E+4	-1.500000E+5	3.667548E+0	2.046561E-1
7.500000E+4	-1.500000E+5	3.631014E+0	8.132166E-2
1.000000E+5	-1.500000E+5	3.538264E+0	2.862699E-1
1.250000E+5	-1.500000E+5	3.205375E+0	2.308953E-1
1.500000E+5	-1.500000E+5	3.070925E+0	4.716996E-1
1.750000E+5	-1.500000E+5	2.489158E+0	1.155038E-1
2.000000E+5	-1.500000E+5	2.655495E+0	2.308044E-1
2.250000E+5	-1.500000E+5	2.647500E+0	2.355623E-1
2.500000E+5	-1.500000E+5	2.380303E+0	1.335926E-1
2.750000E+5	-1.500000E+5	2.384760E+0	8.192432E-2
3.000000E+5	-1.500000E+5	2.094131E+0	7.797770E-2
-3.000000E+5	-1.250000E+5	2.601795E+0	2.886030E-2
-2.750000E+5	-1.250000E+5	2.597470E+0	6.284834E-2
-2.500000E+5	-1.250000E+5	2.685243E+0	9.721288E-2
-2.250000E+5	-1.250000E+5	2.792110E+0	1.163934E-1
-2.000000E+5	-1.250000E+5	2.925604E+0	7.659915E-2
-1.750000E+5	-1.250000E+5	3.063220E+0	1.074906E-1
-1.500000E+5	-1.250000E+5	3.248445E+0	6.334402E-2
-1.250000E+5	-1.250000E+5	3.404250E+0	1.311270E-1
-1.000000E+5	-1.250000E+5	3.654172E+0	9.835849E-2
-7.500000E+4	-1.250000E+5	4.046927E+0	3.163391E-2
-5.000000E+4	-1.250000E+5	4.302608E+0	5.506539E-2
-2.500000E+4	-1.250000E+5	4.260768E+0	1.750811E-1
0.000000E+0	-1.250000E+5	4.428798E+0	3.236471E-2
2.500000E+4	-1.250000E+5	4.295731E+0	7.462503E-2
5.000000E+4	-1.250000E+5	4.174974E+0	3.767750E-2
7.500000E+4	-1.250000E+5	4.028284E+0	1.386810E-1
1.000000E+5	-1.250000E+5	3.605360E+0	6.342663E-2
1.250000E+5	-1.250000E+5	3.336074E+0	4.856855E-2
1.500000E+5	-1.250000E+5	3.001236E+0	5.160831E-2
1.750000E+5	-1.250000E+5	2.760082E+0	3.667448E-2
2.000000E+5	-1.250000E+5	2.738610E+0	1.927510E-1
2.250000E+5	-1.250000E+5	2.643208E+0	1.006430E-1
2.500000E+5	-1.250000E+5	2.516253E+0	1.178617E-1
2.750000E+5	-1.250000E+5	2.411827E+0	7.295376E-2
3.000000E+5	-1.250000E+5	2.249775E+0	6.745334E-2
-3.000000E+5	-1.000000E+5	2.685171E+0	2.890893E-2
-2.750000E+5	-1.000000E+5	2.854640E+0	8.607377E-2
-2.500000E+5	-1.000000E+5	2.875301E+0	2.263523E-2
-2.250000E+5	-1.000000E+5	2.995119E+0	2.928740E-2
-2.000000E+5	-1.000000E+5	3.171096E+0	7.752722E-2
-1.750000E+5	-1.000000E+5	3.291591E+0	8.882968E-2
-1.500000E+5	-1.000000E+5	3.653827E+0	1.102641E-1
-1.250000E+5	-1.000000E+5	3.874290E+0	9.265186E-2
-1.000000E+5	-1.000000E+5	4.248552E+0	1.178467E-1
-7.500000E+4	-1.000000E+5	4.185959E+0	2.317071E-1
-5.000000E+4	-1.000000E+5	4.604559E+0	9.524983E-2
-2.500000E+4	-1.000000E+5	4.899453E+0	9.516231E-2
0.000000E+0	-1.000000E+5	3.976266E+0	1.093430E+0
2.500000E+4	-1.000000E+5	4.726884E+0	1.564387E-1
5.000000E+4	-1.000000E+5	4.521273E+0	3.667958E-2
7.500000E+4	-1.000000E+5	4.212318E+0	1.455283E-1
1.000000E+5	-1.000000E+5	3.913152E+0	5.445871E-1
1.250000E+5	-1.000000E+5	3.456489E+0	1.507527E-1
1.500000E+5	-1.000000E+5	3.263613E+0	3.323571E-1
1.750000E+5	-1.000000E+5	2.618790E+0	2.289207E-1
2.000000E+5	-1.000000E+5	2.655006E+0	1.656317E-1
2.250000E+5	-1.000000E+5	2.611496E+0	5.430319E-2
2.500000E+5	-1.000000E+5	2.480068E+0	3.102613E-1
2.750000E+5	-1.000000E+5	2.519724E+0	1.981482E-1
3.000000E+5	-1.000000E+5	2.407748E+0	1.691274E-1
-3.000000E+5	-7.500000E+4	2.628410E+0	2.984421E-1
-2.750000E+5	-7.500000E+4	3.133728E+0	2.034594E-1
-2.500000E+5	-7.500000E+4	2.946790E+0	1.845130E-1
-2.250000E+5	-7.500000E+4	3.174012E+0	9.591799E-2
-2.000000E+5	-7.500000E+4	3.334418E+0	4.827356E-2
-1.750000E+5	-7.500000E+4	3.547206E+0	3.584589E-2
-1.500000E+5	-7.500000E+4	3.799282E+0	2.945292E-2
-1.250000E+5	-7.500000E+4	4.111020E+0	1.883007E-2
-1.000000E+5	-7.500000E+4	4.559938E+0	1.201245E-1
-7.500000E+4	-7.500000E+4	4.926910E+0	1.457897E-1
-5.000000E+4	-7.500000E+4	4.976517E+0	1.209047E-1
-2.500000E+4	-7.500000E+4	5.333431E+0	2.486870E-2
0.000000E+0	-7.500000E+4	5.544087E+0	1.717634E-1
2.500000E+4	-7.500000E+4	5.341445E+0	1.874111E-2
5.000000E+4	-7.500000E+4	5.005009E+0	4.111005E-2
7.500000E+4	-7.500000E+4	4.541151E+0	1.296015E-2
1.000000E+5	-7.500000E+4	4.070622E+0	8.831936E-2
1.250000E+5	-7.500000E+4	3.748419E+0	7.119463E-2
1.500000E+5	-7.500000E+4	3.214690E+0	1.188261E-1
1.750000E+5	-7.500000E+4	2.785487E+0	1.184678E-1
2.000000E+5	-7.500000E+4	2.596704E+0	1.643025E-1
2.250000E+5	-7.500000E+4	2.646826E+0	1.819067E-1
2.500000E+5	-7.500000E+4	2.487893E+0	6.324123E-2
2.750000E+5	-7.500000E+4	2.424769E+0	2.414711E-2
3.000000E+5	-7.500000E+4	2.244179E+0	2.513239E-2
-3.000000E+5	-5.000000E+4	2.891318E+0	2.561546E-2
-2.750000E+5	-5.000000E+4	3.001671E+0	3.380594E-2
-2.500000E+5	-5.000000E+4	3.182116E+0	3.460182E-2
-2.250000E+5	-5.000000E+4	3.273239E+0	1.894587E-2
-2.000000E+5	-5.000000E+4	3.495650E+0	2.763452E-2
-1.750000E+5	-5.000000E+4	3.772302E+0	7.338639E-2
-1.500000E+5	-5.000000E+4	4.016740E+0	2.260045E-2
-1.250000E+5	-5.000000E+4	4.299348E+0	1.332249E-2
-1.000000E+5	-5.000000E+4	4.728749E+0	3.739509E-2
-7.500000E+4	-5.000000E+4	5.157096E+0	1.524376E-2
-5.000000E+4	-5.000000E+4	5.450111E+0	1.345859E-2
-2.500000E+4	-5.000000E+4	5.665090E+0	3.353248E-2
0.000000E+0	-5.000000E+4	5.852684E+0	5.100034E-2
2.500000E+4	-5.000000E+4	5.849505E+0	7.698982E-2
5.000000E+4	-5.000000E+4	5.511855E+0	2.920455E-2
7.500000E+4	-5.000000E+4	4.897580E+0	1.435040E-2
1.000000E+5	-5.000000E+4	4.266777E+0	8.170867E-2
1.250000E+5	-5.000000E+4	3.793814E+0	9.649806E-2
1.500000E+5	-5.000000E+4	3.271014E+0	4.675361E-2
1.750000E+5	-5.000000E+4	2.834494E+0	2.204261E-2
2.000000E+5	-5.000000E+4	2.657480E+0	5.834911E-2
2.250000E+5	-5.000000E+4	2.652793E+0	1.018838E-1
2.500000E+5	-5.000000E+4	2.557331E+0	2.664896E-2
2.750000E+5	-5.000000E+4	2.419386E+0	9.766411E-3
3.000000E+5	-5.000000E+4	2.231032E+0	2.440467E-2
-3.000000E+5	-2.500000E+4	2.895407E+0	1.819363E-2
-2.750000E+5	-2.500000E+4	3.081099E+0	3.271739E-2
-2.500000E+5	-2.500000E+4	3.299228E+0	4.445461E-2
-2.250000E+5	-2.500000E+4	3.393248E+0	3.065533E-2
-2.000000E+5	-2.500000E+4	3.664124E+0	1.966907E-2
-1.750000E+5	-2.500000E+4	3.924721E+0	2.806143E-2
-1.500000E+5	-2.500000E+4	4.161644E+0	2.021562E-2
-1.250000E+5	-2.500000E+4	4.499119E+0	2.153235E-2
-1.000000E+5	-2.500000E+4	4.857800E+0	4.205255E-2
-7.500000E+4	-2.500000E+4	5.364109E+0	4.591453E-2
-5.000000E+4	-2.500000E+4	5.878911E+0	9.739653E-2
-2.500000E+4	-2.500000E+4	6.153070E+0	4.495797E-2
0.000000E+0	-2.500000E+4	6.215648E+0	1.173493E-2
2.500000E+4	-2.500000E+4	6.155122E+0	3.203579E-2
5.000000E+4	-2.500000E+4	5.822232E+0	4.214746E-2
7.500000E+4	-2.500000E+4	5.082138E+0	2.020207E-2
1.000000E+5	-2.500000E+4	4.327424E+0	5.044130E-2
1.250000E+5	-2.500000E+4	3.756647E+0	1.847565E-2
1.500000E+5	-2.500000E+4	3.254098E+0	4.543304E-2
1.750000E+5	-2.500000E+4	2.849122E+0	1.328349E-2
2.000000E+5	-2.500000E+4	2.617596E+0	4.195352E-2
2.250000E+5	-2.500000E+4	2.555060E+0	2.334964E-2
2.500000E+5	-2.500000E+4	2.578572E+0	4.100832E-2
2.750000E+5	-2.500000E+4	2.305149E+0	3.890633E-2
3.000000E+5	-2.500000E+4	2.091767E+0	7.592863E-3
-3.000000E+5	0.000000E+0	3.104736E+0	2.040538E-1
-2.750000E+5	0.000000E+0	3.255352E+0	2.029518E-1
-2.500000E+5	0.000000E+0	3.240411E+0	1.548618E-1
-2.250000E+5	0.000000E+0	3.497836E+0	5.989849E-2
-2.000000E+5	0.000000E+0	3.718998E+0	7.042848E-2
-1.750000E+5	0.000000E+0	4.006595E+0	3.863105E-2
-1.500000E+5	0.000000E+0	4.204832E+0	5.611290E-2
-1.250000E+5	0.000000E+0	4.971951E+0	4.804493E-1
-1.000000E+5	0.000000E+0	4.844888E+0	8.543561E-2
-7.500000E+4	0.000000E+0	5.190314E+0	2.442180E-1
-5.000000E+4	0.000000E+0	6.265679E+0	2.911866E-1
-2.500000E+4	0.000000E+0	6.549120E+0	4.260258E-1
0.000000E+0	0.000000E+0	6.172313E+0	1.422781E-1
2.500000E+4	0.000000E+0	5.771485E+0	5.112494E-1
5.000000E+4	0.000000E+0	5.494317E+0	2.864575E-1
7.500000E+4	0.000000E+0	5.186236E+0	2.430003E-1
1.000000E+5	0.000000E+0	4.781128E+0	3.888816E-1
1.250000E+5	0.000000E+0	3.806902E+0	4.571825E-1
1.500000E+5	0.000000E+0	3.024224E+0	2.893404E-1
1.750000E+5	0.000000E+0	3.075315E+0	3.679758E-1
2.000000E+5	0.000000E+0	2.834604E+0	2.495735E-1
2.250000E+5	0.000000E+0	2.734039E+0	2.864144E-1
2.500000E+5	0.000000E+0	2.233308E+0	1.938415E-1
2.750000E+5	0.000000E+0	2.271057E+0	1.217454E-1
3.000000E+5	0.000000E+0	1.870335E+0	1.129312E-1
-3.000000E+5	2.500000E+4	2.896007E+0	2.730415E-1
-2.750000E+5	2.500000E+4	3.192524E+0	6.230496E-1
-2.500000E+5	2.500000E+4	3.166772E+0	2.101531E-1
-2.250000E+5	2.500000E+4	3.374535E+0	4.986598E-2
-2.000000E+5	2.500000E+4	3.536836E+0	1.116757E-1
-1.750000E+5	2.500000E+4	3.421294E+0	6.835299E-1
-1.500000E+5	2.500000E+4	4.040016E+0	8.021791E-2
-1.250000E+5	2.500000E+4	4.410833E+0	1.384342E-1
-1.000000E+5	2.500000E+4	4.810547E+0	1.542195E-1
-7.500000E+4	2.500000E+4	5.070859E+0	1.462190E-1
-5.000000E+4	2.500000E+4	5.612480E+0	1.516340E-1
-2.500000E+4	2.500000E+4	6.160005E+0	1.567612E-1
0.000000E+0	2.500000E+4	6.285300E+0	1.284492E-1
2.500000E+4	2.500000E+4	6.123347E+0	2.280652E-1
5.000000E+4	2.500000E+4	5.152296E+0	2.105356E-1
7.500000E+4	2.500000E+4	4.816753E+0	1.321776E-1
1.000000E+5	2.500000E+4	4.312661E+0	3.824165E-1
1.250000E+5	2.500000E+4	3.456456E+0	2.967692E-1
1.500000E+5	2.500000E+4	3.210269E+0	2.831617E-1
1.750000E+5	2.500000E+4	2.767351E+0	5.849567E-2
2.000000E+5	2.500000E+4	2.852005E+0	1.667635E-1
2.250000E+5	2.500000E+4	2.662989E+0	1.154507E-1
2.500000E+5	2.500000E+4	2.477345E+0	8.317403E-2
2.750000E+5	2.500000E+4	2.091443E+0	2.060726E-1
3.000000E+5	2.500000E+4	1.787652E+0	1.056901E-1
-3.000000E+5	5.000000E+4	2.850360E+0	8.174029E-2
-2.750000E+5	5.000000E+4	3.037847E+0	4.118585E-2
-2.500000E+5	5.000000E+4	3.164617E+0	8.932693E-2
-2.250000E+5	5.000000E+4	3.348786E+0	1.908407E-1
-2.000000E+5	5.000000E+4	3.623035E+0	2.075487E-1
-1.750000E+5	5.000000E+4	3.715528E+0	3.456237E-1
-1.500000E+5	5.000000E+4	4.050700E+0	7.786940E-2
-1.250000E+5	5.000000E+4	4.169425E+0	1.016595E-1
-1.000000E+5	5.000000E+4	4.503029E+0	2.158762E-1
-7.500000E+4	5.000000E+4	4.912574E+0	1.252587E-1
-5.000000E+4	5.000000E+4	5.224940E+0	7.618072E-2
-2.500000E+4	5.000000E+4	5.443787E+0	1.057735E-1
0.000000E+0	5.000000E+4	5.607046E+0	7.577643E-2
2.500000E+4	5.000000E+4	5.485506E+0	1.294632E-1
5.000000E+4	5.000000E+4	4.920403E+0	1.747789E-1
7.500000E+4	5.000000E+4	3.830301E+0	5.895890E-1
1.000000E+5	5.000000E+4	3.688190E+0	1.846178E-1
1.250000E+5	5.000000E+4	2.865128E+0	2.808568E-1
1.500000E+5	5.000000E+4	2.559201E+0	2.505115E-1
1.750000E+5	5.000000E+4	2.328062E+0	2.241086E-1
2.000000E+5	5.000000E+4	2.406117E+0	1.535181E-1
2.250000E+5	5.000000E+4	2.301261E+0	1.545078E-1
2.500000E+5	5.000000E+4	2.146336E+0	2.130482E-1
2.750000E+5	5.000000E+4	2.103818E+0	2.509478E-1
3.000000E+5	5.000000E+4	1.863182E+0	1.204248E-1
-3.000000E+5	7.500000E+4	2.732707E+0	3.340632E-2
-2.750000E+5	7.500000E+4	2.936944E+0	1.616536E-2
-2.500000E+5	7.500000E+4	3.121931E+0	4.603620E-2
-2.250000E+5	7.500000E+4	3.232208E+0	2.614183E-2
-2.000000E+5	7.500000E+4	3.333838E+0	2.860850E-2
-1.750000E+5	7.500000E+4	3.613171E+0	2.536564E-2
-1.500000E+5	7.500000E+4	3.870079E+0	2.906292E-2
-1.250000E+5	7.500000E+4	4.088329E+0	1.550946E-2
-1.000000E+5	7.500000E+4	4.342056E+0	2.041082E-2
-7.500000E+4	7.500000E+4	4.591502E+0	2.954834E-2
-5.000000E+4	7.500000E+4	4.870152E+0	3.798967E-2
-2.500000E+4	7.500000E+4	4.977234E+0	1.589240E-2
0.000000E+0	7.500000E+4	4.855271E+0	5.051250E-2
2.500000E+4	7.500000E+4	4.655515E+0	5.559368E-2
5.000000E+4	7.500000E+4	4.327867E+0	3.296092E-2
7.500000E+4	7.500000E+4	3.921705E+0	3.382070E-2
1.000000E+5	7.500000E+4	3.416032E+0	4.684375E-2
1.250000E+5	7.500000E+4	2.842128E+0	2.484067E-2
1.500000E+5	7.500000E+4	2.599869E+0	1.011948E-1
1.750000E+5	7.500000E+4	2.453748E+0	2.025436E-2
2.000000E+5	7.500000E+4	2.389754E+0	4.419031E-2
2.250000E+5	7.500000E+4	2.116910E+0	3.749508E-2
2.500000E+5	7.500000E+4	2.038557E+0	5.400196E-2
2.750000E+5	7.500000E+4	1.891522E+0	3.575431E-2
3.000000E+5	7.500000E+4	1.802879E+0	6.075029E-2
-3.000000E+5	1.000000E+5	2.636912E+0	2.058386E-2
-2.750000E+5	1.000000E+5	2.772924E+0	2.448343E-2
-2.500000E+5	1.000000E+5	2.946364E+0	5.572479E-2
-2.250000E+5	1.000000E+5	3.103083E+0	2.944321E-2
-2.000000E+5	1.000000E+5	3.183796E+0	5.119826E-2
-1.750000E+5	1.000000E+5	3.391773E+0	2.141769E-2
-1.500000E+5	1.000000E+5	3.647438E+0	3.630653E-2
-1.250000E+5	1.000000E+5	3.872061E+0	3.037492E-2
-1.000000E+5	1.000000E+5	4.092799E+0	2.158344E-2
-7.500000E+4	1.000000E+5	4.207574E+0	4.298657E-2
-5.000000E+4	1.000000E+5	4.368048E+0	4.098277E-2
-2.500000E+4	1.000000E+5	4.374291E+0	2.301544E-2
0.000000E+0	1.000000E+5	4.264023E+0	4.209983E-2
2.500000E+4	1.000000E+5	4.071834E+0	5.716875E-2
5.000000E+4	1.000000E+5	3.782734E+0	3.324282E-2
7.500000E+4	1.000000E+5	3.401927E+0	2.469328E-2
1.000000E+5	1.000000E+5	2.980902E+0	3.039273E-2
1.250000E+5	1.000000E+5	2.663763E+0	1.652286E-2
1.500000E+5	1.000000E+5	2.479342E+0	4.104807E-2
1.750000E+5	1.000000E+5	2.368582E+0	1.328510E-2
2.000000E+5	1.000000E+5	2.288121E+0	3.361497E-2
2.250000E+5	1.000000E+5	2.082777E+0	2.108732E-2
2.500000E+5	1.000000E+5	1.974015E+0	2.660951E-2
2.750000E+5	1.000000E+5	1.866692E+0	2.310843E-2
3.000000E+5	1.000000E+5	1.694813E+0	4.200496E-2
-3.000000E+5	1.250000E+5	2.882664E+0	4.382345E-1
-2.750000E+5	1.250000E+5	2.753779E+0	3.249187E-1
-2.500000E+5	1.250000E+5	2.825736E+0	1.174132E-1
-2.250000E+5	1.250000E+5	2.924148E+0	1.718563E-1
-2.000000E+5	1.250000E+5	2.970159E+0	3.050144E-1
-1.750000E+5	1.250000E+5	3.202220E+0	3.526624E-2
-1.500000E+5	1.250000E+5	3.389539E+0	3.273485E-2
-1.250000E+5	1.250000E+5	3.587986E+0	1.727748E-2
-1.000000E+5	1.250000E+5	3.729897E+0	3.641214E-2
-7.500000E+4	1.250000E+5	3.778165E+0	2.535355E-2
-5.000000E+4	1.250000E+5	3.752725E+0	3.627719E-2
-2.500000E+4	1.250000E+5	3.713178E+0	2.936875E-2
0.000000E+0	1.250000E+5	3.579308E+0	2.210101E-2
2.500000E+4	1.250000E+5	3.413484E+0	4.086812E-2
5.000000E+4	1.250000E+5	3.198380E+0	3.288182E-2
7.500000E+4	1.250000E+5	2.966909E+0	2.007452E-2
1.000000E+5	1.250000E+5	2.758314E+0	5.108468E-2
1.250000E+5	1.250000E+5	2.709071E+0	1.052499E-1
1.500000E+5	1.250000E+5	2.318458E+0	2.006942E-1
1.750000E+5	1.250000E+5	2.361979E+0	6.421795E-2
2.000000E+5	1.250000E+5	2.313190E+0	1.123304E-1
2.250000E+5	1.250000E+5	2.181895E+0	1.181667E-1
2.500000E+5	1.250000E+5	2.014095E+0	1.429026E-1
2.750000E+5	1.250000E+5	1.870274E+0	1.589285E-1
3.000000E+5	1.250000E+5	1.580427E+0	6.870586E-2
-3.000000E+5	1.500000E+5	2.371089E+0	2.375593E-1
-2.750000E+5	1.500000E+5	2.630327E+0	5.012782E-2
-2.500000E+5	1.500000E+5	2.762035E+0	2.355496E-1
-2.250000E+5	1.500000E+5	2.802006E+0	9.260694E-2
-2.000000E+5	1.500000E+5	2.947348E+0	9.192443E-2
-1.750000E+5	1.500000E+5	3.130701E+0	6.098440E-2
-1.500000E+5	1.500000E+5	3.333894E+0	1.234763E-1
-1.250000E+5	1.500000E+5	3.310914E+0	7.596846E-2
-1.000000E+5	1.500000E+5	3.351936E+0	7.040954E-2
-7.500000E+4	1.500000E+5	3.433593E+0	6.186789E-2
-5.000000E+4	1.500000E+5	3.135920E+0	1.687180E-1
-2.500000E+4	1.500000E+5	3.258278E+0	1.130157E-1
0.000000E+0	1.500000E+5	2.976181E+0	7.467871E-2
2.500000E+4	1.500000E+5	2.869655E+0	7.207705E-2
5.000000E+4	1.500000E+5	2.852951E+0	2.654113E-2
7.500000E+4	1.500000E+5	2.667569E+0	4.795152E-2
1.000000E+5	1.500000E+5	2.593169E+0	3.906831E-2
1.250000E+5	1.500000E+5	2.532886E+0	1.638556E-2
1.500000E+5	1.500000E+5	2.386539E+0	2.834828E-2
1.750000E+5	1.500000E+5	2.276255E+0	2.691178E-2
2.000000E+5	1.500000E+5	2.234538E+0	3.091758E-2
2.250000E+5	1.500000E+5	2.140324E+0	3.542496E-2
2.500000E+5	1.500000E+5	1.935518E+0	3.337836E-2
2.750000E+5	1.500000E+5	1.760403E+0	2.883499E-2
3.000000E+5	1.500000E+5	1.537541E+0	5.746897E-2
-3.000000E+5	1.750000E+5	2.360633E+0	4.431169E-2
-2.750000E+5	1.750000E+5	2.609872E+0	6.151884E-2
-2.500000E+5	1.750000E+5	2.572764E+0	2.245989E-2
-2.250000E+5	1.750000E+5	2.706722E+0	1.897448E-2
-2.000000E+5	1.750000E+5	2.850133E+0	2.454023E-2
-1.750000E+5	1.750000E+5	2.979601E+0	3.321228E-2
-1.500000E+5	1.750000E+5	2.983165E+0	3.295598E-2
-1.250000E+5	1.750000E+5	3.104949E+0	1.956284E-2
-1.000000E+5	1.750000E+5	3.123888E+0	2.268493E-2
-7.500000E+4	1.750000E+5	3.097216E+0	3.890414E-2
-5.000000E+4	1.750000E+5	3.025680E+0	1.834441E-2
-2.500000E+4	1.750000E+5	2.935647E+0	4.394749E-2
0.000000E+0	1.750000E+5	2.873080E+0	1.255477E-2
2.500000E+4	1.750000E+5	2.809269E+0	1.757966E-2
5.000000E+4	1.750000E+5	2.705495E+0	4.024446E-2
7.500000E+4	1.750000E+5	2.660327E+0	1.665789E-2
1.000000E+5	1.750000E+5	2.749687E+0	2.450618E-1
1.250000E+5	1.750000E+5	2.470412E+0	3.372670E-2
1.500000E+5	1.750000E+5	1.721218E+0	1.454896E+0
1.750000E+5	1.750000E+5	2.390037E+0	1.098384E-1
2.000000E+5	1.750000E+5	2.231879E+0	1.499268E-1
2.250000E+5	1.750000E+5	2.146688E+0	5.637085E-2
2.500000E+5	1.750000E+5	1.910446E+0	1.683347E-2
2.750000E+5	1.750000E+5	1.690469E+0	4.038173E-2
3.000000E+5	1.750000E+5	1.417151E+0	4.323775E-2
-3.000000E+5	2.000000E+5	2.346052E+0	3.522024E-2
-2.750000E+5	2.000000E+5	2.382036E+0	4.153972E-2
-2.500000E+5	2.000000E+5	2.530861E+0	3.895165E-2
-2.250000E+5	2.000000E+5	2.592944E+0	2.248856E-2
-2.000000E+5	2.000000E+5	2.712743E+0	5.469609E-2
-1.750000E+5	2.000000E+5	2.853854E+0	3.300017E-2
-1.500000E+5	2.000000E+5	2.966152E+0	4.080092E-2
-1.250000E+5	2.000000E+5	3.002620E+0	3.187647E-2
-1.000000E+5	2.000000E+5	2.973498E+0	3.891571E-2
-7.500000E+4	2.000000E+5	3.118459E+0	8.640954E-2
-5.000000E+4	2.000000E+5	2.930715E+0	1.699197E-1
-2.500000E+4	2.000000E+5	2.841829E+0	1.672925E-1
0.000000E+0	2.000000E+5	2.728930E+0	1.266848E-1
2.500000E+4	2.000000E+5	2.021286E+0	9.829215E-1
5.000000E+4	2.000000E+5	2.774591E+0	1.201669E-1
7.500000E+4	2.000000E+5	2.547923E+0	1.658755E-1
1.000000E+5	2.000000E+5	2.545534E+0	2.346433E-1
1.250000E+5	2.000000E+5	2.483313E+0	8.741813E-2
1.500000E+5	2.000000E+5	2.347138E+0	8.049349E-2
1.750000E+5	2.000000E+5	2.676935E+0	1.321623E-1
2.000000E+5	2.000000E+5	2.143436E+0	8.468648E-2
2.250000E+5	2.000000E+5	2.210124E+0	2.322445E-1
2.500000E+5	2.000000E+5	2.303207E+0	2.186479E-1
2.750000E+5	2.000000E+5	1.637520E+0	8.890766E-2
3.000000E+5	2.000000E+5	1.457077E+0	1.047632E-1
-3.000000E+5	2.250000E+5	2.232403E+0	4.572583E-2
-2.750000E+5	2.250000E+5	2.362968E+0	8.932628E-2
-2.500000E+5	2.250000E+5	2.379735E+0	2.809901E-1
-2.250000E+5	2.250000E+5	2.564643E+0	1.582943E-1
-2.000000E+5	2.250000E+5	2.587745E+0	3.204001E-1
-1.750000E+5	2.250000E+5	2.973751E+0	5.193251E-1
-1.500000E+5	2.250000E+5	2.540457E+0	4.387273E-1
-1.250000E+5	2.250000E+5	2.517543E+0	4.038412E-1
-1.000000E+5	2.250000E+5	3.173921E+0	4.334371E-1
-7.500000E+4	2.250000E+5	2.736106E+0	2.012985E-1
-5.000000E+4	2.250000E+5	3.357929E+0	3.847978E-1
-2.500000E+4	2.250000E+5	2.855731E+0	1.989481E-1
0.000000E+0	2.250000E+5	2.596811E+0	6.000218E-1
2.500000E+4	2.250000E+5	2.953872E+0	2.370814E-1
5.000000E+4	2.250000E+5	2.469597E+0	2.222666E-1
7.500000E+4	2.250000E+5	2.531773E+0	4.172489E-1
1.000000E+5	2.250000E+5	2.197248E+0	2.199395E-1
1.250000E+5	2.250000E+5	2.312858E+0	1.289147E-1
1.500000E+5	2.250000E+5	2.424542E+0	9.086749E-2
1.750000E+5	2.250000E+5	2.394798E+0	8.044549E-2
2.000000E+5	2.250000E+5	2.237697E+0	1.225453E-1
2.250000E+5	2.250000E+5	1.963787E+0	1.302130E-1
2.500000E+5	2.250000E+5	1.574473E+0	2.771893E-1
2.750000E+5	2.250000E+5	1.447474E+0	1.180061E-1
3.000000E+5	2.250000E+5	1.424665E+0	1.189775E-1
-3.000000E+5	2.500000E+5	2.151796E+0	1.001288E-1
-2.750000E+5	2.500000E+5	2.134944E+0	2.139325E-1
-2.500000E+5	2.500000E+5	2.300255E+0	8.686886E-2
-2.250000E+5	2.500000E+5	2.494867E+0	9.701319E-2
-2.000000E+5	2.500000E+5	2.562139E+0	6.632035E-2
-1.750000E+5	2.500000E+5	2.648220E+0	1.539126E-1
-1.500000E+5	2.500000E+5	3.156100E+0	1.962259E-1
-1.250000E+5	2.500000E+5	2.950803E+0	7.242099E-2
-1.000000E+5	2.500000E+5	2.964888E+0	8.282597E-2
-7.500000E+4	2.500000E+5	2.908739E+0	3.863260E-2
-5.000000E+4	2.500000E+5	2.816584E+0	3.951989E-2
-2.500000E+4	2.500000E+5	2.655449E+0	6.798739E-2
0.000000E+0	2.500000E+5	2.560453E+0	7.389403E-2
2.500000E+4	2.500000E+5	2.471330E+0	9.031644E-2
5.000000E+4	2.500000E+5	2.377828E+0	3.514918E-2
7.500000E+4	2.500000E+5	2.421176E+0	7.466702E-2
1.000000E+5	2.500000E+5	2.494174E+0	1.966885E-1
1.250000E+5	2.500000E+5	2.286733E+0	1.622522E-1
1.500000E+5	2.500000E+5	2.098568E+0	2.401824E-1
1.750000E+5	2.500000E+5	1.936394E+0	3.826118E-1
2.000000E+5	2.500000E+5	1.961143E+0	8.597878E-2
2.250000E+5	2.500000E+5	1.449982E+0	7.152352E-1
2.500000E+5	2.500000E+5	7.221460E-1	1.282261E+0
2.750000E+5	2.500000E+5	1.404799E+0	1.200183E-1
3.000000E+5	2.500000E+5	1.187357E+0	6.794742E-2
-3.000000E+5	2.750000E+5	1.949548E+0	1.917002E-1
-2.750000E+5	2.750000E+5	1.916867E+0	2.569333E-1
-2.500000E+5	2.750000E+5	2.251469E+0	1.179536E-1
-2.250000E+5	2.750000E+5	2.438516E+0	1.518242E-1
-2.000000E+5	2.750000E+5	2.547718E+0	7.818700E-2
-1.750000E+5	2.750000E+5	2.555240E+0	1.655311E-1
-1.500000E+5	2.750000E+5	2.468336E+0	1.330334E-1
-1.250000E+5	2.750000E+5	2.821542E+0	1.320868E-1
-1.000000E+5	2.750000E+5	3.100848E+0	4.636068E-1
-7.500000E+4	2.750000E+5	2.708238E+0	2.061863E-1
-5.000000E+4	2.750000E+5	2.681900E+0	2.618196E-1
-2.500000E+4	2.750000E+5	2.286801E+0	8.537066E-1
0.000000E+0	2.750000E+5	2.068163E+0	9.282604E-1
2.500000E+4	2.750000E+5	2.494495E+0	2.871015E-1
5.000000E+4	2.750000E+5	2.301737E+0	8.453811E-2
7.500000E+4	2.750000E+5	2.277601E+0	4.470692E-2
1.000000E+5	2.750000E+5	2.237777E+0	7.570666E-2
1.250000E+5	2.750000E+5	1.629236E+0	6.007832E-1
1.500000E+5	2.750000E+5	1.899665E+0	3.621163E-1
1.750000E+5	2.750000E+5	2.054234E+0	1.882692E-1
2.000000E+5	2.750000E+5	2.491951E+0	7.488177E-1
2.250000E+5	2.750000E+5	2.140393E+0	6.585717E-1
2.500000E+5	2.750000E+5	1.813339E+0	3.709317E-1
2.750000E+5	2.750000E+5	1.079808E+0	3.021716E-1
3.000000E+5	2.750000E+5	1.106140E+0	4.140065E-1
-3.000000E+5	3.000000E+5	2.047305E+0	1.028766E-1
-2.750000E+5	3.000000E+5	1.700055E+0	8.667662E-2
-2.500000E+5	3.000000E+5	2.045284E+0	1.253053E-1
-2.250000E+5	3.000000E+5	2.302623E+0	1.805191E-1
-2.000000E+5	3.000000E+5	2.051342E+0	2.615036E-1
-1.750000E+5	3.000000E+5	2.743730E+0	9.020622E-1
-1.500000E+5	3.000000E+5	2.897252E+0	6.883379E-1
-1.250000E+5	3.000000E+5	2.357762E+0	1.193293E-1
-1.000000E+5	3.000000E+5	2.642017E+0	3.701792E-1
-7.500000E+4	3.000000E+5	2.462204E+0	9.371273E-2
-5.000000E+4	3.000000E+5	2.485778E+0	2.910700E-1
-2.500000E+4	3.000000E+5	2.347965E+0	4.837972E-2
0.000000E+0	3.000000E+5	2.219280E+0	3.045849E-2
2.500000E+4	3.000000E+5	2.136755E+0	2.457100E-2
5.000000E+4	3.000000E+5	2.072937E+0	2.521492E-2
7.500000E+4	3.000000E+5	2.016898E+0	2.752515E-2
1.000000E+5	3.000000E+5	1.923804E+0	2.090124E-2
1.250000E+5	3.000000E+5	1.936207E+0	6.236871E-2
1.500000E+5	3.000000E+5	1.828958E+0	4.427830E-2
1.750000E+5	3.000000E+5	1.714951E+0	3.071417E-2
2.000000E+5	3.000000E+5	1.627329E+0	3.990556E-2
2.250000E+5	3.000000E+5	1.454908E+0	5.859513E-2
2.500000E+5	3.000000E+5	1.300160E+0	2.905559E-2
2.750000E+5	3.000000E+5	1.284356E+0	5.013532E-2
3.000000E+5	3.000000E+5	1.235568E+0	3.575114E-2
