-3.000000E+5	-3.000000E+5	1.612200E+0	1.048471E-1
-2.750000E+5	-3.000000E+5	1.292232E+0	7.327571E-2
-2.500000E+5	-3.000000E+5	1.298699E+0	1.661668E-1
-2.250000E+5	-3.000000E+5	1.328442E+0	1.546610E-1
-2.000000E+5	-3.000000E+5	1.496590E+0	8.002969E-2
-1.750000E+5	-3.000000E+5	1.610049E+0	9.966666E-2
-1.500000E+5	-3.000000E+5	1.626243E+0	1.136461E-1
-1.250000E+5	-3.000000E+5	1.542847E+0	1.142112E-1
-1.000000E+5	-3.000000E+5	1.586315E+0	1.584154E-1
-7.500000E+4	-3.000000E+5	1.524187E+0	7.416356E-2
-5.000000E+4	-3.000000E+5	1.625785E+0	2.065986E-1
-2.500000E+4	-3.000000E+5	1.722609E+0	2.130607E-1
0.000000E+0	-3.000000E+5	1.752154E+0	9.786913E-2
2.500000E+4	-3.000000E+5	1.689003E+0	1.239603E-1
5.000000E+4	-3.000000E+5	1.559920E+0	1.539606E-1
7.500000E+4	-3.000000E+5	1.702199E+0	9.162619E-2
1.000000E+5	-3.000000E+5	1.572431E+0	1.032950E-1
1.250000E+5	-3.000000E+5	1.443585E+0	1.093717E-1
1.500000E+5	-3.000000E+5	1.473639E+0	1.367484E-1
1.750000E+5	-3.000000E+5	1.539736E+0	1.796464E-1
2.000000E+5	-3.000000E+5	1.125228E+0	1.265473E-1
2.250000E+5	-3.000000E+5	1.145689E+0	9.740379E-2
2.500000E+5	-3.000000E+5	1.271240E+0	9.824487E-2
2.750000E+5	-3.000000E+5	1.262530E+0	1.135740E-1
3.000000E+5	-3.000000E+5	1.128814E+0	1.191345E-1
-3.000000E+5	-2.750000E+5	1.444867E+0	6.876747E-2
-2.750000E+5	-2.750000E+5	1.527941E+0	6.441383E-2
-2.500000E+5	-2.750000E+5	1.431868E+0	1.468942E-1
-2.250000E+5	-2.750000E+5	1.421146E+0	9.539611E-2
-2.000000E+5	-2.750000E+5	1.748676E+0	2.077005E-1
-1.750000E+5	-2.750000E+5	1.917769E+0	1.048687E-1
-1.500000E+5	-2.750000E+5	1.704319E+0	1.682920E-1
-1.250000E+5	-2.750000E+5	1.794808E+0	9.056389E-2
-1.000000E+5	-2.750000E+5	1.906031E+0	9.308936E-2
-7.500000E+4	-2.750000E+5	1.936678E+0	1.467700E-1
-5.000000E+4	-2.750000E+5	2.110150E+0	1.238929E-1
-2.500000E+4	-2.750000E+5	2.097763E+0	1.140403E-1
0.000000E+0	-2.750000E+5	1.945486E+0	6.786559E-2
2.500000E+4	-2.750000E+5	1.863771E+0	2.061034E-1
5.000000E+4	-2.750000E+5	1.622031E+0	2.704646E-1
7.500000E+4	-2.750000E+5	1.672984E+0	1.899449E-1
1.000000E+5	-2.750000E+5	1.720255E+0	1.795450E-1
1.250000E+5	-2.750000E+5	1.629242E+0	2.416103E-1
1.500000E+5	-2.750000E+5	1.544847E+0	9.684217E-2
1.750000E+5	-2.750000E+5	1.480849E+0	1.971572E-1
2.000000E+5	-2.750000E+5	1.380208E+0	1.913825E-1
2.250000E+5	-2.750000E+5	1.275124E+0	1.307893E-1
2.500000E+5	-2.750000E+5	1.342257E+0	9.865262E-2
2.750000E+5	-2.750000E+5	1.189449E+0	1.244724E-1
3.000000E+5	-2.750000E+5	1.120717E+0	1.841217E-1
-3.000000E+5	-2.500000E+5	1.602748E+0	1.855518E-1
-2.750000E+5	-2.500000E+5	1.619860E+0	1.822829E-1
-2.500000E+5	-2.500000E+5	1.630019E+0	8.756429E-2
-2.250000E+5	-2.500000E+5	1.919952E+0	6.919478E-2
-2.000000E+5	-2.500000E+5	1.647507E+0	1.211538E-1
-1.750000E+5	-2.500000E+5	1.778547E+0	8.741262E-2
-1.500000E+5	-2.500000E+5	1.960562E+0	2.232091E-1
-1.250000E+5	-2.500000E+5	1.975685E+0	5.824970E-2
-1.000000E+5	-2.500000E+5	2.206336E+0	1.367152E-1
-7.500000E+4	-2.500000E+5	2.177359E+0	1.799652E-1
-5.000000E+4	-2.500000E+5	2.260336E+0	2.458167E-1
-2.500000E+4	-2.500000E+5	2.314706E+0	1.237095E-1
0.000000E+0	-2.500000E+5	2.372679E+0	1.541358E-1
2.500000E+4	-2.500000E+5	2.124040E+0	1.460115E-1
5.000000E+4	-2.500000E+5	1.949896E+0	6.584859E-2
7.500000E+4	-2.500000E+5	2.159098E+0	8.208011E-2
1.000000E+5	-2.500000E+5	1.974870E+0	1.467866E-1
1.250000E+5	-2.500000E+5	1.888652E+0	2.150563E-1
1.500000E+5	-2.500000E+5	1.980692E+0	1.074613E-1
1.750000E+5	-2.500000E+5	1.631933E+0	1.367568E-1
2.000000E+5	-2.500000E+5	1.450498E+0	1.865541E-1
2.250000E+5	-2.500000E+5	1.446287E+0	1.441925E-1
2.500000E+5	-2.500000E+5	1.306772E+0	2.696785E-1
2.750000E+5	-2.500000E+5	1.228791E+0	1.034222E-1
3.000000E+5	-2.500000E+5	1.063069E+0	1.432333E-1
-3.000000E+5	-2.250000E+5	1.635764E+0	1.100040E-1
-2.750000E+5	-2.250000E+5	1.602115E+0	1.439227E-1
-2.500000E+5	-2.250000E+5	1.690363E+0	1.656749E-1
-2.250000E+5	-2.250000E+5	1.828459E+0	5.968511E-2
-2.000000E+5	-2.250000E+5	2.071959E+0	2.298648E-1
-1.750000E+5	-2.250000E+5	2.030290E+0	1.582767E-1
-1.500000E+5	-2.250000E+5	2.266981E+0	8.275352E-2
-1.250000E+5	-2.250000E+5	2.343773E+0	4.894522E-2
-1.000000E+5	-2.250000E+5	2.598508E+0	1.528426E-1
-7.500000E+4	-2.250000E+5	2.729107E+0	1.872484E-1
-5.000000E+4	-2.250000E+5	2.646452E+0	1.791300E-1
-2.500000E+4	-2.250000E+5	2.831853E+0	7.421195E-2
0.000000E+0	-2.250000E+5	2.900859E+0	9.958400E-2
2.500000E+4	-2.250000E+5	2.493399E+0	1.164618E-1
5.000000E+4	-2.250000E+5	2.532218E+0	1.100223E-1
7.500000E+4	-2.250000E+5	2.411099E+0	2.118712E-1
1.000000E+5	-2.250000E+5	2.028779E+0	7.591330E-2
1.250000E+5	-2.250000E+5	2.096669E+0	1.355070E-1
1.500000E+5	-2.250000E+5	1.786599E+0	5.780279E-2
1.750000E+5	-2.250000E+5	1.620298E+0	1.876187E-1
2.000000E+5	-2.250000E+5	1.610572E+0	1.552547E-1
2.250000E+5	-2.250000E+5	1.515148E+0	2.073194E-1
2.500000E+5	-2.250000E+5	1.398912E+0	2.333888E-1
2.750000E+5	-2.250000E+5	1.313258E+0	1.679293E-1
3.000000E+5	-2.250000E+5	1.201148E+0	2.240988E-1
-3.000000E+5	-2.000000E+5	1.673277E+0	1.406552E-1
-2.750000E+5	-2.000000E+5	1.715352E+0	9.399806E-2
-2.500000E+5	-2.000000E+5	1.821133E+0	1.521685E-1
-2.250000E+5	-2.000000E+5	2.125803E+0	1.309144E-1
-2.000000E+5	-2.000000E+5	2.191201E+0	1.104296E-1
-1.750000E+5	-2.000000E+5	2.218596E+0	2.347211E-1
-1.500000E+5	-2.000000E+5	2.920646E+0	1.018983E-1
-1.250000E+5	-2.000000E+5	2.633465E+0	2.174360E-1
-1.000000E+5	-2.000000E+5	2.947575E+0	8.835583E-2
-7.500000E+4	-2.000000E+5	2.860952E+0	9.548639E-2
-5.000000E+4	-2.000000E+5	2.989835E+0	1.403705E-1
-2.500000E+4	-2.000000E+5	2.996419E+0	1.057600E-1
0.000000E+0	-2.000000E+5	2.923268E+0	6.889197E-2
2.500000E+4	-2.000000E+5	2.869077E+0	1.091848E-1
5.000000E+4	-2.000000E+5	2.785634E+0	1.059479E-1
7.500000E+4	-2.000000E+5	2.509444E+0	1.409078E-1
1.000000E+5	-2.000000E+5	2.377672E+0	1.747258E-1
1.250000E+5	-2.000000E+5	2.234643E+0	2.343198E-1
1.500000E+5	-2.000000E+5	1.821745E+0	1.969418E-1
1.750000E+5	-2.000000E+5	1.899818E+0	6.678475E-2
2.000000E+5	-2.000000E+5	1.653422E+0	1.314790E-1
2.250000E+5	-2.000000E+5	1.538433E+0	5.995128E-2
2.500000E+5	-2.000000E+5	1.502784E+0	1.250963E-1
2.750000E+5	-2.000000E+5	1.437998E+0	1.527052E-1
3.000000E+5	-2.000000E+5	1.413401E+0	1.766300E-1
-3.000000E+5	-1.750000E+5	1.645752E+0	1.208468E-1
-2.750000E+5	-1.750000E+5	2.008770E+0	1.161676E-1
-2.500000E+5	-1.750000E+5	2.106997E+0	1.508602E-1
-2.250000E+5	-1.750000E+5	2.264756E+0	1.153074E-1
-2.000000E+5	-1.750000E+5	2.383624E+0	1.414466E-1
-1.750000E+5	-1.750000E+5	2.748300E+0	1.066640E-1
-1.500000E+5	-1.750000E+5	2.733543E+0	1.463134E-1
-1.250000E+5	-1.750000E+5	3.148356E+0	1.805145E-1
-1.000000E+5	-1.750000E+5	3.329829E+0	1.390978E-1
-7.500000E+4	-1.750000E+5	3.383377E+0	1.030324E-1
-5.000000E+4	-1.750000E+5	3.442433E+0	1.504836E-1
-2.500000E+4	-1.750000E+5	3.503798E+0	1.625750E-1
0.000000E+0	-1.750000E+5	3.586787E+0	1.854149E-1
2.500000E+4	-1.750000E+5	3.225803E+0	1.444520E-1
5.000000E+4	-1.750000E+5	3.110603E+0	1.074784E-1
7.500000E+4	-1.750000E+5	3.021682E+0	6.477252E-2
1.000000E+5	-1.750000E+5	2.612404E+0	9.686069E-2
1.250000E+5	-1.750000E+5	2.334172E+0	1.780476E-1
1.500000E+5	-1.750000E+5	2.389065E+0	2.612553E-1
1.750000E+5	-1.750000E+5	2.021949E+0	9.101639E-2
2.000000E+5	-1.750000E+5	1.836372E+0	1.684569E-1
2.250000E+5	-1.750000E+5	1.661844E+0	2.118234E-1
2.500000E+5	-1.750000E+5	1.583510E+0	2.858962E-1
2.750000E+5	-1.750000E+5	1.227826E+0	1.139662E-1
3.000000E+5	-1.750000E+5	1.349519E+0	1.644809E-1
-3.000000E+5	-1.500000E+5	1.736881E+0	2.081196E-1
-2.750000E+5	-1.500000E+5	2.023375E+0	8.275290E-2
-2.500000E+5	-1.500000E+5	1.937760E+0	1.031603E-1
-2.250000E+5	-1.500000E+5	2.400842E+0	1.210803E-1
-2.000000E+5	-1.500000E+5	2.689047E+0	1.157810E-1
-1.750000E+5	-1.500000E+5	2.967633E+0	1.615697E-1
-1.500000E+5	-1.500000E+5	3.167262E+0	1.196099E-1
-1.250000E+5	-1.500000E+5	3.441184E+0	1.778699E-1
-1.000000E+5	-1.500000E+5	3.570885E+0	1.137565E-1
-7.500000E+4	-1.500000E+5	3.752418E+0	1.693482E-1
-5.000000E+4	-1.500000E+5	3.694148E+0	9.393764E-2
-2.500000E+4	-1.500000E+5	3.828207E+0	1.955595E-1
0.000000E+0	-1.500000E+5	3.934987E+0	1.607077E-1
2.500000E+4	-1.500000E+5	3.766739E+0	2.068075E-1
5.000000E+4	-1.500000E+5	3.475144E+0	8.346183E-2
7.500000E+4	-1.500000E+5	3.518834E+0	1.249840E-1
1.000000E+5	-1.500000E+5	2.941778E+0	2.022670E-1
1.250000E+5	-1.500000E+5	2.889159E+0	1.985847E-1
1.500000E+5	-1.500000E+5	2.542583E+0	1.864533E-1
1.750000E+5	-1.500000E+5	2.315941E+0	1.260601E-1
2.000000E+5	-1.500000E+5	2.030910E+0	1.682437E-1
2.250000E+5	-1.500000E+5	1.709354E+0	1.151281E-1
2.500000E+5	-1.500000E+5	1.637898E+0	9.832183E-2
2.750000E+5	-1.500000E+5	1.276088E+0	1.128264E-1
3.000000E+5	-1.500000E+5	1.236656E+0	9.596055E-2
-3.000000E+5	-1.250000E+5	2.069614E+0	1.066005E-1
-2.750000E+5	-1.250000E+5	2.123784E+0	1.011887E-1
-2.500000E+5	-1.250000E+5	2.298766E+0	7.143830E-2
-2.250000E+5	-1.250000E+5	2.569572E+0	2.192167E-1
-2.000000E+5	-1.250000E+5	2.763364E+0	1.877818E-1
-1.750000E+5	-1.250000E+5	2.930381E+0	1.596028E-1
-1.500000E+5	-1.250000E+5	3.501161E+0	6.827398E-2
-1.250000E+5	-1.250000E+5	3.810908E+0	1.419992E-1
-1.000000E+5	-1.250000E+5	3.823466E+0	1.488657E-1
-7.500000E+4	-1.250000E+5	3.987735E+0	1.542285E-1
-5.000000E+4	-1.250000E+5	4.122575E+0	1.986454E-1
-2.500000E+4	-1.250000E+5	4.000838E+0	2.014814E-1
0.000000E+0	-1.250000E+5	4.014869E+0	9.548286E-2
2.500000E+4	-1.250000E+5	3.795541E+0	1.661161E-1
5.000000E+4	-1.250000E+5	3.736210E+0	9.775980E-2
7.500000E+4	-1.250000E+5	3.494886E+0	1.863281E-1
1.000000E+5	-1.250000E+5	3.300121E+0	1.351577E-1
1.250000E+5	-1.250000E+5	2.731427E+0	1.769551E-1
1.500000E+5	-1.250000E+5	2.622179E+0	1.403030E-1
1.750000E+5	-1.250000E+5	2.150822E+0	1.549984E-1
2.000000E+5	-1.250000E+5	2.049316E+0	1.070486E-1
2.250000E+5	-1.250000E+5	1.810452E+0	1.099778E-1
2.500000E+5	-1.250000E+5	1.524983E+0	1.136853E-1
2.750000E+5	-1.250000E+5	1.411821E+0	8.571195E-2
3.000000E+5	-1.250000E+5	1.396064E+0	1.522488E-1
-3.000000E+5	-1.000000E+5	1.784541E+0	1.038389E-1
-2.750000E+5	-1.000000E+5	2.132777E+0	1.526865E-1
-2.500000E+5	-1.000000E+5	2.475300E+0	5.009194E-2
-2.250000E+5	-1.000000E+5	2.748779E+0	1.579516E-1
-2.000000E+5	-1.000000E+5	3.077307E+0	8.435784E-2
-1.750000E+5	-1.000000E+5	3.351820E+0	7.659164E-2
-1.500000E+5	-1.000000E+5	3.847540E+0	1.675764E-1
-1.250000E+5	-1.000000E+5	4.040493E+0	1.693922E-1
-1.000000E+5	-1.000000E+5	4.213977E+0	4.358450E-2
-7.500000E+4	-1.000000E+5	4.235215E+0	8.938329E-2
-5.000000E+4	-1.000000E+5	4.461114E+0	1.643142E-1
-2.500000E+4	-1.000000E+5	4.495338E+0	2.451843E-1
0.000000E+0	-1.000000E+5	4.401586E+0	9.141821E-2
2.500000E+4	-1.000000E+5	4.447351E+0	1.211403E-1
5.000000E+4	-1.000000E+5	4.181442E+0	9.494372E-2
7.500000E+4	-1.000000E+5	3.719270E+0	1.426779E-1
1.000000E+5	-1.000000E+5	3.423884E+0	7.548399E-2
1.250000E+5	-1.000000E+5	3.058264E+0	1.106803E-1
1.500000E+5	-1.000000E+5	2.587422E+0	6.737158E-2
1.750000E+5	-1.000000E+5	2.237816E+0	8.104400E-2
2.000000E+5	-1.000000E+5	2.242740E+0	7.559129E-2
2.250000E+5	-1.000000E+5	1.778233E+0	1.933191E-1
2.500000E+5	-1.000000E+5	1.531309E+0	1.909524E-1
2.750000E+5	-1.000000E+5	1.349648E+0	7.026182E-2
3.000000E+5	-1.000000E+5	1.288827E+0	1.286115E-1
-3.000000E+5	-7.500000E+4	2.205466E+0	1.256014E-1
-2.750000E+5	-7.500000E+4	2.390757E+0	1.471514E-1
-2.500000E+5	-7.500000E+4	2.789041E+0	1.257705E-1
-2.250000E+5	-7.500000E+4	2.955102E+0	8.803607E-2
-2.000000E+5	-7.500000E+4	3.019505E+0	1.208962E-1
-1.750000E+5	-7.500000E+4	3.883775E+0	8.689366E-2
-1.500000E+5	-7.500000E+4	3.882125E+0	1.497376E-1
-1.250000E+5	-7.500000E+4	4.198991E+0	1.706313E-1
-1.000000E+5	-7.500000E+4	4.537438E+0	1.873913E-1
-7.500000E+4	-7.500000E+4	4.909377E+0	3.477276E-1
-5.000000E+4	-7.500000E+4	4.800546E+0	1.972804E-1
-2.500000E+4	-7.500000E+4	4.947088E+0	1.776433E-1
0.000000E+0	-7.500000E+4	4.240509E+0	4.998270E-1
2.500000E+4	-7.500000E+4	4.588571E+0	2.695353E-1
5.000000E+4	-7.500000E+4	4.381429E+0	1.068194E-1
7.500000E+4	-7.500000E+4	4.039660E+0	1.524090E-1
1.000000E+5	-7.500000E+4	3.562135E+0	3.141308E-1
1.250000E+5	-7.500000E+4	3.062243E+0	2.005385E-1
1.500000E+5	-7.500000E+4	2.727562E+0	1.339776E-1
1.750000E+5	-7.500000E+4	2.386706E+0	9.253968E-2
2.000000E+5	-7.500000E+4	2.092461E+0	8.128770E-2
2.250000E+5	-7.500000E+4	1.918766E+0	1.729226E-1
2.500000E+5	-7.500000E+4	1.621457E+0	1.310128E-1
2.750000E+5	-7.500000E+4	1.382657E+0	1.154155E-1
3.000000E+5	-7.500000E+4	1.189062E+0	2.781179E-1
-3.000000E+5	-5.000000E+4	2.425257E+0	1.644050E-1
-2.750000E+5	-5.000000E+4	2.127186E+0	2.425617E-1
-2.500000E+5	-5.000000E+4	2.715399E+0	1.201646E-1
-2.250000E+5	-5.000000E+4	2.977977E+0	1.756817E-1
-2.000000E+5	-5.000000E+4	3.310293E+0	1.366141E-1
-1.750000E+5	-5.000000E+4	3.648712E+0	1.323515E-1
-1.500000E+5	-5.000000E+4	4.097988E+0	1.753270E-1
-1.250000E+5	-5.000000E+4	4.458651E+0	6.884259E-2
-1.000000E+5	-5.000000E+4	4.752953E+0	1.646186E-1
-7.500000E+4	-5.000000E+4	4.751371E+0	2.036068E-1
-5.000000E+4	-5.000000E+4	4.998320E+0	2.499960E-1
-2.500000E+4	-5.000000E+4	5.265005E+0	2.225829E-1
0.000000E+0	-5.000000E+4	5.006593E+0	7.744855E-2
2.500000E+4	-5.000000E+4	5.045682E+0	1.716685E-1
5.000000E+4	-5.000000E+4	4.597754E+0	1.511512E-1
7.500000E+4	-5.000000E+4	4.133777E+0	2.413745E-1
1.000000E+5	-5.000000E+4	3.780062E+0	7.102643E-2
1.250000E+5	-5.000000E+4	3.195799E+0	1.532955E-1
1.500000E+5	-5.000000E+4	2.843792E+0	1.608567E-1
1.750000E+5	-5.000000E+4	2.432918E+0	1.205364E-1
2.000000E+5	-5.000000E+4	2.259250E+0	6.618598E-2
2.250000E+5	-5.000000E+4	1.997903E+0	1.259020E-1
2.500000E+5	-5.000000E+4	1.682647E+0	1.355191E-1
2.750000E+5	-5.000000E+4	1.337748E+0	1.163495E-1
3.000000E+5	-5.000000E+4	1.380833E+0	1.286882E-1
-3.000000E+5	-2.500000E+4	2.147580E+0	1.224663E-1
-2.750000E+5	-2.500000E+4	2.497444E+0	1.183621E-1
-2.500000E+5	-2.500000E+4	2.627836E+0	1.616022E-1
-2.250000E+5	-2.500000E+4	2.966819E+0	1.236252E-1
-2.000000E+5	-2.500000E+4	3.141482E+0	1.215511E-1
-1.750000E+5	-2.500000E+4	3.658779E+0	1.089479E-1
-1.500000E+5	-2.500000E+4	3.892612E+0	9.008079E-2
-1.250000E+5	-2.500000E+4	4.285464E+0	1.313685E-1
-1.000000E+5	-2.500000E+4	4.733532E+0	2.266485E-1
-7.500000E+4	-2.500000E+4	4.909145E+0	1.271185E-1
-5.000000E+4	-2.500000E+4	5.296799E+0	1.665201E-1
-2.500000E+4	-2.500000E+4	5.310327E+0	1.952259E-1
0.000000E+0	-2.500000E+4	5.215964E+0	1.635999E-1
2.500000E+4	-2.500000E+4	5.246717E+0	1.349542E-1
5.000000E+4	-2.500000E+4	4.664865E+0	1.123064E-1
7.500000E+4	-2.500000E+4	4.093503E+0	7.358534E-2
1.000000E+5	-2.500000E+4	3.630682E+0	7.870083E-2
1.250000E+5	-2.500000E+4	3.259480E+0	1.375997E-1
1.500000E+5	-2.500000E+4	2.722050E+0	9.704720E-2
1.750000E+5	-2.500000E+4	2.613484E+0	1.959176E-1
2.000000E+5	-2.500000E+4	2.118551E+0	1.622242E-1
2.250000E+5	-2.500000E+4	1.904204E+0	1.153227E-1
2.500000E+5	-2.500000E+4	1.582112E+0	1.185726E-1
2.750000E+5	-2.500000E+4	9.868504E-1	9.786237E-2
3.000000E+5	-2.500000E+4	1.300520E+0	1.090873E-1
-3.000000E+5	0.000000E+0	2.229022E+0	1.171600E-1
-2.750000E+5	0.000000E+0	2.381725E+0	1.264506E-1
-2.500000E+5	0.000000E+0	2.814534E+0	1.475658E-1
-2.250000E+5	0.000000E+0	2.922364E+0	8.021887E-2
-2.000000E+5	0.000000E+0	3.428517E+0	1.266700E-1
-1.750000E+5	0.000000E+0	3.543715E+0	1.668394E-1
-1.500000E+5	0.000000E+0	3.887784E+0	9.587372E-2
-1.250000E+5	0.000000E+0	4.143074E+0	2.704482E-1
-1.000000E+5	0.000000E+0	4.930937E+0	1.811376E-1
-7.500000E+4	0.000000E+0	5.128222E+0	1.549817E-1
-5.000000E+4	0.000000E+0	5.209353E+0	1.189754E-1
-2.500000E+4	0.000000E+0	5.406305E+0	8.819089E-2
0.000000E+0	0.000000E+0	5.392891E+0	8.037756E-2
2.500000E+4	0.000000E+0	5.033578E+0	1.123636E-1
5.000000E+4	0.000000E+0	4.740206E+0	6.876361E-2
7.500000E+4	0.000000E+0	4.280833E+0	1.063796E-1
1.000000E+5	0.000000E+0	3.793666E+0	1.786586E-1
1.250000E+5	0.000000E+0	3.227411E+0	1.509482E-1
1.500000E+5	0.000000E+0	2.827643E+0	1.228043E-1
1.750000E+5	0.000000E+0	2.477872E+0	1.134940E-1
2.000000E+5	0.000000E+0	2.183853E+0	1.007225E-1
2.250000E+5	0.000000E+0	2.010974E+0	1.188355E-1
2.500000E+5	0.000000E+0	1.531454E+0	1.995061E-1
2.750000E+5	0.000000E+0	1.240491E+0	7.775658E-2
3.000000E+5	0.000000E+0	1.339710E+0	1.192168E-1
-3.000000E+5	2.500000E+4	2.166611E+0	1.830772E-1
-2.750000E+5	2.500000E+4	2.115140E+0	1.243638E-1
-2.500000E+5	2.500000E+4	2.629820E+0	9.480094E-2
-2.250000E+5	2.500000E+4	2.778199E+0	7.410980E-2
-2.000000E+5	2.500000E+4	3.063670E+0	7.681353E-2
-1.750000E+5	2.500000E+4	3.308436E+0	1.760866E-1
-1.500000E+5	2.500000E+4	3.842792E+0	1.328421E-1
-1.250000E+5	2.500000E+4	4.196498E+0	8.193464E-2
-1.000000E+5	2.500000E+4	4.602627E+0	1.326907E-1
-7.500000E+4	2.500000E+4	4.794317E+0	7.877656E-2
-5.000000E+4	2.500000E+4	5.103880E+0	1.400230E-1
-2.500000E+4	2.500000E+4	5.129695E+0	1.104069E-1
0.000000E+0	2.500000E+4	5.138543E+0	1.500261E-1
2.500000E+4	2.500000E+4	4.940105E+0	8.408756E-2
5.000000E+4	2.500000E+4	4.554062E+0	1.933450E-1
7.500000E+4	2.500000E+4	4.123690E+0	6.116564E-2
1.000000E+5	2.500000E+4	3.546792E+0	9.096964E-2
1.250000E+5	2.500000E+4	3.198951E+0	1.744949E-1
1.500000E+5	2.500000E+4	2.696044E+0	2.574276E-1
1.750000E+5	2.500000E+4	2.399265E+0	1.122860E-1
2.000000E+5	2.500000E+4	2.031999E+0	1.449043E-1
2.250000E+5	2.500000E+4	1.801189E+0	1.258017E-1
2.500000E+5	2.500000E+4	1.503952E+0	1.588644E-1
2.750000E+5	2.500000E+4	1.196425E+0	1.775879E-1
3.000000E+5	2.500000E+4	1.137719E+0	7.796615E-2
-3.000000E+5	5.000000E+4	2.041814E+0	1.521263E-1
-2.750000E+5	5.000000E+4	2.198839E+0	2.065818E-1
-2.500000E+5	5.000000E+4	2.476538E+0	1.309757E-1
-2.250000E+5	5.000000E+4	2.584187E+0	1.298678E-1
-2.000000E+5	5.000000E+4	3.035663E+0	1.426526E-1
-1.750000E+5	5.000000E+4	3.221276E+0	1.342110E-1
-1.500000E+5	5.000000E+4	3.662828E+0	1.942030E-1
-1.250000E+5	5.000000E+4	3.829838E+0	1.771537E-1
-1.000000E+5	5.000000E+4	4.224996E+0	9.770783E-2
-7.500000E+4	5.000000E+4	4.679448E+0	1.336692E-1
-5.000000E+4	5.000000E+4	4.575686E+0	1.249396E-1
-2.500000E+4	5.000000E+4	4.586227E+0	1.554850E-1
0.000000E+0	5.000000E+4	4.752485E+0	1.472944E-1
2.500000E+4	5.000000E+4	4.393471E+0	7.595875E-2
5.000000E+4	5.000000E+4	4.213552E+0	6.732133E-2
7.500000E+4	5.000000E+4	3.874973E+0	8.247304E-2
1.000000E+5	5.000000E+4	3.474443E+0	1.440862E-1
1.250000E+5	5.000000E+4	3.245888E+0	1.179600E-1
1.500000E+5	5.000000E+4	2.751851E+0	2.545348E-1
1.750000E+5	5.000000E+4	2.298873E+0	1.076343E-1
2.000000E+5	5.000000E+4	1.790059E+0	1.748061E-1
2.250000E+5	5.000000E+4	1.654368E+0	1.686317E-1
2.500000E+5	5.000000E+4	1.480997E+0	5.137162E-2
2.750000E+5	5.000000E+4	1.326043E+0	1.966323E-1
3.000000E+5	5.000000E+4	1.213633E+0	1.270661E-1
-3.000000E+5	7.500000E+4	1.937120E+0	1.405108E-1
-2.750000E+5	7.500000E+4	2.087867E+0	1.101502E-1
-2.500000E+5	7.500000E+4	2.314030E+0	1.238014E-1
-2.250000E+5	7.500000E+4	2.625790E+0	1.662107E-1
-2.000000E+5	7.500000E+4	2.840791E+0	9.170907E-2
-1.750000E+5	7.500000E+4	3.050410E+0	1.355643E-1
-1.500000E+5	7.500000E+4	3.443767E+0	1.549090E-1
-1.250000E+5	7.500000E+4	3.586292E+0	7.916852E-2
-1.000000E+5	7.500000E+4	3.977109E+0	1.387033E-1
-7.500000E+4	7.500000E+4	4.110720E+0	1.430662E-1
-5.000000E+4	7.500000E+4	4.257309E+0	7.697039E-2
-2.500000E+4	7.500000E+4	4.470993E+0	8.026767E-2
0.000000E+0	7.500000E+4	4.280166E+0	1.240807E-1
2.500000E+4	7.500000E+4	3.984886E+0	1.061259E-1
5.000000E+4	7.500000E+4	3.935810E+0	1.567980E-1
7.500000E+4	7.500000E+4	3.577171E+0	1.632251E-1
1.000000E+5	7.500000E+4	3.186120E+0	8.873649E-2
1.250000E+5	7.500000E+4	2.899685E+0	1.072302E-1
1.500000E+5	7.500000E+4	2.577882E+0	6.898259E-2
1.750000E+5	7.500000E+4	2.240241E+0	1.159749E-1
2.000000E+5	7.500000E+4	1.799011E+0	8.105340E-2
2.250000E+5	7.500000E+4	1.545173E+0	2.042377E-1
2.500000E+5	7.500000E+4	1.554213E+0	1.513459E-1
2.750000E+5	7.500000E+4	1.061190E+0	1.188628E-1
3.000000E+5	7.500000E+4	9.850860E-1	1.217847E-1
-3.000000E+5	1.000000E+5	1.869074E+0	1.322725E-1
-2.750000E+5	1.000000E+5	2.043208E+0	1.055740E-1
-2.500000E+5	1.000000E+5	2.234232E+0	1.835104E-1
-2.250000E+5	1.000000E+5	2.270180E+0	9.566351E-2
-2.000000E+5	1.000000E+5	2.626727E+0	2.013829E-1
-1.750000E+5	1.000000E+5	2.848519E+0	1.863663E-1
-1.500000E+5	1.000000E+5	3.061079E+0	1.476685E-1
-1.250000E+5	1.000000E+5	3.299800E+0	1.046029E-1
-1.000000E+5	1.000000E+5	3.645076E+0	1.224558E-1
-7.500000E+4	1.000000E+5	3.748289E+0	1.341794E-1
-5.000000E+4	1.000000E+5	3.815078E+0	9.764615E-2
-2.500000E+4	1.000000E+5	3.879390E+0	1.104835E-1
0.000000E+0	1.000000E+5	3.967200E+0	1.089503E-1
2.500000E+4	1.000000E+5	3.868426E+0	2.694834E-1
5.000000E+4	1.000000E+5	3.576509E+0	1.008379E-1
7.500000E+4	1.000000E+5	3.265438E+0	8.039614E-2
1.000000E+5	1.000000E+5	2.910078E+0	1.990393E-1
1.250000E+5	1.000000E+5	2.516687E+0	9.029216E-2
1.500000E+5	1.000000E+5	2.223383E+0	1.901436E-1
1.750000E+5	1.000000E+5	2.083023E+0	1.269262E-1
2.000000E+5	1.000000E+5	1.751670E+0	7.661567E-2
2.250000E+5	1.000000E+5	1.461620E+0	5.156894E-2
2.500000E+5	1.000000E+5	1.219862E+0	6.517958E-2
2.750000E+5	1.000000E+5	1.041177E+0	1.741761E-1
3.000000E+5	1.000000E+5	1.020764E+0	1.267978E-1
-3.000000E+5	1.250000E+5	1.682807E+0	9.077673E-2
-2.750000E+5	1.250000E+5	1.983731E+0	7.878977E-2
-2.500000E+5	1.250000E+5	2.096857E+0	7.944744E-2
-2.250000E+5	1.250000E+5	2.209445E+0	1.465826E-1
-2.000000E+5	1.250000E+5	2.400495E+0	1.374003E-1
-1.750000E+5	1.250000E+5	2.650167E+0	1.966214E-1
-1.500000E+5	1.250000E+5	2.834273E+0	1.409284E-1
-1.250000E+5	1.250000E+5	2.841311E+0	8.004035E-2
-1.000000E+5	1.250000E+5	3.047373E+0	9.241183E-2
-7.500000E+4	1.250000E+5	3.396439E+0	1.874115E-1
-5.000000E+4	1.250000E+5	3.417137E+0	9.462970E-2
-2.500000E+4	1.250000E+5	3.381764E+0	6.781733E-2
0.000000E+0	1.250000E+5	3.504256E+0	8.479752E-2
2.500000E+4	1.250000E+5	3.371993E+0	2.737759E-1
5.000000E+4	1.250000E+5	3.118214E+0	1.183765E-1
7.500000E+4	1.250000E+5	3.021040E+0	9.723909E-2
1.000000E+5	1.250000E+5	2.701163E+0	1.306700E-1
1.250000E+5	1.250000E+5	2.460435E+0	1.799381E-1
1.500000E+5	1.250000E+5	1.952810E+0	1.876352E-1
1.750000E+5	1.250000E+5	1.933948E+0	1.646092E-1
2.000000E+5	1.250000E+5	1.628494E+0	1.031189E-1
2.250000E+5	1.250000E+5	1.258515E+0	1.518596E-1
2.500000E+5	1.250000E+5	1.248576E+0	1.355338E-1
2.750000E+5	1.250000E+5	1.107191E+0	1.460818E-1
3.000000E+5	1.250000E+5	8.325084E-1	1.947234E-1
-3.000000E+5	1.500000E+5	1.697752E+0	1.004402E-1
-2.750000E+5	1.500000E+5	1.863764E+0	1.965933E-1
-2.500000E+5	1.500000E+5	1.884326E+0	1.251565E-1
-2.250000E+5	1.500000E+5	1.999470E+0	1.071575E-1
-2.000000E+5	1.500000E+5	2.224186E+0	1.280794E-1
-1.750000E+5	1.500000E+5	2.256260E+0	2.428474E-1
-1.500000E+5	1.500000E+5	2.500086E+0	2.847779E-1
-1.250000E+5	1.500000E+5	2.734738E+0	1.711174E-1
-1.000000E+5	1.500000E+5	2.704492E+0	1.345559E-1
-7.500000E+4	1.500000E+5	2.785407E+0	1.932869E-1
-5.000000E+4	1.500000E+5	2.936523E+0	1.655093E-1
-2.500000E+4	1.500000E+5	3.049400E+0	1.565869E-1
0.000000E+0	1.500000E+5	3.290430E+0	1.240243E-1
2.500000E+4	1.500000E+5	2.879953E+0	1.781616E-1
5.000000E+4	1.500000E+5	2.826513E+0	1.655759E-1
7.500000E+4	1.500000E+5	2.726471E+0	8.488085E-2
1.000000E+5	1.500000E+5	2.426485E+0	1.264756E-1
1.250000E+5	1.500000E+5	2.330898E+0	1.831752E-1
1.500000E+5	1.500000E+5	1.914908E+0	3.119648E-1
1.750000E+5	1.500000E+5	1.734422E+0	1.215592E-1
2.000000E+5	1.500000E+5	1.587871E+0	1.724769E-1
2.250000E+5	1.500000E+5	1.008798E+0	1.371540E-1
2.500000E+5	1.500000E+5	1.108133E+0	7.547020E-2
2.750000E+5	1.500000E+5	1.097408E+0	1.682195E-1
3.000000E+5	1.500000E+5	9.112456E-1	1.977525E-1
-3.000000E+5	1.750000E+5	1.697508E+0	1.227165E-1
-2.750000E+5	1.750000E+5	1.689756E+0	1.361353E-1
-2.500000E+5	1.750000E+5	1.629305E+0	1.217730E-1
-2.250000E+5	1.750000E+5	1.753404E+0	1.945309E-1
-2.000000E+5	1.750000E+5	1.792622E+0	7.653036E-2
-1.750000E+5	1.750000E+5	2.260451E+0	9.885650E-2
-1.500000E+5	1.750000E+5	2.224557E+0	9.931081E-2
-1.250000E+5	1.750000E+5	2.314298E+0	1.857205E-1
-1.000000E+5	1.750000E+5	2.544835E+0	8.173155E-2
-7.500000E+4	1.750000E+5	2.448959E+0	1.975239E-1
-5.000000E+4	1.750000E+5	2.557441E+0	1.248813E-1
-2.500000E+4	1.750000E+5	2.508205E+0	9.241766E-2
0.000000E+0	1.750000E+5	2.741177E+0	2.735436E-1
2.500000E+4	1.750000E+5	2.623499E+0	1.474348E-1
5.000000E+4	1.750000E+5	2.393370E+0	1.614740E-1
7.500000E+4	1.750000E+5	2.454267E+0	1.722416E-1
1.000000E+5	1.750000E+5	2.162437E+0	1.255461E-1
1.250000E+5	1.750000E+5	1.830900E+0	1.658504E-1
1.500000E+5	1.750000E+5	1.713934E+0	1.342968E-1
1.750000E+5	1.750000E+5	1.527980E+0	1.590842E-1
2.000000E+5	1.750000E+5	1.527509E+0	1.271161E-1
2.250000E+5	1.750000E+5	1.077228E+0	1.693258E-1
2.500000E+5	1.750000E+5	1.103135E+0	1.072524E-1
2.750000E+5	1.750000E+5	9.954142E-1	7.072765E-2
3.000000E+5	1.750000E+5	9.448706E-1	1.775418E-1
-3.000000E+5	2.000000E+5	1.467934E+0	1.972971E-1
-2.750000E+5	2.000000E+5	1.563905E+0	2.306679E-1
-2.500000E+5	2.000000E+5	1.602106E+0	1.830460E-1
-2.250000E+5	2.000000E+5	1.666648E+0	1.357580E-1
-2.000000E+5	2.000000E+5	1.844115E+0	1.087840E-1
-1.750000E+5	2.000000E+5	1.960471E+0	1.380685E-1
-1.500000E+5	2.000000E+5	1.820216E+0	1.948120E-1
-1.250000E+5	2.000000E+5	2.072351E+0	9.162158E-2
-1.000000E+5	2.000000E+5	2.173929E+0	1.222007E-1
-7.500000E+4	2.000000E+5	2.377190E+0	9.222974E-2
-5.000000E+4	2.000000E+5	2.312673E+0	2.333592E-1
-2.500000E+4	2.000000E+5	2.375286E+0	1.979710E-1
0.000000E+0	2.000000E+5	2.222754E+0	1.322075E-1
2.500000E+4	2.000000E+5	2.262032E+0	1.736161E-1
5.000000E+4	2.000000E+5	2.029496E+0	1.143908E-1
7.500000E+4	2.000000E+5	2.241220E+0	2.075453E-1
1.000000E+5	2.000000E+5	1.938329E+0	1.520371E-1
1.250000E+5	2.000000E+5	1.907238E+0	6.668163E-2
1.500000E+5	2.000000E+5	1.491042E+0	1.272723E-1
1.750000E+5	2.000000E+5	1.386814E+0	1.868868E-1
2.000000E+5	2.000000E+5	1.117194E+0	1.440615E-1
2.250000E+5	2.000000E+5	1.184503E+0	1.425667E-1
2.500000E+5	2.000000E+5	9.247450E-1	1.017642E-1
2.750000E+5	2.000000E+5	9.734529E-1	1.346603E-1
3.000000E+5	2.000000E+5	7.989446E-1	1.525235E-1
-3.000000E+5	2.250000E+5	1.574702E+0	2.063899E-1
-2.750000E+5	2.250000E+5	1.738095E+0	2.166573E-1
-2.500000E+5	2.250000E+5	1.328571E+0	9.986723E-2
-2.250000E+5	2.250000E+5	1.504057E+0	1.287965E-1
-2.000000E+5	2.250000E+5	1.785969E+0	1.003233E-1
-1.750000E+5	2.250000E+5	1.590746E+0	1.441414E-1
-1.500000E+5	2.250000E+5	1.795435E+0	1.195522E-1
-1.250000E+5	2.250000E+5	1.813081E+0	1.109426E-1
-1.000000E+5	2.250000E+5	1.882855E+0	1.299206E-1
-7.500000E+4	2.250000E+5	2.076752E+0	1.113590E-1
-5.000000E+4	2.250000E+5	1.906444E+0	1.853817E-1
-2.500000E+4	2.250000E+5	2.133718E+0	9.085337E-2
0.000000E+0	2.250000E+5	1.960208E+0	1.170172E-1
2.500000E+4	2.250000E+5	2.043797E+0	1.214507E-1
5.000000E+4	2.250000E+5	1.899323E+0	1.890764E-1
7.500000E+4	2.250000E+5	1.565214E+0	7.444680E-2
1.000000E+5	2.250000E+5	1.692805E+0	1.188335E-1
1.250000E+5	2.250000E+5	1.369665E+0	1.453668E-1
1.500000E+5	2.250000E+5	1.228828E+0	1.583340E-1
1.750000E+5	2.250000E+5	1.259504E+0	5.003509E-2
2.000000E+5	2.250000E+5	1.178330E+0	1.474035E-1
2.250000E+5	2.250000E+5	1.173724E+0	1.151382E-1
2.500000E+5	2.250000E+5	8.432060E-1	1.750841E-1
2.750000E+5	2.250000E+5	9.506886E-1	1.473446E-1
3.000000E+5	2.250000E+5	8.878929E-1	1.527525E-1
-3.000000E+5	2.500000E+5	1.378771E+0	7.728536E-2
-2.750000E+5	2.500000E+5	1.333193E+0	2.017838E-1
-2.500000E+5	2.500000E+5	1.487940E+0	1.683142E-1
-2.250000E+5	2.500000E+5	1.479596E+0	2.273313E-1
-2.000000E+5	2.500000E+5	1.514285E+0	1.936581E-1
-1.750000E+5	2.500000E+5	1.239852E+0	1.167613E-1
-1.500000E+5	2.500000E+5	1.652118E+0	1.232117E-1
-1.250000E+5	2.500000E+5	1.554575E+0	2.419099E-1
-1.000000E+5	2.500000E+5	1.888879E+0	6.405273E-2
-7.500000E+4	2.500000E+5	1.884576E+0	1.399338E-1
-5.000000E+4	2.500000E+5	1.667397E+0	1.818325E-1
-2.500000E+4	2.500000E+5	1.941254E+0	1.703034E-1
0.000000E+0	2.500000E+5	1.917853E+0	1.030912E-1
2.500000E+4	2.500000E+5	1.613317E+0	9.469695E-2
5.000000E+4	2.500000E+5	1.777110E+0	6.587812E-2
7.500000E+4	2.500000E+5	1.624857E+0	1.359377E-1
1.000000E+5	2.500000E+5	1.479162E+0	6.339100E-2
1.250000E+5	2.500000E+5	1.138290E+0	1.480417E-1
1.500000E+5	2.500000E+5	1.148149E+0	1.174009E-1
1.750000E+5	2.500000E+5	1.070568E+0	1.516048E-1
2.000000E+5	2.500000E+5	9.933487E-1	5.920731E-2
2.250000E+5	2.500000E+5	9.533192E-1	9.223547E-2
2.500000E+5	2.500000E+5	8.927408E-1	1.533182E-1
2.750000E+5	2.500000E+5	1.011247E+0	1.136086E-1
3.000000E+5	2.500000E+5	9.494582E-1	1.588735E-1
-3.000000E+5	2.750000E+5	1.312541E+0	1.263544E-1
-2.750000E+5	2.750000E+5	1.380696E+0	9.725630E-2
-2.500000E+5	2.750000E+5	1.396544E+0	1.473969E-1
-2.250000E+5	2.750000E+5	1.415109E+0	1.437864E-1
-2.000000E+5	2.750000E+5	1.266115E+0	1.123275E-1
-1.750000E+5	2.750000E+5	1.407874E+0	9.084869E-2
-1.500000E+5	2.750000E+5	1.518866E+0	1.441910E-1
-1.250000E+5	2.750000E+5	1.548912E+0	2.327695E-1
-1.000000E+5	2.750000E+5	1.649649E+0	1.747566E-1
-7.500000E+4	2.750000E+5	1.512075E+0	1.581769E-1
-5.000000E+4	2.750000E+5	1.588530E+0	1.008811E-1
-2.500000E+4	2.750000E+5	1.396720E+0	1.235780E-1
0.000000E+0	2.750000E+5	1.496848E+0	7.228507E-2
2.500000E+4	2.750000E+5	1.381466E+0	9.249198E-2
5.000000E+4	2.750000E+5	1.481125E+0	1.309592E-1
7.500000E+4	2.750000E+5	1.295235E+0	6.373335E-2
1.000000E+5	2.750000E+5	1.166351E+0	8.769512E-2
1.250000E+5	2.750000E+5	1.483173E+0	2.096359E-1
1.500000E+5	2.750000E+5	1.316336E+0	1.257997E-1
1.750000E+5	2.750000E+5	9.781730E-1	1.060270E-1
2.000000E+5	2.750000E+5	9.788837E-1	2.012499E-1
2.250000E+5	2.750000E+5	1.084068E+0	2.474888E-1
2.500000E+5	2.750000E+5	9.741229E-1	2.113094E-1
2.750000E+5	2.750000E+5	8.672451E-1	1.202233E-1
3.000000E+5	2.750000E+5	9.664793E-1	1.172955E-1
-3.000000E+5	3.000000E+5	1.312043E+0	8.447701E-2
-2.750000E+5	3.000000E+5	1.345310E+0	9.601169E-2
-2.500000E+5	3.000000E+5	1.400381E+0	1.307318E-1
-2.250000E+5	3.000000E+5	1.345844E+0	1.998985E-1
-2.000000E+5	3.000000E+5	1.386648E+0	5.278958E-2
-1.750000E+5	3.000000E+5	1.281204E+0	8.595382E-2
-1.500000E+5	3.000000E+5	1.421793E+0	1.281197E-1
-1.250000E+5	3.000000E+5	1.599593E+0	5.127399E-2
-1.000000E+5	3.000000E+5	1.343887E+0	2.506976E-1
-7.500000E+4	3.000000E+5	1.318121E+0	2.995683E-1
-5.000000E+4	3.000000E+5	1.428967E+0	6.325085E-2
-2.500000E+4	3.000000E+5	1.447995E+0	1.119464E-1
0.000000E+0	3.000000E+5	1.334349E+0	2.010843E-1
2.500000E+4	3.000000E+5	1.206255E+0	1.271669E-1
5.000000E+4	3.000000E+5	1.282826E+0	1.229168E-1
7.500000E+4	3.000000E+5	1.152421E+0	1.427560E-1
1.000000E+5	3.000000E+5	1.275039E+0	7.183939E-2
1.250000E+5	3.000000E+5	1.106861E+0	5.637386E-2
1.500000E+5	3.000000E+5	1.196406E+0	1.560824E-1
1.750000E+5	3.000000E+5	8.208035E-1	1.615432E-1
2.000000E+5	3.000000E+5	1.027830E+0	9.045472E-2
2.250000E+5	3.000000E+5	8.826271E-1	8.695802E-2
2.500000E+5	3.000000E+5	9.993639E-1	8.122463E-2
2.750000E+5	3.000000E+5	9.376529E-1	1.166698E-1
3.000000E+5	3.000000E+5	6.670505E-1	8.447345E-2
