-3.000000E+5	-3.000000E+5	2.495451E+0	2.242121E-2
-2.750000E+5	-3.000000E+5	2.472184E+0	3.258140E-2
-2.500000E+5	-3.000000E+5	2.473698E+0	3.013693E-2
-2.250000E+5	-3.000000E+5	2.509652E+0	1.563779E-2
-2.000000E+5	-3.000000E+5	2.543511E+0	1.545369E-2
-1.750000E+5	-3.000000E+5	2.558376E+0	2.582559E-2
-1.500000E+5	-3.000000E+5	2.590339E+0	4.373129E-2
-1.250000E+5	-3.000000E+5	2.658693E+0	2.400113E-2
-1.000000E+5	-3.000000E+5	2.701212E+0	2.297751E-2
-7.500000E+4	-3.000000E+5	2.760710E+0	1.748879E-2
-5.000000E+4	-3.000000E+5	2.760880E+0	2.789279E-2
-2.500000E+4	-3.000000E+5	2.824132E+0	1.518125E-2
0.000000E+0	-3.000000E+5	2.792477E+0	1.858035E-2
2.500000E+4	-3.000000E+5	2.852052E+0	3.176654E-2
5.000000E+4	-3.000000E+5	2.893031E+0	3.487157E-2
7.500000E+4	-3.000000E+5	2.843365E+0	3.372964E-2
1.000000E+5	-3.000000E+5	2.800683E+0	2.859107E-2
1.250000E+5	-3.000000E+5	2.710622E+0	2.474454E-2
1.500000E+5	-3.000000E+5	2.662112E+0	1.020299E-2
1.750000E+5	-3.000000E+5	2.548434E+0	3.351350E-2
2.000000E+5	-3.000000E+5	2.390902E+0	2.832514E-2
2.250000E+5	-3.000000E+5	2.251234E+0	1.777407E-2
2.500000E+5	-3.000000E+5	2.098429E+0	2.164881E-2
2.750000E+5	-3.000000E+5	1.972129E+0	3.586197E-2
3.000000E+5	-3.000000E+5	1.859416E+0	1.785924E-2
-3.000000E+5	-2.750000E+5	2.568710E+0	2.046580E-2
-2.750000E+5	-2.750000E+5	2.517655E+0	2.371828E-2
-2.500000E+5	-2.750000E+5	2.539999E+0	1.667989E-2
-2.250000E+5	-2.750000E+5	2.557633E+0	1.860123E-2
-2.000000E+5	-2.750000E+5	2.570308E+0	1.641295E-2
-1.750000E+5	-2.750000E+5	2.570452E+0	2.600450E-2
-1.500000E+5	-2.750000E+5	2.676888E+0	4.839982E-2
-1.250000E+5	-2.750000E+5	2.725349E+0	3.331446E-2
-1.000000E+5	-2.750000E+5	2.822840E+0	2.727358E-2
-7.500000E+4	-2.750000E+5	2.843507E+0	2.552636E-2
-5.000000E+4	-2.750000E+5	2.946876E+0	3.060733E-2
-2.500000E+4	-2.750000E+5	2.981863E+0	1.868260E-2
0.000000E+0	-2.750000E+5	2.953428E+0	1.949490E-2
2.500000E+4	-2.750000E+5	3.009304E+0	2.244459E-2
5.000000E+4	-2.750000E+5	3.072145E+0	2.844481E-2
7.500000E+4	-2.750000E+5	3.065637E+0	3.408679E-2
1.000000E+5	-2.750000E+5	3.060289E+0	4.535363E-2
1.250000E+5	-2.750000E+5	2.977694E+0	2.441142E-2
1.500000E+5	-2.750000E+5	2.941011E+0	4.910104E-2
1.750000E+5	-2.750000E+5	2.791043E+0	2.203680E-2
2.000000E+5	-2.750000E+5	2.626169E+0	6.629753E-2
2.250000E+5	-2.750000E+5	2.428352E+0	1.454629E-2
2.500000E+5	-2.750000E+5	2.287678E+0	3.395868E-2
2.750000E+5	-2.750000E+5	2.141853E+0	2.429655E-2
3.000000E+5	-2.750000E+5	2.040379E+0	5.839517E-2
-3.000000E+5	-2.500000E+5	2.601687E+0	4.671927E-2
-2.750000E+5	-2.500000E+5	2.579895E+0	1.329134E-2
-2.500000E+5	-2.500000E+5	2.637488E+0	4.812877E-2
-2.250000E+5	-2.500000E+5	2.617366E+0	2.913742E-2
-2.000000E+5	-2.500000E+5	2.634164E+0	2.601362E-2
-1.750000E+5	-2.500000E+5	2.691259E+0	4.485328E-2
-1.500000E+5	-2.500000E+5	2.782073E+0	2.071201E-2
-1.250000E+5	-2.500000E+5	2.845959E+0	2.073986E-2
-1.000000E+5	-2.500000E+5	2.990304E+0	3.746292E-2
-7.500000E+4	-2.500000E+5	3.075771E+0	2.332971E-2
-5.000000E+4	-2.500000E+5	3.200068E+0	3.086175E-2
-2.500000E+4	-2.500000E+5	3.241786E+0	2.079981E-2
0.000000E+0	-2.500000E+5	3.261316E+0	5.459511E-2
2.500000E+4	-2.500000E+5	3.266041E+0	3.205963E-2
5.000000E+4	-2.500000E+5	3.295414E+0	1.704263E-2
7.500000E+4	-2.500000E+5	3.370636E+0	1.907532E-2
1.000000E+5	-2.500000E+5	3.283268E+0	4.976666E-2
1.250000E+5	-2.500000E+5	3.184832E+0	2.480066E-2
1.500000E+5	-2.500000E+5	3.153190E+0	3.609026E-2
1.750000E+5	-2.500000E+5	2.988630E+0	1.887561E-2
2.000000E+5	-2.500000E+5	2.818028E+0	1.485562E-2
2.250000E+5	-2.500000E+5	2.602721E+0	3.612266E-2
2.500000E+5	-2.500000E+5	2.426919E+0	1.822926E-2
2.750000E+5	-2.500000E+5	4.895661E-1	2.280052E+0
3.000000E+5	-2.500000E+5	2.128273E+0	2.036450E-2
-3.000000E+5	-2.250000E+5	2.667938E+0	2.099856E-2
-2.750000E+5	-2.250000E+5	2.727490E+0	4.716438E-2
-2.500000E+5	-2.250000E+5	2.697862E+0	3.849338E-2
-2.250000E+5	-2.250000E+5	2.721201E+0	1.843109E-2
-2.000000E+5	-2.250000E+5	2.814218E+0	5.845935E-2
-1.750000E+5	-2.250000E+5	2.906829E+0	5.377895E-2
-1.500000E+5	-2.250000E+5	3.071737E+0	2.938928E-2
-1.250000E+5	-2.250000E+5	3.217380E+0	3.963173E-2
-1.000000E+5	-2.250000E+5	3.444418E+0	3.772391E-2
-7.500000E+4	-2.250000E+5	3.510333E+0	2.051220E-2
-5.000000E+4	-2.250000E+5	3.588309E+0	4.117839E-2
-2.500000E+4	-2.250000E+5	3.688033E+0	2.801696E-2
0.000000E+0	-2.250000E+5	3.712775E+0	2.109894E-2
2.500000E+4	-2.250000E+5	3.701783E+0	3.251484E-2
5.000000E+4	-2.250000E+5	3.681770E+0	3.777634E-2
7.500000E+4	-2.250000E+5	3.678797E+0	1.959718E-2
1.000000E+5	-2.250000E+5	3.629398E+0	3.079080E-2
1.250000E+5	-2.250000E+5	3.540636E+0	3.336237E-2
1.500000E+5	-2.250000E+5	3.335119E+0	4.515928E-2
1.750000E+5	-2.250000E+5	1.691161E+0	1.446862E+0
2.000000E+5	-2.250000E+5	3.045717E+0	2.733358E-2
2.250000E+5	-2.250000E+5	3.040495E+0	3.517475E-1
2.500000E+5	-2.250000E+5	2.529842E+0	3.472379E-2
2.750000E+5	-2.250000E+5	2.318056E+0	4.945128E-2
3.000000E+5	-2.250000E+5	2.190818E+0	2.411605E-2
-3.000000E+5	-2.000000E+5	2.795768E+0	1.509465E-2
-2.750000E+5	-2.000000E+5	2.806521E+0	2.921753E-2
-2.500000E+5	-2.000000E+5	2.765056E+0	2.576636E-2
-2.250000E+5	-2.000000E+5	2.834948E+0	1.933238E-2
-2.000000E+5	-2.000000E+5	2.955636E+0	1.204845E-2
-1.750000E+5	-2.000000E+5	3.100781E+0	6.841957E-2
-1.500000E+5	-2.000000E+5	3.354599E+0	3.281179E-2
-1.250000E+5	-2.000000E+5	3.555164E+0	2.332845E-2
-1.000000E+5	-2.000000E+5	3.789055E+0	2.575858E-2
-7.500000E+4	-2.000000E+5	3.925672E+0	2.895593E-2
-5.000000E+4	-2.000000E+5	3.967530E+0	3.623221E-2
-2.500000E+4	-2.000000E+5	4.012985E+0	3.216573E-2
0.000000E+0	-2.000000E+5	4.143291E+0	4.426545E-2
2.500000E+4	-2.000000E+5	4.191195E+0	6.322826E-2
5.000000E+4	-2.000000E+5	4.131892E+0	3.677531E-2
7.500000E+4	-2.000000E+5	4.110851E+0	2.584482E-2
1.000000E+5	-2.000000E+5	4.042112E+0	7.918147E-2
1.250000E+5	-2.000000E+5	3.881719E+0	6.009325E-2
1.500000E+5	-2.000000E+5	3.559402E+0	7.828088E-2
1.750000E+5	-2.000000E+5	3.343916E+0	1.161472E-2
2.000000E+5	-2.000000E+5	3.186229E+0	4.129212E-2
2.250000E+5	-2.000000E+5	3.002115E+0	2.583850E-2
2.500000E+5	-2.000000E+5	2.648800E+0	4.567783E-2
2.750000E+5	-2.000000E+5	2.466435E+0	1.890716E-2
3.000000E+5	-2.000000E+5	2.362104E+0	5.903528E-2
-3.000000E+5	-1.750000E+5	2.932668E+0	3.570269E-2
-2.750000E+5	-1.750000E+5	2.837865E+0	2.306975E-2
-2.500000E+5	-1.750000E+5	2.902084E+0	3.925257E-2
-2.250000E+5	-1.750000E+5	2.952428E+0	5.512183E-2
-2.000000E+5	-1.750000E+5	3.118736E+0	6.673600E-2
-1.750000E+5	-1.750000E+5	3.432814E+0	1.129911E-2
-1.500000E+5	-1.750000E+5	3.664499E+0	2.167935E-2
-1.250000E+5	-1.750000E+5	3.910862E+0	4.898159E-2
-1.000000E+5	-1.750000E+5	4.099156E+0	2.247744E-2
-7.500000E+4	-1.750000E+5	4.231245E+0	1.903787E-2
-5.000000E+4	-1.750000E+5	4.314889E+0	4.169313E-2
-2.500000E+4	-1.750000E+5	4.339388E+0	2.675920E-2
0.000000E+0	-1.750000E+5	4.431762E+0	1.929609E-2
2.500000E+4	-1.750000E+5	4.512343E+0	2.799647E-2
5.000000E+4	-1.750000E+5	4.559271E+0	2.919635E-2
7.500000E+4	-1.750000E+5	4.603655E+0	2.669913E-2
1.000000E+5	-1.750000E+5	4.358873E+0	5.973301E-2
1.250000E+5	-1.750000E+5	4.050281E+0	6.478681E-2
1.500000E+5	-1.750000E+5	3.749269E+0	2.309414E-2
1.750000E+5	-1.750000E+5	3.482707E+0	4.826071E-2
2.000000E+5	-1.750000E+5	3.169807E+0	7.584159E-2
2.250000E+5	-1.750000E+5	2.953135E+0	5.120499E-2
2.500000E+5	-1.750000E+5	2.749801E+0	1.502868E-2
2.750000E+5	-1.750000E+5	1.920564E+0	7.543703E-1
3.000000E+5	-1.750000E+5	2.416836E+0	3.852435E-2
-3.000000E+5	-1.500000E+5	2.982050E+0	2.973002E-2
-2.750000E+5	-1.500000E+5	3.004901E+0	4.505976E-2
-2.500000E+5	-1.500000E+5	3.006098E+0	6.708633E-2
-2.250000E+5	-1.500000E+5	3.175690E+0	1.920475E-2
-2.000000E+5	-1.500000E+5	3.394412E+0	3.425459E-2
-1.750000E+5	-1.500000E+5	3.709788E+0	6.777546E-2
-1.500000E+5	-1.500000E+5	3.907324E+0	4.549156E-2
-1.250000E+5	-1.500000E+5	4.127756E+0	2.849839E-2
-1.000000E+5	-1.500000E+5	4.333295E+0	2.671916E-2
-7.500000E+4	-1.500000E+5	4.451944E+0	3.246694E-2
-5.000000E+4	-1.500000E+5	4.583341E+0	2.293799E-2
-2.500000E+4	-1.500000E+5	4.765926E+0	4.444664E-2
0.000000E+0	-1.500000E+5	4.924374E+0	3.346338E-2
2.500000E+4	-1.500000E+5	4.992741E+0	2.443134E-2
5.000000E+4	-1.500000E+5	4.997356E+0	2.658492E-2
7.500000E+4	-1.500000E+5	4.911825E+0	4.456372E-2
1.000000E+5	-1.500000E+5	4.761030E+0	2.393341E-2
1.250000E+5	-1.500000E+5	4.439429E+0	6.261763E-2
1.500000E+5	-1.500000E+5	3.967368E+0	1.492558E-2
1.750000E+5	-1.500000E+5	3.586218E+0	3.944531E-2
2.000000E+5	-1.500000E+5	3.266415E+0	5.694997E-2
2.250000E+5	-1.500000E+5	2.952208E+0	4.234861E-2
2.500000E+5	-1.500000E+5	2.817635E+0	2.321161E-2
2.750000E+5	-1.500000E+5	2.537915E+0	5.977508E-2
3.000000E+5	-1.500000E+5	2.437067E+0	1.900479E-2
-3.000000E+5	-1.250000E+5	3.036920E+0	1.779640E-2
-2.750000E+5	-1.250000E+5	3.072074E+0	3.868107E-2
-2.500000E+5	-1.250000E+5	3.197579E+0	4.148186E-2
-2.250000E+5	-1.250000E+5	3.339580E+0	2.177489E-2
-2.000000E+5	-1.250000E+5	3.607411E+0	3.349080E-2
-1.750000E+5	-1.250000E+5	3.834691E+0	2.084423E-2
-1.500000E+5	-1.250000E+5	4.092319E+0	2.144518E-2
-1.250000E+5	-1.250000E+5	4.325445E+0	2.977825E-2
-1.000000E+5	-1.250000E+5	4.542349E+0	2.590437E-2
-7.500000E+4	-1.250000E+5	4.761788E+0	2.818314E-2
-5.000000E+4	-1.250000E+5	4.942715E+0	2.944652E-2
-2.500000E+4	-1.250000E+5	5.174125E+0	2.691374E-2
0.000000E+0	-1.250000E+5	5.401588E+0	5.581891E-2
2.500000E+4	-1.250000E+5	5.561551E+0	6.541944E-2
5.000000E+4	-1.250000E+5	5.539520E+0	2.051121E-2
7.500000E+4	-1.250000E+5	5.392866E+0	6.986734E-2
1.000000E+5	-1.250000E+5	5.025234E+0	8.300895E-2
1.250000E+5	-1.250000E+5	4.635945E+0	8.101077E-2
1.500000E+5	-1.250000E+5	4.243248E+0	1.430843E-2
1.750000E+5	-1.250000E+5	3.690441E+0	1.942389E-2
2.000000E+5	-1.250000E+5	3.420524E+0	8.772871E-2
2.250000E+5	-1.250000E+5	3.029518E+0	5.028506E-2
2.500000E+5	-1.250000E+5	2.844975E+0	2.042375E-2
2.750000E+5	-1.250000E+5	2.636750E+0	1.755909E-2
3.000000E+5	-1.250000E+5	2.462134E+0	3.773913E-2
-3.000000E+5	-1.000000E+5	3.125926E+0	1.794806E-2
-2.750000E+5	-1.000000E+5	3.154840E+0	4.792691E-2
-2.500000E+5	-1.000000E+5	3.363831E+0	3.294612E-2
-2.250000E+5	-1.000000E+5	3.554258E+0	2.381289E-2
-2.000000E+5	-1.000000E+5	3.733182E+0	2.014133E-2
-1.750000E+5	-1.000000E+5	3.989512E+0	1.960119E-2
-1.500000E+5	-1.000000E+5	4.266027E+0	3.173646E-2
-1.250000E+5	-1.000000E+5	4.576195E+0	2.369201E-2
-1.000000E+5	-1.000000E+5	4.853685E+0	2.331251E-2
-7.500000E+4	-1.000000E+5	5.116622E+0	2.549645E-2
-5.000000E+4	-1.000000E+5	5.444989E+0	3.281037E-2
-2.500000E+4	-1.000000E+5	5.707164E+0	3.130032E-2
0.000000E+0	-1.000000E+5	5.937045E+0	2.916297E-2
2.500000E+4	-1.000000E+5	5.999718E+0	2.844582E-2
5.000000E+4	-1.000000E+5	5.890816E+0	4.628399E-2
7.500000E+4	-1.000000E+5	5.777881E+0	2.011296E-2
1.000000E+5	-1.000000E+5	5.293460E+0	3.161951E-2
1.250000E+5	-1.000000E+5	4.784013E+0	4.362661E-2
1.500000E+5	-1.000000E+5	4.354689E+0	3.213598E-2
1.750000E+5	-1.000000E+5	3.822245E+0	4.902359E-2
2.000000E+5	-1.000000E+5	3.400040E+0	4.298965E-2
2.250000E+5	-1.000000E+5	3.132246E+0	5.316935E-2
2.500000E+5	-1.000000E+5	2.868203E+0	4.361417E-2
2.750000E+5	-1.000000E+5	2.650472E+0	4.216623E-2
3.000000E+5	-1.000000E+5	2.489919E+0	1.883053E-2
-3.000000E+5	-7.500000E+4	3.236863E+0	2.361533E-2
-2.750000E+5	-7.500000E+4	3.294666E+0	4.379969E-2
-2.500000E+5	-7.500000E+4	3.431835E+0	2.454929E-2
-2.250000E+5	-7.500000E+4	3.698492E+0	1.954563E-2
-2.000000E+5	-7.500000E+4	3.943930E+0	2.683277E-2
-1.750000E+5	-7.500000E+4	4.188922E+0	4.700542E-2
-1.500000E+5	-7.500000E+4	4.458145E+0	3.278649E-2
-1.250000E+5	-7.500000E+4	4.757168E+0	1.328237E-2
-1.000000E+5	-7.500000E+4	5.089998E+0	1.390540E-2
-7.500000E+4	-7.500000E+4	5.440180E+0	4.624283E-2
-5.000000E+4	-7.500000E+4	5.873572E+0	3.564228E-2
-2.500000E+4	-7.500000E+4	6.229864E+0	3.466475E-2
0.000000E+0	-7.500000E+4	6.463010E+0	3.012652E-2
2.500000E+4	-7.500000E+4	6.486844E+0	1.993920E-2
5.000000E+4	-7.500000E+4	6.243227E+0	4.043199E-2
7.500000E+4	-7.500000E+4	5.871341E+0	1.114671E-2
1.000000E+5	-7.500000E+4	5.473062E+0	2.117523E-2
1.250000E+5	-7.500000E+4	4.840899E+0	2.008149E-2
1.500000E+5	-7.500000E+4	4.384582E+0	1.607809E-2
1.750000E+5	-7.500000E+4	3.891669E+0	2.634539E-2
2.000000E+5	-7.500000E+4	3.416338E+0	2.154849E-2
2.250000E+5	-7.500000E+4	3.158549E+0	1.467841E-2
2.500000E+5	-7.500000E+4	2.929003E+0	5.640901E-2
2.750000E+5	-7.500000E+4	2.624864E+0	2.524809E-2
3.000000E+5	-7.500000E+4	2.512174E+0	3.185868E-2
-3.000000E+5	-5.000000E+4	3.321110E+0	3.645108E-2
-2.750000E+5	-5.000000E+4	3.344973E+0	2.144440E-2
-2.500000E+5	-5.000000E+4	3.531739E+0	4.887309E-2
-2.250000E+5	-5.000000E+4	3.724979E+0	2.505244E-2
-2.000000E+5	-5.000000E+4	4.035501E+0	6.123430E-2
-1.750000E+5	-5.000000E+4	4.282433E+0	2.619941E-2
-1.500000E+5	-5.000000E+4	4.560034E+0	2.915408E-2
-1.250000E+5	-5.000000E+4	4.896214E+0	6.103839E-2
-1.000000E+5	-5.000000E+4	5.318496E+0	3.757998E-2
-7.500000E+4	-5.000000E+4	5.710987E+0	2.229127E-2
-5.000000E+4	-5.000000E+4	6.231198E+0	1.558973E-2
-2.500000E+4	-5.000000E+4	6.728423E+0	2.672038E-2
0.000000E+0	-5.000000E+4	6.915721E+0	5.859223E-2
2.500000E+4	-5.000000E+4	6.875964E+0	4.555838E-2
5.000000E+4	-5.000000E+4	6.549656E+0	2.831364E-2
7.500000E+4	-5.000000E+4	5.942568E+0	4.223657E-2
1.000000E+5	-5.000000E+4	5.399830E+0	4.575917E-2
1.250000E+5	-5.000000E+4	4.819764E+0	1.657634E-2
1.500000E+5	-5.000000E+4	4.330557E+0	2.344224E-2
1.750000E+5	-5.000000E+4	3.901195E+0	7.440899E-2
2.000000E+5	-5.000000E+4	3.491117E+0	2.585682E-2
2.250000E+5	-5.000000E+4	3.164802E+0	2.686596E-2
2.500000E+5	-5.000000E+4	2.931860E+0	3.651736E-2
2.750000E+5	-5.000000E+4	2.647435E+0	4.955067E-2
3.000000E+5	-5.000000E+4	2.532826E+0	2.391260E-2
-3.000000E+5	-2.500000E+4	3.335772E+0	1.972213E-2
-2.750000E+5	-2.500000E+4	3.346756E+0	6.874270E-2
-2.500000E+5	-2.500000E+4	3.501505E+0	7.161197E-2
-2.250000E+5	-2.500000E+4	3.765374E+0	2.342035E-2
-2.000000E+5	-2.500000E+4	3.984819E+0	4.662149E-2
-1.750000E+5	-2.500000E+4	4.274028E+0	3.391082E-2
-1.500000E+5	-2.500000E+4	4.565186E+0	2.196445E-2
-1.250000E+5	-2.500000E+4	4.855545E+0	2.414447E-2
-1.000000E+5	-2.500000E+4	5.326636E+0	2.912990E-2
-7.500000E+4	-2.500000E+4	5.832545E+0	1.301591E-2
-5.000000E+4	-2.500000E+4	6.430309E+0	3.484488E-2
-2.500000E+4	-2.500000E+4	6.998293E+0	1.984489E-2
0.000000E+0	-2.500000E+4	7.068425E+0	1.976860E-2
2.500000E+4	-2.500000E+4	6.928071E+0	6.039604E-2
5.000000E+4	-2.500000E+4	6.581466E+0	3.326957E-2
7.500000E+4	-2.500000E+4	6.026231E+0	4.482870E-2
1.000000E+5	-2.500000E+4	5.311010E+0	5.156761E-2
1.250000E+5	-2.500000E+4	4.720788E+0	6.826050E-2
1.500000E+5	-2.500000E+4	4.288602E+0	1.733022E-2
1.750000E+5	-2.500000E+4	3.899159E+0	5.126847E-2
2.000000E+5	-2.500000E+4	3.552187E+0	7.092662E-2
2.250000E+5	-2.500000E+4	3.231787E+0	4.391595E-2
2.500000E+5	-2.500000E+4	2.914215E+0	3.375917E-2
2.750000E+5	-2.500000E+4	2.707843E+0	1.852049E-2
3.000000E+5	-2.500000E+4	2.600798E+0	1.943544E-2
-3.000000E+5	0.000000E+0	3.416381E+0	2.284220E-2
-2.750000E+5	0.000000E+0	3.454802E+0	1.903272E-2
-2.500000E+5	0.000000E+0	3.571720E+0	4.806542E-2
-2.250000E+5	0.000000E+0	3.742833E+0	1.455741E-2
-2.000000E+5	0.000000E+0	3.943791E+0	1.742071E-2
-1.750000E+5	0.000000E+0	4.240037E+0	2.707640E-2
-1.500000E+5	0.000000E+0	4.566658E+0	2.306817E-2
-1.250000E+5	0.000000E+0	4.771948E+0	1.214178E-2
-1.000000E+5	0.000000E+0	5.184847E+0	3.523950E-2
-7.500000E+4	0.000000E+0	5.679659E+0	2.792874E-2
-5.000000E+4	0.000000E+0	6.263091E+0	3.342358E-2
-2.500000E+4	0.000000E+0	6.764070E+0	1.762654E-2
0.000000E+0	0.000000E+0	6.842882E+0	4.016666E-2
2.500000E+4	0.000000E+0	6.713769E+0	4.885816E-2
5.000000E+4	0.000000E+0	6.451594E+0	2.448263E-2
7.500000E+4	0.000000E+0	5.928263E+0	2.135016E-2
1.000000E+5	0.000000E+0	5.142406E+0	4.149177E-2
1.250000E+5	0.000000E+0	4.514314E+0	2.890763E-2
1.500000E+5	0.000000E+0	4.061553E+0	2.186231E-2
1.750000E+5	0.000000E+0	3.743644E+0	2.710615E-2
2.000000E+5	0.000000E+0	3.485178E+0	1.391149E-2
2.250000E+5	0.000000E+0	3.172453E+0	4.439538E-2
2.500000E+5	0.000000E+0	2.889338E+0	4.239847E-2
2.750000E+5	0.000000E+0	2.667947E+0	2.707997E-2
3.000000E+5	0.000000E+0	2.584566E+0	3.787081E-2
-3.000000E+5	2.500000E+4	3.527401E+0	4.118612E-2
-2.750000E+5	2.500000E+4	3.529753E+0	4.477475E-2
-2.500000E+5	2.500000E+4	3.597997E+0	7.123852E-2
-2.250000E+5	2.500000E+4	3.774445E+0	7.430697E-2
-2.000000E+5	2.500000E+4	3.983858E+0	5.350996E-2
-1.750000E+5	2.500000E+4	4.241401E+0	2.034794E-2
-1.500000E+5	2.500000E+4	4.579874E+0	1.613899E-2
-1.250000E+5	2.500000E+4	4.780026E+0	3.168531E-2
-1.000000E+5	2.500000E+4	5.050046E+0	4.561021E-2
-7.500000E+4	2.500000E+4	5.375434E+0	2.331727E-2
-5.000000E+4	2.500000E+4	5.725614E+0	3.282123E-2
-2.500000E+4	2.500000E+4	6.031547E+0	2.297737E-2
0.000000E+0	2.500000E+4	6.223618E+0	1.946335E-2
2.500000E+4	2.500000E+4	6.255699E+0	2.203178E-2
5.000000E+4	2.500000E+4	6.050480E+0	3.190768E-2
7.500000E+4	2.500000E+4	5.589067E+0	6.451445E-2
1.000000E+5	2.500000E+4	4.816994E+0	3.847282E-2
1.250000E+5	2.500000E+4	4.197815E+0	2.675740E-2
1.500000E+5	2.500000E+4	3.883591E+0	2.333934E-2
1.750000E+5	2.500000E+4	3.564581E+0	4.671422E-2
2.000000E+5	2.500000E+4	3.308208E+0	3.698539E-2
2.250000E+5	2.500000E+4	3.064754E+0	1.941490E-2
2.500000E+5	2.500000E+4	2.782532E+0	3.047105E-2
2.750000E+5	2.500000E+4	2.594751E+0	4.213323E-2
3.000000E+5	2.500000E+4	2.530225E+0	2.841751E-2
-3.000000E+5	5.000000E+4	3.584453E+0	3.770147E-2
-2.750000E+5	5.000000E+4	3.606682E+0	3.860834E-2
-2.500000E+5	5.000000E+4	3.655537E+0	7.198462E-2
-2.250000E+5	5.000000E+4	3.737778E+0	2.148438E-2
-2.000000E+5	5.000000E+4	3.949896E+0	2.532272E-2
-1.750000E+5	5.000000E+4	4.162839E+0	2.780941E-2
-1.500000E+5	5.000000E+4	4.552232E+0	4.826691E-2
-1.250000E+5	5.000000E+4	4.692014E+0	2.001031E-2
-1.000000E+5	5.000000E+4	4.841375E+0	4.813138E-2
-7.500000E+4	5.000000E+4	5.099468E+0	4.682911E-2
-5.000000E+4	5.000000E+4	5.247401E+0	3.606958E-2
-2.500000E+4	5.000000E+4	5.219863E+0	3.698472E-2
0.000000E+0	5.000000E+4	5.394079E+0	3.884273E-2
2.500000E+4	5.000000E+4	5.669416E+0	5.540382E-2
5.000000E+4	5.000000E+4	5.463688E+0	2.954766E-2
7.500000E+4	5.000000E+4	4.965192E+0	2.313652E-2
1.000000E+5	5.000000E+4	4.446267E+0	4.044759E-2
1.250000E+5	5.000000E+4	4.018250E+0	3.345786E-2
1.500000E+5	5.000000E+4	3.641040E+0	2.469209E-2
1.750000E+5	5.000000E+4	3.341622E+0	3.224317E-2
2.000000E+5	5.000000E+4	3.173098E+0	4.729692E-2
2.250000E+5	5.000000E+4	2.877963E+0	2.621462E-2
2.500000E+5	5.000000E+4	2.668012E+0	2.581707E-2
2.750000E+5	5.000000E+4	2.517220E+0	5.421570E-2
3.000000E+5	5.000000E+4	2.424750E+0	2.222604E-2
-3.000000E+5	7.500000E+4	3.683776E+0	2.864982E-2
-2.750000E+5	7.500000E+4	3.715188E+0	2.045974E-2
-2.500000E+5	7.500000E+4	3.651520E+0	4.671790E-2
-2.250000E+5	7.500000E+4	3.717246E+0	2.058319E-2
-2.000000E+5	7.500000E+4	3.895891E+0	1.841901E-2
-1.750000E+5	7.500000E+4	4.052904E+0	2.077241E-2
-1.500000E+5	7.500000E+4	4.354142E+0	3.362125E-2
-1.250000E+5	7.500000E+4	4.646765E+0	1.393266E-2
-1.000000E+5	7.500000E+4	4.628976E+0	2.736357E-2
-7.500000E+4	7.500000E+4	4.694163E+0	2.193890E-2
-5.000000E+4	7.500000E+4	4.821843E+0	2.650073E-2
-2.500000E+4	7.500000E+4	4.795534E+0	1.200701E-2
0.000000E+0	7.500000E+4	4.871569E+0	2.138505E-2
2.500000E+4	7.500000E+4	4.937758E+0	1.858868E-2
5.000000E+4	7.500000E+4	4.776582E+0	2.936317E-2
7.500000E+4	7.500000E+4	4.439995E+0	3.431235E-2
1.000000E+5	7.500000E+4	4.078340E+0	3.927995E-2
1.250000E+5	7.500000E+4	3.706898E+0	2.496067E-2
1.500000E+5	7.500000E+4	3.440331E+0	2.519849E-2
1.750000E+5	7.500000E+4	3.094555E+0	2.237585E-2
2.000000E+5	7.500000E+4	2.951700E+0	2.444978E-2
2.250000E+5	7.500000E+4	2.743424E+0	4.025713E-2
2.500000E+5	7.500000E+4	2.548194E+0	2.282381E-2
2.750000E+5	7.500000E+4	2.419169E+0	2.824454E-2
3.000000E+5	7.500000E+4	2.417655E+0	3.518672E-2
-3.000000E+5	1.000000E+5	3.779998E+0	5.817323E-2
-2.750000E+5	1.000000E+5	3.724692E+0	2.553797E-2
-2.500000E+5	1.000000E+5	3.727680E+0	1.728639E-2
-2.250000E+5	1.000000E+5	3.753429E+0	4.514946E-2
-2.000000E+5	1.000000E+5	3.854731E+0	2.722777E-2
-1.750000E+5	1.000000E+5	3.995387E+0	2.355543E-2
-1.500000E+5	1.000000E+5	4.226454E+0	2.471600E-2
-1.250000E+5	1.000000E+5	4.565285E+0	1.933937E-2
-1.000000E+5	1.000000E+5	4.616905E+0	2.561278E-2
-7.500000E+4	1.000000E+5	4.451310E+0	1.630837E-2
-5.000000E+4	1.000000E+5	4.398740E+0	4.989998E-2
-2.500000E+4	1.000000E+5	4.364902E+0	2.742923E-2
0.000000E+0	1.000000E+5	4.449007E+0	2.947982E-2
2.500000E+4	1.000000E+5	4.368210E+0	2.767218E-2
5.000000E+4	1.000000E+5	4.199009E+0	5.923314E-2
7.500000E+4	1.000000E+5	4.008536E+0	7.846919E-2
1.000000E+5	1.000000E+5	3.880717E+0	3.554236E-2
1.250000E+5	1.000000E+5	3.529760E+0	1.357061E-2
1.500000E+5	1.000000E+5	3.220135E+0	2.338984E-2
1.750000E+5	1.000000E+5	2.969303E+0	2.099551E-2
2.000000E+5	1.000000E+5	2.799222E+0	4.892502E-2
2.250000E+5	1.000000E+5	2.590807E+0	2.910649E-2
2.500000E+5	1.000000E+5	2.352917E+0	3.502442E-2
2.750000E+5	1.000000E+5	2.207790E+0	3.204871E-2
3.000000E+5	1.000000E+5	2.262277E+0	2.695801E-2
-3.000000E+5	1.250000E+5	3.713205E+0	2.555033E-2
-2.750000E+5	1.250000E+5	3.719747E+0	2.327124E-2
-2.500000E+5	1.250000E+5	3.676806E+0	4.690779E-2
-2.250000E+5	1.250000E+5	3.625977E+0	2.307146E-2
-2.000000E+5	1.250000E+5	3.766706E+0	3.589723E-2
-1.750000E+5	1.250000E+5	3.852818E+0	2.582299E-2
-1.500000E+5	1.250000E+5	3.998679E+0	2.396970E-2
-1.250000E+5	1.250000E+5	4.179399E+0	1.531102E-2
-1.000000E+5	1.250000E+5	4.416855E+0	4.849844E-2
-7.500000E+4	1.250000E+5	4.388485E+0	4.429114E-2
-5.000000E+4	1.250000E+5	4.178495E+0	4.497590E-2
-2.500000E+4	1.250000E+5	4.111960E+0	2.315680E-2
0.000000E+0	1.250000E+5	4.127685E+0	5.878107E-2
2.500000E+4	1.250000E+5	4.047316E+0	2.631873E-2
5.000000E+4	1.250000E+5	4.010374E+0	4.128700E-2
7.500000E+4	1.250000E+5	3.828733E+0	1.253190E-2
1.000000E+5	1.250000E+5	3.644608E+0	2.300005E-2
1.250000E+5	1.250000E+5	3.358280E+0	1.334298E-2
1.500000E+5	1.250000E+5	3.036931E+0	1.303643E-2
1.750000E+5	1.250000E+5	2.829801E+0	1.849959E-2
2.000000E+5	1.250000E+5	2.578660E+0	1.771173E-2
2.250000E+5	1.250000E+5	2.391952E+0	2.410473E-2
2.500000E+5	1.250000E+5	2.221685E+0	4.498901E-2
2.750000E+5	1.250000E+5	2.174855E+0	2.352285E-2
3.000000E+5	1.250000E+5	2.213419E+0	1.910727E-2
-3.000000E+5	1.500000E+5	3.578644E+0	1.923833E-2
-2.750000E+5	1.500000E+5	3.651371E+0	2.439369E-2
-2.500000E+5	1.500000E+5	3.626561E+0	5.654390E-2
-2.250000E+5	1.500000E+5	3.583248E+0	2.348563E-2
-2.000000E+5	1.500000E+5	3.608127E+0	6.280043E-2
-1.750000E+5	1.500000E+5	3.670452E+0	4.076842E-2
-1.500000E+5	1.500000E+5	3.751684E+0	2.656528E-2
-1.250000E+5	1.500000E+5	3.838366E+0	2.608948E-2
-1.000000E+5	1.500000E+5	3.950865E+0	6.271849E-2
-7.500000E+4	1.500000E+5	4.016575E+0	1.402307E-2
-5.000000E+4	1.500000E+5	3.985418E+0	5.979488E-2
-2.500000E+4	1.500000E+5	3.958909E+0	3.194657E-2
0.000000E+0	1.500000E+5	3.868889E+0	5.991096E-2
2.500000E+4	1.500000E+5	3.873947E+0	1.736952E-2
5.000000E+4	1.500000E+5	3.843192E+0	2.221030E-2
7.500000E+4	1.500000E+5	3.702290E+0	2.100449E-2
1.000000E+5	1.500000E+5	3.401623E+0	1.823581E-2
1.250000E+5	1.500000E+5	3.136917E+0	3.820847E-2
1.500000E+5	1.500000E+5	2.955420E+0	2.947430E-2
1.750000E+5	1.500000E+5	2.733085E+0	2.238762E-2
2.000000E+5	1.500000E+5	2.484966E+0	3.042919E-2
2.250000E+5	1.500000E+5	2.289226E+0	3.464908E-2
2.500000E+5	1.500000E+5	2.196965E+0	3.496603E-2
2.750000E+5	1.500000E+5	2.200906E+0	4.208082E-2
3.000000E+5	1.500000E+5	2.187925E+0	2.412765E-2
-3.000000E+5	1.750000E+5	3.431473E+0	4.210744E-2
-2.750000E+5	1.750000E+5	3.544561E+0	4.001604E-2
-2.500000E+5	1.750000E+5	3.566445E+0	2.282712E-2
-2.250000E+5	1.750000E+5	3.500186E+0	3.047461E-2
-2.000000E+5	1.750000E+5	3.419481E+0	4.507007E-2
-1.750000E+5	1.750000E+5	3.415372E+0	6.572601E-2
-1.500000E+5	1.750000E+5	3.549155E+0	2.552361E-2
-1.250000E+5	1.750000E+5	3.583418E+0	1.308543E-2
-1.000000E+5	1.750000E+5	3.683834E+0	3.951719E-2
-7.500000E+4	1.750000E+5	3.638788E+0	3.933450E-2
-5.000000E+4	1.750000E+5	3.674496E+0	2.750916E-2
-2.500000E+4	1.750000E+5	3.743033E+0	2.775215E-2
0.000000E+0	1.750000E+5	3.652980E+0	6.746574E-2
2.500000E+4	1.750000E+5	3.599666E+0	2.909606E-2
5.000000E+4	1.750000E+5	3.560436E+0	3.055298E-2
7.500000E+4	1.750000E+5	3.427447E+0	1.920834E-2
1.000000E+5	1.750000E+5	3.145545E+0	3.144617E-2
1.250000E+5	1.750000E+5	2.971812E+0	1.431985E-2
1.500000E+5	1.750000E+5	2.794356E+0	3.850548E-2
1.750000E+5	1.750000E+5	2.579701E+0	1.473100E-2
2.000000E+5	1.750000E+5	2.355192E+0	2.953884E-2
2.250000E+5	1.750000E+5	2.213146E+0	3.509781E-2
2.500000E+5	1.750000E+5	2.113946E+0	2.860807E-2
2.750000E+5	1.750000E+5	2.164071E+0	2.888466E-2
3.000000E+5	1.750000E+5	2.143378E+0	2.532328E-2
-3.000000E+5	2.000000E+5	3.262022E+0	2.545835E-2
-2.750000E+5	2.000000E+5	3.391854E+0	4.200866E-2
-2.500000E+5	2.000000E+5	3.380635E+0	2.785873E-2
-2.250000E+5	2.000000E+5	3.396091E+0	2.169047E-2
-2.000000E+5	2.000000E+5	3.453051E+0	5.262130E-2
-1.750000E+5	2.000000E+5	3.415393E+0	3.428813E-2
-1.500000E+5	2.000000E+5	3.379983E+0	6.109398E-2
-1.250000E+5	2.000000E+5	3.387271E+0	2.285833E-2
-1.000000E+5	2.000000E+5	3.460200E+0	2.905076E-2
-7.500000E+4	2.000000E+5	3.476083E+0	2.132157E-2
-5.000000E+4	2.000000E+5	3.443634E+0	2.330771E-2
-2.500000E+4	2.000000E+5	3.403561E+0	2.771701E-2
0.000000E+0	2.000000E+5	3.348830E+0	3.291737E-2
2.500000E+4	2.000000E+5	3.275055E+0	2.778643E-2
5.000000E+4	2.000000E+5	3.146685E+0	1.701224E-2
7.500000E+4	2.000000E+5	3.077147E+0	1.581482E-2
1.000000E+5	2.000000E+5	2.963192E+0	1.986879E-2
1.250000E+5	2.000000E+5	2.837008E+0	1.594669E-2
1.500000E+5	2.000000E+5	2.619612E+0	2.483458E-2
1.750000E+5	2.000000E+5	2.395910E+0	1.347903E-2
2.000000E+5	2.000000E+5	2.221320E+0	1.129039E-2
2.250000E+5	2.000000E+5	2.179559E+0	3.052499E-2
2.500000E+5	2.000000E+5	2.217812E+0	2.406307E-2
2.750000E+5	2.000000E+5	2.202690E+0	2.506803E-2
3.000000E+5	2.000000E+5	2.062672E+0	4.336863E-2
-3.000000E+5	2.250000E+5	3.046746E+0	3.875616E-2
-2.750000E+5	2.250000E+5	3.118706E+0	3.293348E-2
-2.500000E+5	2.250000E+5	3.227236E+0	4.016328E-2
-2.250000E+5	2.250000E+5	3.290499E+0	2.393308E-2
-2.000000E+5	2.250000E+5	3.310436E+0	5.115681E-2
-1.750000E+5	2.250000E+5	3.321110E+0	3.694618E-2
-1.500000E+5	2.250000E+5	3.413852E+0	1.818855E-2
-1.250000E+5	2.250000E+5	3.358321E+0	2.824148E-2
-1.000000E+5	2.250000E+5	3.271832E+0	1.306947E-2
-7.500000E+4	2.250000E+5	3.258065E+0	3.055758E-2
-5.000000E+4	2.250000E+5	3.165855E+0	2.445298E-2
-2.500000E+4	2.250000E+5	3.107131E+0	2.821813E-2
0.000000E+0	2.250000E+5	2.973025E+0	2.576054E-2
2.500000E+4	2.250000E+5	2.949571E+0	1.806876E-2
5.000000E+4	2.250000E+5	2.852849E+0	1.721251E-2
7.500000E+4	2.250000E+5	2.816516E+0	1.540248E-2
1.000000E+5	2.250000E+5	2.730224E+0	2.364945E-2
1.250000E+5	2.250000E+5	2.650971E+0	2.445302E-2
1.500000E+5	2.250000E+5	2.479498E+0	2.764554E-2
1.750000E+5	2.250000E+5	2.294023E+0	2.445820E-2
2.000000E+5	2.250000E+5	2.253463E+0	1.938249E-2
2.250000E+5	2.250000E+5	2.287798E+0	3.825376E-2
2.500000E+5	2.250000E+5	2.280503E+0	2.216107E-2
2.750000E+5	2.250000E+5	2.152041E+0	1.949928E-2
3.000000E+5	2.250000E+5	1.994579E+0	1.826120E-2
-3.000000E+5	2.500000E+5	2.873912E+0	1.315220E-2
-2.750000E+5	2.500000E+5	2.974420E+0	1.574660E-2
-2.500000E+5	2.500000E+5	3.028917E+0	3.116254E-2
-2.250000E+5	2.500000E+5	3.175233E+0	2.282552E-2
-2.000000E+5	2.500000E+5	3.199844E+0	2.746186E-2
-1.750000E+5	2.500000E+5	3.191421E+0	4.423457E-2
-1.500000E+5	2.500000E+5	3.276886E+0	1.641584E-2
-1.250000E+5	2.500000E+5	3.296274E+0	3.741586E-2
-1.000000E+5	2.500000E+5	3.245427E+0	2.693208E-2
-7.500000E+4	2.500000E+5	3.093780E+0	3.428130E-2
-5.000000E+4	2.500000E+5	2.983745E+0	3.409325E-2
-2.500000E+4	2.500000E+5	2.887403E+0	2.357318E-2
0.000000E+0	2.500000E+5	2.774347E+0	2.256510E-2
2.500000E+4	2.500000E+5	2.676125E+0	3.213073E-2
5.000000E+4	2.500000E+5	2.639619E+0	4.212494E-2
7.500000E+4	2.500000E+5	2.630592E+0	1.838487E-2
1.000000E+5	2.500000E+5	2.519651E+0	1.902000E-2
1.250000E+5	2.500000E+5	2.376596E+0	5.021811E-2
1.500000E+5	2.500000E+5	2.282903E+0	3.637151E-2
1.750000E+5	2.500000E+5	2.238134E+0	2.238594E-2
2.000000E+5	2.500000E+5	2.236519E+0	2.606973E-2
2.250000E+5	2.500000E+5	2.278758E+0	1.930104E-2
2.500000E+5	2.500000E+5	2.264044E+0	5.490790E-2
2.750000E+5	2.500000E+5	2.098515E+0	3.261620E-2
3.000000E+5	2.500000E+5	1.870962E+0	3.327263E-2
-3.000000E+5	2.750000E+5	2.778332E+0	1.859294E-2
-2.750000E+5	2.750000E+5	2.909980E+0	5.227377E-2
-2.500000E+5	2.750000E+5	2.884839E+0	3.473798E-2
-2.250000E+5	2.750000E+5	2.968770E+0	2.031068E-2
-2.000000E+5	2.750000E+5	3.099963E+0	3.592467E-2
-1.750000E+5	2.750000E+5	3.122147E+0	5.126524E-2
-1.500000E+5	2.750000E+5	3.112952E+0	3.540111E-2
-1.250000E+5	2.750000E+5	3.149143E+0	3.978796E-2
-1.000000E+5	2.750000E+5	3.115385E+0	6.302968E-2
-7.500000E+4	2.750000E+5	2.985703E+0	2.652453E-2
-5.000000E+4	2.750000E+5	2.869199E+0	3.926538E-2
-2.500000E+4	2.750000E+5	2.831214E+0	2.229754E-2
0.000000E+0	2.750000E+5	2.692931E+0	1.522975E-2
2.500000E+4	2.750000E+5	2.629126E+0	3.148361E-2
5.000000E+4	2.750000E+5	2.541868E+0	2.636021E-2
7.500000E+4	2.750000E+5	2.452280E+0	3.982202E-2
1.000000E+5	2.750000E+5	2.336293E+0	2.617374E-2
1.250000E+5	2.750000E+5	2.229221E+0	5.963678E-2
1.500000E+5	2.750000E+5	2.228781E+0	1.923766E-2
1.750000E+5	2.750000E+5	2.251874E+0	2.549132E-2
2.000000E+5	2.750000E+5	2.245795E+0	5.319719E-2
2.250000E+5	2.750000E+5	2.179446E+0	7.352974E-2
2.500000E+5	2.750000E+5	2.051260E+0	7.925744E-2
2.750000E+5	2.750000E+5	1.973271E+0	1.845815E-2
3.000000E+5	2.750000E+5	1.810143E+0	3.920203E-2
-3.000000E+5	3.000000E+5	2.685829E+0	2.449657E-2
-2.750000E+5	3.000000E+5	2.749138E+0	2.475996E-2
-2.500000E+5	3.000000E+5	2.828415E+0	2.977943E-2
-2.250000E+5	3.000000E+5	2.832743E+0	3.005526E-2
-2.000000E+5	3.000000E+5	2.880792E+0	2.276719E-2
-1.750000E+5	3.000000E+5	2.983720E+0	3.170097E-2
-1.500000E+5	3.000000E+5	3.008062E+0	2.379702E-2
-1.250000E+5	3.000000E+5	3.017983E+0	1.823518E-2
-1.000000E+5	3.000000E+5	2.989194E+0	2.707126E-2
-7.500000E+4	3.000000E+5	2.902419E+0	2.322695E-2
-5.000000E+4	3.000000E+5	2.879803E+0	2.161947E-2
-2.500000E+4	3.000000E+5	2.794306E+0	3.777877E-2
0.000000E+0	3.000000E+5	2.704525E+0	4.408682E-2
2.500000E+4	3.000000E+5	2.636518E+0	4.256668E-2
5.000000E+4	3.000000E+5	2.501224E+0	2.781689E-2
7.500000E+4	3.000000E+5	2.392346E+0	2.062103E-2
1.000000E+5	3.000000E+5	2.357325E+0	2.729922E-2
1.250000E+5	3.000000E+5	2.265665E+0	3.022962E-2
1.500000E+5	3.000000E+5	2.269050E+0	2.615845E-2
1.750000E+5	3.000000E+5	2.266304E+0	3.387191E-2
2.000000E+5	3.000000E+5	2.154980E+0	6.567807E-2
2.250000E+5	3.000000E+5	2.074337E+0	3.317332E-2
2.500000E+5	3.000000E+5	1.986148E+0	2.443101E-2
2.750000E+5	3.000000E+5	1.584077E+0	3.786528E-1
3.000000E+5	3.000000E+5	1.747306E+0	1.958356E-2
