-1.500000E+5	-1.500000E+5	5.047774E-1	5.236767E-3
-1.250000E+5	-1.500000E+5	5.911910E-1	6.753448E-3
-1.000000E+5	-1.500000E+5	5.973739E-1	5.028050E-3
-7.500000E+4	-1.500000E+5	5.321802E-1	5.913835E-3
-5.000000E+4	-1.500000E+5	4.551921E-1	5.794392E-3
-2.500000E+4	-1.500000E+5	4.199165E-1	5.685741E-3
0.000000E+0	-1.500000E+5	4.251878E-1	6.525859E-3
2.500000E+4	-1.500000E+5	2.294604E-1	4.680841E-3
5.000000E+4	-1.500000E+5	4.115012E-1	5.078102E-3
7.500000E+4	-1.500000E+5	3.802905E-1	5.051045E-3
1.000000E+5	-1.500000E+5	3.555550E-1	5.375017E-3
1.250000E+5	-1.500000E+5	1.991935E-1	1.781373E-1
1.500000E+5	-1.500000E+5	3.659084E-1	1.260039E-2
-1.500000E+5	-1.250000E+5	6.684549E-1	7.326291E-3
-1.250000E+5	-1.250000E+5	7.286358E-1	9.514939E-3
-1.000000E+5	-1.250000E+5	6.413509E-1	8.500646E-3
-7.500000E+4	-1.250000E+5	4.915701E-1	1.020829E-2
-5.000000E+4	-1.250000E+5	4.273513E-1	8.154107E-3
-2.500000E+4	-1.250000E+5	4.895316E-1	8.357509E-3
0.000000E+0	-1.250000E+5	2.626846E-1	5.583595E-3
2.500000E+4	-1.250000E+5	6.439988E-1	5.617358E-3
5.000000E+4	-1.250000E+5	5.954608E-1	4.915897E-3
7.500000E+4	-1.250000E+5	4.812111E-1	4.425955E-3
1.000000E+5	-1.250000E+5	2.189596E-1	4.596596E-3
1.250000E+5	-1.250000E+5	3.676864E-1	1.367171E-2
1.500000E+5	-1.250000E+5	3.774759E-1	4.815515E-3
-1.500000E+5	-1.000000E+5	7.945653E-1	6.564165E-3
-1.250000E+5	-1.000000E+5	7.669086E-1	5.156038E-3
-1.000000E+5	-1.000000E+5	5.990673E-1	5.360500E-3
-7.500000E+4	-1.000000E+5	4.686462E-1	5.360605E-3
-5.000000E+4	-1.000000E+5	2.387430E-1	9.466467E-3
-2.500000E+4	-1.000000E+5	7.246826E-1	5.891170E-2
0.000000E+0	-1.000000E+5	4.915319E-1	1.582558E-1
2.500000E+4	-1.000000E+5	1.128466E+0	5.374872E-3
5.000000E+4	-1.000000E+5	1.027317E+0	4.783464E-3
7.500000E+4	-1.000000E+5	7.683067E-1	5.477424E-3
1.000000E+5	-1.000000E+5	5.073244E-1	6.335454E-3
1.250000E+5	-1.000000E+5	3.716835E-1	6.054025E-3
1.500000E+5	-1.000000E+5	3.756596E-1	5.388851E-3
-1.500000E+5	-7.500000E+4	3.106424E-1	5.050092E-3
-1.250000E+5	-7.500000E+4	7.019423E-1	5.532378E-3
-1.000000E+5	-7.500000E+4	5.409622E-1	4.354870E-3
-7.500000E+4	-7.500000E+4	5.367504E-1	6.203583E-3
-5.000000E+4	-7.500000E+4	8.462540E-1	5.163432E-3
-2.500000E+4	-7.500000E+4	4.665735E-1	5.346067E-3
0.000000E+0	-7.500000E+4	5.872857E-1	4.701222E-3
2.500000E+4	-7.500000E+4	1.928830E+0	4.986602E-3
5.000000E+4	-7.500000E+4	1.730772E+0	5.247842E-3
7.500000E+4	-7.500000E+4	1.274601E+0	5.023993E-3
1.000000E+5	-7.500000E+4	7.735704E-1	7.681325E-3
1.250000E+5	-7.500000E+4	4.549372E-1	5.541502E-3
1.500000E+5	-7.500000E+4	-3.986441E-2	4.435381E-1
-1.500000E+5	-5.000000E+4	6.839700E-1	4.461680E-3
-1.250000E+5	-5.000000E+4	6.130232E-1	4.829034E-3
-1.000000E+5	-5.000000E+4	5.855587E-1	6.602782E-3
-7.500000E+4	-5.000000E+4	8.759574E-1	6.564697E-3
-5.000000E+4	-5.000000E+4	4.931115E-1	1.844294E-2
-2.500000E+4	-5.000000E+4	7.196046E-1	6.034558E-3
0.000000E+0	-5.000000E+4	2.749060E+0	4.864601E-3
2.500000E+4	-5.000000E+4	2.891301E+0	5.872975E-3
5.000000E+4	-5.000000E+4	2.591017E+0	5.413833E-3
7.500000E+4	-5.000000E+4	1.950275E+0	5.932030E-3
1.000000E+5	-5.000000E+4	1.207164E+0	5.350187E-3
1.250000E+5	-5.000000E+4	6.293597E-1	6.470575E-3
1.500000E+5	-5.000000E+4	3.983709E-1	6.403668E-3
-1.500000E+5	-2.500000E+4	5.436228E-1	1.778405E-2
-1.250000E+5	-2.500000E+4	5.421895E-1	5.773239E-3
-1.000000E+5	-2.500000E+4	7.854464E-1	6.316700E-3
-7.500000E+4	-2.500000E+4	1.413292E+0	4.689621E-3
-5.000000E+4	-2.500000E+4	2.304560E+0	5.512083E-3
-2.500000E+4	-2.500000E+4	3.176558E+0	5.122813E-3
0.000000E+0	-2.500000E+4	3.723674E+0	4.535268E-3
2.500000E+4	-2.500000E+4	3.810710E+0	5.894812E-3
5.000000E+4	-2.500000E+4	3.420151E+0	5.320230E-3
7.500000E+4	-2.500000E+4	2.632256E+0	5.166506E-3
1.000000E+5	-2.500000E+4	1.703403E+0	4.473865E-3
1.250000E+5	-2.500000E+4	9.016082E-1	5.480703E-3
1.500000E+5	-2.500000E+4	4.717964E-1	5.648827E-3
-1.500000E+5	0.000000E+0	4.810245E-1	7.526049E-2
-1.250000E+5	0.000000E+0	5.916840E-1	5.712004E-2
-1.000000E+5	0.000000E+0	3.930981E-1	5.074685E-3
-7.500000E+4	0.000000E+0	6.521938E-1	4.771622E-3
-5.000000E+4	0.000000E+0	3.044697E+0	6.564459E-3
-2.500000E+4	0.000000E+0	3.927852E+0	5.533501E-3
0.000000E+0	0.000000E+0	4.392104E+0	6.083981E-3
2.500000E+4	0.000000E+0	4.403050E+0	6.536862E-3
5.000000E+4	0.000000E+0	3.964254E+0	6.963405E-3
7.500000E+4	0.000000E+0	3.129402E+0	4.921594E-3
1.000000E+5	0.000000E+0	2.115195E+0	5.046283E-3
1.250000E+5	0.000000E+0	1.207256E+0	6.043706E-3
1.500000E+5	0.000000E+0	6.312636E-1	4.827741E-3
-1.500000E+5	2.500000E+4	2.229128E-1	4.780100E-3
-1.250000E+5	2.500000E+4	2.813993E-1	5.153480E-3
-1.000000E+5	2.500000E+4	4.586936E-1	1.542026E-2
-7.500000E+4	2.500000E+4	7.630767E-1	4.612572E-3
-5.000000E+4	2.500000E+4	3.383499E+0	1.920920E-2
-2.500000E+4	2.500000E+4	4.183390E+0	5.338617E-3
0.000000E+0	2.500000E+4	4.540100E+0	4.860084E-3
2.500000E+4	2.500000E+4	4.439127E+0	4.741934E-3
5.000000E+4	2.500000E+4	3.964418E+0	4.751333E-3
7.500000E+4	2.500000E+4	3.198322E+0	4.843251E-3
1.000000E+5	2.500000E+4	2.278969E+0	5.356608E-3
1.250000E+5	2.500000E+4	1.427913E+0	4.638296E-3
1.500000E+5	2.500000E+4	8.306695E-1	5.685112E-3
-1.500000E+5	5.000000E+4	2.292997E-1	4.378168E-3
-1.250000E+5	5.000000E+4	3.028935E-1	1.681010E-2
-1.000000E+5	5.000000E+4	4.938371E-1	5.227243E-3
-7.500000E+4	5.000000E+4	7.611187E-1	4.915085E-3
-5.000000E+4	5.000000E+4	3.085991E+0	1.311576E-1
-2.500000E+4	5.000000E+4	3.853438E+0	5.177558E-3
0.000000E+0	5.000000E+4	4.060188E+0	5.518791E-3
2.500000E+4	5.000000E+4	3.888452E+0	6.240992E-3
5.000000E+4	5.000000E+4	3.434970E+0	4.860161E-3
7.500000E+4	5.000000E+4	2.827263E+0	4.769823E-3
1.000000E+5	5.000000E+4	2.145785E+0	4.912982E-3
1.250000E+5	5.000000E+4	1.511579E+0	6.870291E-3
1.500000E+5	5.000000E+4	1.007442E+0	5.208858E-3
-1.500000E+5	7.500000E+4	4.489291E-1	1.393252E-2
-1.250000E+5	7.500000E+4	3.158249E-1	4.878719E-3
-1.000000E+5	7.500000E+4	4.401711E-1	4.672224E-3
-7.500000E+4	7.500000E+4	6.156970E-1	5.405236E-3
-5.000000E+4	7.500000E+4	8.153859E-1	5.454702E-3
-2.500000E+4	7.500000E+4	3.016434E+0	5.568175E-3
0.000000E+0	7.500000E+4	3.119013E+0	5.156514E-3
2.500000E+4	7.500000E+4	2.901291E+0	4.571778E-3
5.000000E+4	7.500000E+4	2.577708E+0	5.682582E-3
7.500000E+4	7.500000E+4	2.201819E+0	6.619963E-3
1.000000E+5	7.500000E+4	1.828297E+0	4.683133E-3
1.250000E+5	7.500000E+4	1.473485E+0	5.623366E-3
1.500000E+5	7.500000E+4	1.129355E+0	4.887937E-3
-1.500000E+5	1.000000E+5	2.436140E-1	5.140891E-3
-1.250000E+5	1.000000E+5	2.896127E-1	4.814022E-3
-1.000000E+5	1.000000E+5	3.639331E-1	6.379421E-3
-7.500000E+4	1.000000E+5	4.632485E-1	5.297271E-3
-5.000000E+4	1.000000E+5	5.610673E-1	4.958564E-3
-2.500000E+4	1.000000E+5	1.917647E+0	6.239036E-3
0.000000E+0	1.000000E+5	1.942296E+0	5.694683E-3
2.500000E+4	1.000000E+5	1.833120E+0	4.952939E-3
5.000000E+4	1.000000E+5	1.682169E+0	5.304777E-3
7.500000E+4	1.000000E+5	1.570945E+0	5.179711E-3
1.000000E+5	1.000000E+5	1.480644E+0	5.531225E-3
1.250000E+5	1.000000E+5	1.365068E+0	4.930457E-3
1.500000E+5	1.000000E+5	1.174251E+0	5.257556E-3
-1.500000E+5	1.250000E+5	2.314999E-1	5.168442E-3
-1.250000E+5	1.250000E+5	2.631981E-1	5.137022E-3
-1.000000E+5	1.250000E+5	6.478031E-1	2.346253E-1
-7.500000E+4	1.250000E+5	7.984665E-1	3.313886E-2
-5.000000E+4	1.250000E+5	9.123349E-1	7.626225E-3
-2.500000E+4	1.250000E+5	9.784479E-1	5.130244E-3
0.000000E+0	1.250000E+5	9.932665E-1	4.500618E-3
2.500000E+4	1.250000E+5	9.911341E-1	5.272559E-3
5.000000E+4	1.250000E+5	1.032800E+0	5.395927E-3
7.500000E+4	1.250000E+5	1.104237E+0	4.986869E-3
1.000000E+5	1.250000E+5	1.168485E+0	4.950506E-3
1.250000E+5	1.250000E+5	1.168995E+0	6.118793E-3
1.500000E+5	1.250000E+5	1.092273E+0	4.580394E-3
-1.500000E+5	1.500000E+5	2.102332E-1	5.342541E-3
-1.250000E+5	1.500000E+5	4.741332E-1	2.790398E-1
-1.000000E+5	1.500000E+5	2.201665E-1	8.688919E-3
-7.500000E+4	1.500000E+5	2.384238E-1	5.115246E-3
-5.000000E+4	1.500000E+5	2.311002E-1	1.084053E-2
-2.500000E+4	1.500000E+5	4.750674E-1	5.451406E-3
0.000000E+0	1.500000E+5	5.071260E-1	4.966180E-3
2.500000E+4	1.500000E+5	5.838617E-1	5.724175E-3
5.000000E+4	1.500000E+5	6.930864E-1	4.963967E-3
7.500000E+4	1.500000E+5	8.145022E-1	4.658721E-3
1.000000E+5	1.500000E+5	9.021507E-1	4.780753E-3
1.250000E+5	1.500000E+5	9.364973E-1	4.881240E-3
1.500000E+5	1.500000E+5	9.185153E-1	6.547398E-3
