-2.000000E+5	-2.000000E+5	1.925026E-1	7.043376E-3
-1.875000E+5	-2.000000E+5	2.112321E-1	9.066198E-3
-1.750000E+5	-2.000000E+5	2.324835E-1	5.244479E-3
-1.625000E+5	-2.000000E+5	2.578473E-1	7.775386E-3
-1.500000E+5	-2.000000E+5	2.911261E-1	6.859836E-3
-1.375000E+5	-2.000000E+5	3.062302E-1	6.251842E-3
-1.250000E+5	-2.000000E+5	3.144100E-1	6.933270E-3
-1.125000E+5	-2.000000E+5	3.138180E-1	8.905100E-3
-1.000000E+5	-2.000000E+5	3.111002E-1	5.296230E-3
-8.750000E+4	-2.000000E+5	2.978965E-1	9.316541E-3
-7.500000E+4	-2.000000E+5	2.772422E-1	5.457142E-3
-6.250000E+4	-2.000000E+5	2.671054E-1	6.875866E-3
-5.000000E+4	-2.000000E+5	2.448704E-1	8.157419E-3
-3.750000E+4	-2.000000E+5	2.438246E-1	5.197047E-3
-2.500000E+4	-2.000000E+5	2.372862E-1	5.736022E-3
-1.250000E+4	-2.000000E+5	2.351029E-1	9.400050E-3
0.000000E+0	-2.000000E+5	2.336808E-1	5.354826E-3
1.250000E+4	-2.000000E+5	2.307555E-1	8.168866E-3
2.500000E+4	-2.000000E+5	2.216019E-1	5.234399E-3
3.750000E+4	-2.000000E+5	2.070137E-1	8.769272E-3
5.000000E+4	-2.000000E+5	2.011112E-1	1.076719E-2
6.250000E+4	-2.000000E+5	1.932894E-1	5.326275E-3
7.500000E+4	-2.000000E+5	1.917908E-1	7.632319E-3
8.750000E+4	-2.000000E+5	1.848588E-1	5.209755E-3
1.000000E+5	-2.000000E+5	1.920605E-1	5.547906E-3
1.125000E+5	-2.000000E+5	1.930625E-1	6.314120E-3
1.250000E+5	-2.000000E+5	2.035220E-1	6.190974E-3
1.375000E+5	-2.000000E+5	1.434242E-1	1.152595E-1
1.500000E+5	-2.000000E+5	2.095821E-1	5.795661E-3
1.625000E+5	-2.000000E+5	2.091884E-1	8.206775E-3
1.750000E+5	-2.000000E+5	1.893245E-1	7.660130E-3
1.875000E+5	-2.000000E+5	1.755496E-1	7.037461E-3
2.000000E+5	-2.000000E+5	1.729859E-1	6.430416E-3
-2.000000E+5	-1.875000E+5	2.070112E-1	7.773310E-3
-1.875000E+5	-1.875000E+5	2.391774E-1	7.737030E-3
-1.750000E+5	-1.875000E+5	2.622533E-1	8.144814E-3
-1.625000E+5	-1.875000E+5	2.980898E-1	5.774110E-3
-1.500000E+5	-1.875000E+5	3.261090E-1	5.548452E-3
-1.375000E+5	-1.875000E+5	3.470254E-1	7.448479E-3
-1.250000E+5	-1.875000E+5	3.571397E-1	7.290812E-3
-1.125000E+5	-1.875000E+5	3.468271E-1	9.673717E-3
-1.000000E+5	-1.875000E+5	3.278371E-1	5.560652E-3
-8.750000E+4	-1.875000E+5	3.080684E-1	5.365338E-3
-7.500000E+4	-1.875000E+5	2.712682E-1	7.977292E-3
-6.250000E+4	-1.875000E+5	2.652892E-1	5.336519E-3
-5.000000E+4	-1.875000E+5	2.464491E-1	6.405453E-3
-3.750000E+4	-1.875000E+5	2.389918E-1	4.784261E-3
-2.500000E+4	-1.875000E+5	2.391723E-1	8.571255E-3
-1.250000E+4	-1.875000E+5	2.417244E-1	6.121064E-3
0.000000E+0	-1.875000E+5	2.466887E-1	7.663179E-3
1.250000E+4	-1.875000E+5	2.495319E-1	6.395653E-3
2.500000E+4	-1.875000E+5	2.419574E-1	1.136821E-2
3.750000E+4	-1.875000E+5	2.283202E-1	5.828861E-3
5.000000E+4	-1.875000E+5	2.275783E-1	5.077603E-3
6.250000E+4	-1.875000E+5	2.075058E-1	8.404869E-3
7.500000E+4	-1.875000E+5	1.920570E-1	9.065184E-3
8.750000E+4	-1.875000E+5	1.926332E-1	8.142127E-3
1.000000E+5	-1.875000E+5	1.950587E-1	6.224100E-3
1.125000E+5	-1.875000E+5	1.977571E-1	7.480102E-3
1.250000E+5	-1.875000E+5	2.098712E-1	4.719930E-3
1.375000E+5	-1.875000E+5	2.105856E-1	4.887440E-3
1.500000E+5	-1.875000E+5	2.155326E-1	4.753937E-3
1.625000E+5	-1.875000E+5	2.052668E-1	5.887581E-3
1.750000E+5	-1.875000E+5	1.976577E-1	5.706848E-3
1.875000E+5	-1.875000E+5	1.913141E-1	9.283880E-3
2.000000E+5	-1.875000E+5	1.783423E-1	6.584518E-3
-2.000000E+5	-1.750000E+5	2.383402E-1	4.540338E-3
-1.875000E+5	-1.750000E+5	2.578192E-1	5.545491E-3
-1.750000E+5	-1.750000E+5	3.079736E-1	5.968672E-3
-1.625000E+5	-1.750000E+5	3.333414E-1	6.262787E-3
-1.500000E+5	-1.750000E+5	3.785140E-1	7.522611E-3
-1.375000E+5	-1.750000E+5	3.855343E-1	6.032401E-3
-1.250000E+5	-1.750000E+5	3.765989E-1	5.109410E-3
-1.125000E+5	-1.750000E+5	3.675380E-1	6.791138E-3
-1.000000E+5	-1.750000E+5	3.349078E-1	5.466779E-3
-8.750000E+4	-1.750000E+5	2.986782E-1	5.632685E-3
-7.500000E+4	-1.750000E+5	2.716593E-1	5.816411E-3
-6.250000E+4	-1.750000E+5	2.465541E-1	8.883129E-3
-5.000000E+4	-1.750000E+5	2.428701E-1	6.549714E-3
-3.750000E+4	-1.750000E+5	2.447491E-1	4.776016E-3
-2.500000E+4	-1.750000E+5	2.567306E-1	7.501413E-3
-1.250000E+4	-1.750000E+5	2.707476E-1	5.653632E-3
0.000000E+0	-1.750000E+5	2.924233E-1	7.954672E-3
1.250000E+4	-1.750000E+5	2.830060E-1	8.106414E-3
2.500000E+4	-1.750000E+5	2.880193E-1	7.839633E-3
3.750000E+4	-1.750000E+5	2.731237E-1	6.233260E-3
5.000000E+4	-1.750000E+5	2.492540E-1	7.179338E-3
6.250000E+4	-1.750000E+5	2.119796E-1	7.287346E-3
7.500000E+4	-1.750000E+5	2.041435E-1	8.357221E-3
8.750000E+4	-1.750000E+5	1.957940E-1	4.835847E-3
1.000000E+5	-1.750000E+5	1.933746E-1	6.425457E-3
1.125000E+5	-1.750000E+5	1.928759E-1	5.644603E-3
1.250000E+5	-1.750000E+5	1.966129E-1	8.917186E-3
1.375000E+5	-1.750000E+5	2.084338E-1	6.930523E-3
1.500000E+5	-1.750000E+5	2.068297E-1	7.028907E-3
1.625000E+5	-1.750000E+5	2.031533E-1	5.683344E-3
1.750000E+5	-1.750000E+5	2.035612E-1	6.001336E-3
1.875000E+5	-1.750000E+5	1.964064E-1	5.089308E-3
2.000000E+5	-1.750000E+5	1.899542E-1	8.263113E-3
-2.000000E+5	-1.625000E+5	2.636152E-1	5.614386E-3
-1.875000E+5	-1.625000E+5	3.041738E-1	5.294659E-3
-1.750000E+5	-1.625000E+5	3.440278E-1	6.186676E-3
-1.625000E+5	-1.625000E+5	3.876417E-1	6.080751E-3
-1.500000E+5	-1.625000E+5	4.104187E-1	5.803564E-3
-1.375000E+5	-1.625000E+5	4.096447E-1	6.332181E-3
-1.250000E+5	-1.625000E+5	3.925076E-1	5.615583E-3
-1.125000E+5	-1.625000E+5	3.658595E-1	8.821267E-3
-1.000000E+5	-1.625000E+5	3.293739E-1	9.394081E-3
-8.750000E+4	-1.625000E+5	2.810516E-1	7.965935E-3
-7.500000E+4	-1.625000E+5	2.572476E-1	6.032818E-3
-6.250000E+4	-1.625000E+5	2.399010E-1	6.878744E-3
-5.000000E+4	-1.625000E+5	2.477524E-1	7.930607E-3
-3.750000E+4	-1.625000E+5	2.713575E-1	1.304989E-2
-2.500000E+4	-1.625000E+5	3.005811E-1	6.019516E-3
-1.250000E+4	-1.625000E+5	3.295585E-1	5.622700E-3
0.000000E+0	-1.625000E+5	3.556998E-1	9.610968E-3
1.250000E+4	-1.625000E+5	3.693640E-1	5.531445E-3
2.500000E+4	-1.625000E+5	3.531850E-1	7.217653E-3
3.750000E+4	-1.625000E+5	3.365960E-1	9.742252E-3
5.000000E+4	-1.625000E+5	3.004353E-1	7.928822E-3
6.250000E+4	-1.625000E+5	2.690828E-1	5.050067E-3
7.500000E+4	-1.625000E+5	2.343268E-1	5.249174E-3
8.750000E+4	-1.625000E+5	2.160690E-1	8.142379E-3
1.000000E+5	-1.625000E+5	2.020040E-1	4.934169E-3
1.125000E+5	-1.625000E+5	1.879416E-1	7.001374E-3
1.250000E+5	-1.625000E+5	2.045147E-1	8.157365E-3
1.375000E+5	-1.625000E+5	2.048875E-1	7.996046E-3
1.500000E+5	-1.625000E+5	2.000098E-1	8.421481E-3
1.625000E+5	-1.625000E+5	2.168874E-1	5.158116E-3
1.750000E+5	-1.625000E+5	2.106141E-1	7.330561E-3
1.875000E+5	-1.625000E+5	2.118980E-1	5.158628E-3
2.000000E+5	-1.625000E+5	1.933934E-1	8.501229E-3
-2.000000E+5	-1.500000E+5	2.991386E-1	5.572927E-3
-1.875000E+5	-1.500000E+5	3.454738E-1	8.056072E-3
-1.750000E+5	-1.500000E+5	3.833463E-1	7.579757E-3
-1.625000E+5	-1.500000E+5	4.185225E-1	5.981253E-3
-1.500000E+5	-1.500000E+5	4.362719E-1	6.672663E-3
-1.375000E+5	-1.500000E+5	4.293751E-1	7.340813E-3
-1.250000E+5	-1.500000E+5	4.013747E-1	5.915544E-3
-1.125000E+5	-1.500000E+5	3.496585E-1	6.767691E-3
-1.000000E+5	-1.500000E+5	3.042549E-1	6.741516E-3
-8.750000E+4	-1.500000E+5	2.673966E-1	6.188834E-3
-7.500000E+4	-1.500000E+5	1.765281E-1	9.204433E-2
-6.250000E+4	-1.500000E+5	2.494646E-1	6.599294E-3
-5.000000E+4	-1.500000E+5	2.862913E-1	6.530253E-3
-3.750000E+4	-1.500000E+5	3.371804E-1	6.869383E-3
-2.500000E+4	-1.500000E+5	3.908714E-1	5.999013E-3
-1.250000E+4	-1.500000E+5	4.436241E-1	7.718854E-3
0.000000E+0	-1.500000E+5	4.786065E-1	6.536332E-3
1.250000E+4	-1.500000E+5	4.897187E-1	5.140082E-3
2.500000E+4	-1.500000E+5	4.750556E-1	9.344632E-3
3.750000E+4	-1.500000E+5	4.463414E-1	6.054140E-3
5.000000E+4	-1.500000E+5	4.019794E-1	6.650991E-3
6.250000E+4	-1.500000E+5	3.468929E-1	5.850774E-3
7.500000E+4	-1.500000E+5	2.808532E-1	5.941977E-3
8.750000E+4	-1.500000E+5	2.412150E-1	8.340449E-3
1.000000E+5	-1.500000E+5	2.095770E-1	6.006655E-3
1.125000E+5	-1.500000E+5	1.988488E-1	7.361532E-3
1.250000E+5	-1.500000E+5	1.974379E-1	1.006309E-2
1.375000E+5	-1.500000E+5	2.058578E-1	7.828135E-3
1.500000E+5	-1.500000E+5	2.109981E-1	6.728060E-3
1.625000E+5	-1.500000E+5	2.194215E-1	6.141009E-3
1.750000E+5	-1.500000E+5	2.155652E-1	8.838627E-3
1.875000E+5	-1.500000E+5	2.087168E-1	6.335364E-3
2.000000E+5	-1.500000E+5	2.057528E-1	4.579865E-3
-2.000000E+5	-1.375000E+5	3.347339E-1	5.827017E-3
-1.875000E+5	-1.375000E+5	3.777222E-1	5.876435E-3
-1.750000E+5	-1.375000E+5	4.126051E-1	5.395667E-3
-1.625000E+5	-1.375000E+5	4.470246E-1	8.188279E-3
-1.500000E+5	-1.375000E+5	4.542927E-1	5.388525E-3
-1.375000E+5	-1.375000E+5	4.280320E-1	5.298712E-3
-1.250000E+5	-1.375000E+5	3.975413E-1	5.345966E-3
-1.125000E+5	-1.375000E+5	3.407048E-1	7.017349E-3
-1.000000E+5	-1.375000E+5	2.834318E-1	6.814836E-3
-8.750000E+4	-1.375000E+5	2.548746E-1	8.180621E-3
-7.500000E+4	-1.375000E+5	2.567398E-1	6.907236E-3
-6.250000E+4	-1.375000E+5	2.925742E-1	9.994104E-3
-5.000000E+4	-1.375000E+5	3.521351E-1	5.067187E-3
-3.750000E+4	-1.375000E+5	4.325217E-1	5.323602E-3
-2.500000E+4	-1.375000E+5	5.212302E-1	1.301000E-2
-1.250000E+4	-1.375000E+5	6.046818E-1	1.006829E-2
0.000000E+0	-1.375000E+5	6.519165E-1	6.286909E-3
1.250000E+4	-1.375000E+5	6.781470E-1	5.215995E-3
2.500000E+4	-1.375000E+5	6.585395E-1	8.848288E-3
3.750000E+4	-1.375000E+5	6.040031E-1	6.846420E-3
5.000000E+4	-1.375000E+5	5.326147E-1	7.577831E-3
6.250000E+4	-1.375000E+5	4.445037E-1	5.064794E-3
7.500000E+4	-1.375000E+5	3.507038E-1	7.120548E-3
8.750000E+4	-1.375000E+5	2.823503E-1	5.899302E-3
1.000000E+5	-1.375000E+5	1.185907E-1	7.157000E-1
1.125000E+5	-1.375000E+5	2.084027E-1	6.697211E-3
1.250000E+5	-1.375000E+5	1.972890E-1	6.902762E-3
1.375000E+5	-1.375000E+5	2.086413E-1	4.841396E-3
1.500000E+5	-1.375000E+5	2.119771E-1	6.865289E-3
1.625000E+5	-1.375000E+5	2.254546E-1	5.640160E-3
1.750000E+5	-1.375000E+5	2.292401E-1	6.855831E-3
1.875000E+5	-1.375000E+5	2.276926E-1	5.810886E-3
2.000000E+5	-1.375000E+5	2.101307E-1	6.532329E-3
-2.000000E+5	-1.250000E+5	3.682045E-1	7.673643E-3
-1.875000E+5	-1.250000E+5	4.036963E-1	8.887594E-3
-1.750000E+5	-1.250000E+5	5.193416E-1	1.290481E-1
-1.625000E+5	-1.250000E+5	4.551406E-1	4.912693E-3
-1.500000E+5	-1.250000E+5	4.466193E-1	8.074315E-3
-1.375000E+5	-1.250000E+5	4.215130E-1	8.099116E-3
-1.250000E+5	-1.250000E+5	3.689744E-1	6.602997E-3
-1.125000E+5	-1.250000E+5	3.091244E-1	8.830164E-3
-1.000000E+5	-1.250000E+5	2.796417E-1	8.089290E-3
-8.750000E+4	-1.250000E+5	2.686504E-1	9.507031E-3
-7.500000E+4	-1.250000E+5	3.060120E-1	8.763910E-3
-6.250000E+4	-1.250000E+5	3.648162E-1	6.772514E-3
-5.000000E+4	-1.250000E+5	4.820687E-1	8.580592E-3
-3.750000E+4	-1.250000E+5	5.993136E-1	5.367874E-3
-2.500000E+4	-1.250000E+5	7.265779E-1	8.649830E-3
-1.250000E+4	-1.250000E+5	8.257669E-1	6.678340E-3
0.000000E+0	-1.250000E+5	8.968091E-1	5.471469E-3
1.250000E+4	-1.250000E+5	9.059316E-1	6.141619E-3
2.500000E+4	-1.250000E+5	8.861752E-1	5.422323E-3
3.750000E+4	-1.250000E+5	8.172939E-1	8.839287E-3
5.000000E+4	-1.250000E+5	7.120209E-1	6.265929E-3
6.250000E+4	-1.250000E+5	5.856346E-1	6.166704E-3
7.500000E+4	-1.250000E+5	4.567132E-1	1.040383E-2
8.750000E+4	-1.250000E+5	3.598661E-1	5.208251E-3
1.000000E+5	-1.250000E+5	2.708720E-1	5.807570E-3
1.125000E+5	-1.250000E+5	2.215855E-1	5.469459E-3
1.250000E+5	-1.250000E+5	1.972717E-1	8.063711E-3
1.375000E+5	-1.250000E+5	2.078612E-1	7.121082E-3
1.500000E+5	-1.250000E+5	2.093108E-1	6.791528E-3
1.625000E+5	-1.250000E+5	2.252456E-1	7.163273E-3
1.750000E+5	-1.250000E+5	2.380751E-1	6.677774E-3
1.875000E+5	-1.250000E+5	2.358534E-1	6.409843E-3
2.000000E+5	-1.250000E+5	2.257386E-1	5.323509E-3
-2.000000E+5	-1.125000E+5	3.769043E-1	6.737845E-3
-1.875000E+5	-1.125000E+5	4.098889E-1	6.441254E-3
-1.750000E+5	-1.125000E+5	4.355744E-1	7.132464E-3
-1.625000E+5	-1.125000E+5	4.498224E-1	5.981692E-3
-1.500000E+5	-1.125000E+5	4.346897E-1	6.244683E-3
-1.375000E+5	-1.125000E+5	4.010948E-1	5.677704E-3
-1.250000E+5	-1.125000E+5	3.490171E-1	6.675270E-3
-1.125000E+5	-1.125000E+5	3.008636E-1	4.948682E-3
-1.000000E+5	-1.125000E+5	2.835073E-1	5.270635E-3
-8.750000E+4	-1.125000E+5	3.102554E-1	5.624608E-3
-7.500000E+4	-1.125000E+5	3.852615E-1	7.775492E-3
-6.250000E+4	-1.125000E+5	5.025849E-1	6.195349E-3
-5.000000E+4	-1.125000E+5	6.466747E-1	4.562473E-3
-3.750000E+4	-1.125000E+5	8.206016E-1	7.189352E-3
-2.500000E+4	-1.125000E+5	9.739190E-1	6.758054E-3
-1.250000E+4	-1.125000E+5	1.099452E+0	4.980794E-3
0.000000E+0	-1.125000E+5	1.186984E+0	7.185229E-3
1.250000E+4	-1.125000E+5	1.212722E+0	8.269465E-3
2.500000E+4	-1.125000E+5	1.173195E+0	6.436251E-3
3.750000E+4	-1.125000E+5	1.078354E+0	7.880552E-3
5.000000E+4	-1.125000E+5	9.305356E-1	4.687341E-3
6.250000E+4	-1.125000E+5	7.736790E-1	6.053397E-3
7.500000E+4	-1.125000E+5	6.134000E-1	7.298447E-3
8.750000E+4	-1.125000E+5	4.582678E-1	7.264174E-3
1.000000E+5	-1.125000E+5	3.370906E-1	6.387981E-3
1.125000E+5	-1.125000E+5	2.532138E-1	7.817188E-3
1.250000E+5	-1.125000E+5	2.175038E-1	6.510681E-3
1.375000E+5	-1.125000E+5	2.068909E-1	4.631680E-3
1.500000E+5	-1.125000E+5	2.095398E-1	4.904374E-3
1.625000E+5	-1.125000E+5	2.288398E-1	8.320009E-3
1.750000E+5	-1.125000E+5	2.404145E-1	9.616492E-3
1.875000E+5	-1.125000E+5	2.450081E-1	6.849252E-3
2.000000E+5	-1.125000E+5	2.324453E-1	8.435510E-3
-2.000000E+5	-1.000000E+5	3.694899E-1	4.815075E-3
-1.875000E+5	-1.000000E+5	4.068974E-1	7.292289E-3
-1.750000E+5	-1.000000E+5	4.204779E-1	6.009645E-3
-1.625000E+5	-1.000000E+5	4.256228E-1	8.872043E-3
-1.500000E+5	-1.000000E+5	4.024623E-1	5.353713E-3
-1.375000E+5	-1.000000E+5	3.682213E-1	7.903432E-3
-1.250000E+5	-1.000000E+5	3.296543E-1	4.838023E-3
-1.125000E+5	-1.000000E+5	3.104588E-1	7.243187E-3
-1.000000E+5	-1.000000E+5	3.260891E-1	5.792068E-3
-8.750000E+4	-1.000000E+5	3.903329E-1	7.167751E-3
-7.500000E+4	-1.000000E+5	5.052807E-1	7.134361E-3
-6.250000E+4	-1.000000E+5	6.823139E-1	7.839890E-3
-5.000000E+4	-1.000000E+5	8.823673E-1	5.165364E-3
-3.750000E+4	-1.000000E+5	1.093362E+0	6.953241E-3
-2.500000E+4	-1.000000E+5	1.283509E+0	7.491990E-3
-1.250000E+4	-1.000000E+5	1.443919E+0	5.652744E-3
0.000000E+0	-1.000000E+5	1.537536E+0	7.922755E-3
1.250000E+4	-1.000000E+5	1.564701E+0	5.697666E-3
2.500000E+4	-1.000000E+5	1.508513E+0	5.499625E-3
3.750000E+4	-1.000000E+5	1.380159E+0	6.415710E-3
5.000000E+4	-1.000000E+5	1.190378E+0	5.196647E-3
6.250000E+4	-1.000000E+5	9.968246E-1	8.858658E-3
7.500000E+4	-1.000000E+5	7.858558E-1	4.120767E-2
8.750000E+4	-1.000000E+5	5.808284E-1	5.292310E-3
1.000000E+5	-1.000000E+5	4.174160E-1	5.965762E-3
1.125000E+5	-1.000000E+5	3.066881E-1	5.526195E-3
1.250000E+5	-1.000000E+5	2.285517E-1	6.292869E-3
1.375000E+5	-1.000000E+5	2.116171E-1	6.756551E-3
1.500000E+5	-1.000000E+5	2.078138E-1	7.728117E-3
1.625000E+5	-1.000000E+5	2.143833E-1	4.767506E-3
1.750000E+5	-1.000000E+5	2.439169E-1	6.673380E-3
1.875000E+5	-1.000000E+5	2.527162E-1	5.196167E-3
2.000000E+5	-1.000000E+5	2.459448E-1	5.925786E-3
-2.000000E+5	-8.750000E+4	3.627873E-1	8.266805E-3
-1.875000E+5	-8.750000E+4	3.822026E-1	9.551905E-3
-1.750000E+5	-8.750000E+4	3.928686E-1	6.051503E-3
-1.625000E+5	-8.750000E+4	3.877799E-1	6.000341E-3
-1.500000E+5	-8.750000E+4	3.657503E-1	5.452970E-3
-1.375000E+5	-8.750000E+4	3.473380E-1	4.991992E-3
-1.250000E+5	-8.750000E+4	3.240159E-1	5.560049E-3
-1.125000E+5	-8.750000E+4	3.331670E-1	9.798127E-3
-1.000000E+5	-8.750000E+4	3.867096E-1	6.372970E-3
-8.750000E+4	-8.750000E+4	5.075579E-1	5.675706E-3
-7.500000E+4	-8.750000E+4	6.890797E-1	6.994410E-3
-6.250000E+4	-8.750000E+4	9.117011E-1	6.602045E-3
-5.000000E+4	-8.750000E+4	1.163860E+0	5.968155E-3
-3.750000E+4	-8.750000E+4	1.426153E+0	6.252974E-3
-2.500000E+4	-8.750000E+4	1.642548E+0	7.051222E-2
-1.250000E+4	-8.750000E+4	1.838221E+0	6.134799E-3
0.000000E+0	-8.750000E+4	1.945562E+0	6.416653E-3
1.250000E+4	-8.750000E+4	1.960706E+0	7.117456E-3
2.500000E+4	-8.750000E+4	1.884624E+0	6.063860E-3
3.750000E+4	-8.750000E+4	1.722668E+0	6.344255E-3
5.000000E+4	-8.750000E+4	1.494523E+0	6.371820E-3
6.250000E+4	-8.750000E+4	1.247416E+0	1.002071E-2
7.500000E+4	-8.750000E+4	9.767000E-1	6.035430E-3
8.750000E+4	-8.750000E+4	7.273494E-1	9.272112E-3
1.000000E+5	-8.750000E+4	5.245548E-1	6.925877E-3
1.125000E+5	-8.750000E+4	3.683136E-1	6.114271E-3
1.250000E+5	-8.750000E+4	2.696065E-1	4.477064E-3
1.375000E+5	-8.750000E+4	2.204724E-1	5.301558E-3
1.500000E+5	-8.750000E+4	2.063799E-1	6.768494E-3
1.625000E+5	-8.750000E+4	2.136500E-1	6.158491E-3
1.750000E+5	-8.750000E+4	2.244389E-1	5.454261E-3
1.875000E+5	-8.750000E+4	3.122037E-1	9.812943E-2
2.000000E+5	-8.750000E+4	2.537599E-1	6.933163E-3
-2.000000E+5	-7.500000E+4	3.390905E-1	8.320299E-3
-1.875000E+5	-7.500000E+4	3.464957E-1	7.173487E-3
-1.750000E+5	-7.500000E+4	3.565717E-1	1.047825E-2
-1.625000E+5	-7.500000E+4	3.533634E-1	4.907618E-3
-1.500000E+5	-7.500000E+4	3.386774E-1	7.929642E-3
-1.375000E+5	-7.500000E+4	3.233954E-1	7.970542E-3
-1.250000E+5	-7.500000E+4	3.379157E-1	7.165610E-3
-1.125000E+5	-7.500000E+4	3.844038E-1	5.525856E-3
-1.000000E+5	-7.500000E+4	5.009583E-1	5.446709E-3
-8.750000E+4	-7.500000E+4	6.784830E-1	6.468046E-3
-7.500000E+4	-7.500000E+4	9.014354E-1	9.128438E-3
-6.250000E+4	-7.500000E+4	1.189322E+0	9.114427E-3
-5.000000E+4	-7.500000E+4	1.500653E+0	9.684345E-3
-3.750000E+4	-7.500000E+4	1.794921E+0	8.643644E-3
-2.500000E+4	-7.500000E+4	2.057752E+0	5.247565E-3
-1.250000E+4	-7.500000E+4	2.252501E+0	9.392080E-3
0.000000E+0	-7.500000E+4	2.355957E+0	5.888304E-3
1.250000E+4	-7.500000E+4	2.354738E+0	4.926670E-3
2.500000E+4	-7.500000E+4	2.248399E+0	6.162491E-3
3.750000E+4	-7.500000E+4	2.064396E+0	5.149374E-3
5.000000E+4	-7.500000E+4	1.797214E+0	7.082854E-3
6.250000E+4	-7.500000E+4	1.502037E+0	7.942164E-3
7.500000E+4	-7.500000E+4	1.189314E+0	6.797895E-3
8.750000E+4	-7.500000E+4	9.007715E-1	9.331888E-3
1.000000E+5	-7.500000E+4	6.453577E-1	4.539185E-3
1.125000E+5	-7.500000E+4	4.501788E-1	8.812211E-3
1.250000E+5	-7.500000E+4	3.128655E-1	5.663904E-3
1.375000E+5	-7.500000E+4	2.442524E-1	1.017401E-2
1.500000E+5	-7.500000E+4	2.118516E-1	6.396169E-3
1.625000E+5	-7.500000E+4	2.064223E-1	5.413448E-3
1.750000E+5	-7.500000E+4	3.310725E-2	2.833000E-1
1.875000E+5	-7.500000E+4	2.371037E-1	6.053590E-3
2.000000E+5	-7.500000E+4	2.417575E-1	7.328183E-3
-2.000000E+5	-6.250000E+4	3.001722E-1	7.814825E-3
-1.875000E+5	-6.250000E+4	3.157632E-1	7.869840E-3
-1.750000E+5	-6.250000E+4	3.176106E-1	6.783747E-3
-1.625000E+5	-6.250000E+4	3.048117E-1	5.974189E-3
-1.500000E+5	-6.250000E+4	3.026936E-1	5.938048E-3
-1.375000E+5	-6.250000E+4	3.099943E-1	6.269570E-3
-1.250000E+5	-6.250000E+4	3.579851E-1	5.221015E-3
-1.125000E+5	-6.250000E+4	4.583280E-1	7.279898E-3
-1.000000E+5	-6.250000E+4	6.244015E-1	7.600643E-3
-8.750000E+4	-6.250000E+4	8.672484E-1	5.862983E-3
-7.500000E+4	-6.250000E+4	1.158231E+0	7.877851E-3
-6.250000E+4	-6.250000E+4	1.490485E+0	8.839837E-3
-5.000000E+4	-6.250000E+4	1.851779E+0	9.264011E-3
-3.750000E+4	-6.250000E+4	2.168387E+0	5.666557E-3
-2.500000E+4	-6.250000E+4	2.461901E+0	4.916275E-3
-1.250000E+4	-6.250000E+4	2.651612E+0	5.501303E-3
0.000000E+0	-6.250000E+4	2.729184E+0	7.042738E-3
1.250000E+4	-6.250000E+4	2.724887E+0	5.318767E-3
2.500000E+4	-6.250000E+4	2.608436E+0	5.983338E-3
3.750000E+4	-6.250000E+4	2.380835E+0	5.666339E-3
5.000000E+4	-6.250000E+4	2.080246E+0	6.791659E-3
6.250000E+4	-6.250000E+4	1.753225E+0	5.788681E-3
7.500000E+4	-6.250000E+4	1.400632E+0	6.970131E-3
8.750000E+4	-6.250000E+4	1.070153E+0	6.171358E-3
1.000000E+5	-6.250000E+4	7.792353E-1	7.191782E-3
1.125000E+5	-6.250000E+4	5.397114E-1	5.508827E-3
1.250000E+5	-6.250000E+4	3.792009E-1	5.697238E-3
1.375000E+5	-6.250000E+4	2.697600E-1	6.104291E-3
1.500000E+5	-6.250000E+4	2.194802E-1	6.926233E-3
1.625000E+5	-6.250000E+4	2.241452E-1	2.869637E-2
1.750000E+5	-6.250000E+4	2.042929E-1	7.677395E-3
1.875000E+5	-6.250000E+4	2.229623E-1	5.160233E-3
2.000000E+5	-6.250000E+4	2.312720E-1	1.216547E-2
-2.000000E+5	-5.000000E+4	2.814896E-1	5.807821E-3
-1.875000E+5	-5.000000E+4	2.689441E-1	1.008527E-2
-1.750000E+5	-5.000000E+4	2.672691E-1	8.037813E-3
-1.625000E+5	-5.000000E+4	2.712932E-1	6.336301E-3
-1.500000E+5	-5.000000E+4	2.892283E-1	6.907280E-3
-1.375000E+5	-5.000000E+4	3.213787E-1	5.366252E-3
-1.250000E+5	-5.000000E+4	3.991923E-1	1.057744E-2
-1.125000E+5	-5.000000E+4	5.442393E-1	7.321845E-3
-1.000000E+5	-5.000000E+4	7.697992E-1	5.292203E-3
-8.750000E+4	-5.000000E+4	1.055976E+0	5.409147E-3
-7.500000E+4	-5.000000E+4	1.408369E+0	6.595103E-3
-6.250000E+4	-5.000000E+4	1.801901E+0	7.710989E-3
-5.000000E+4	-5.000000E+4	2.184288E+0	6.645065E-3
-3.750000E+4	-5.000000E+4	2.534743E+0	4.782800E-3
-2.500000E+4	-5.000000E+4	2.815293E+0	5.618360E-3
-1.250000E+4	-5.000000E+4	2.986745E+0	4.789401E-3
0.000000E+0	-5.000000E+4	3.065018E+0	5.914782E-3
1.250000E+4	-5.000000E+4	3.024655E+0	1.242248E-2
2.500000E+4	-5.000000E+4	2.885392E+0	5.482695E-3
3.750000E+4	-5.000000E+4	2.655859E+0	6.952545E-3
5.000000E+4	-5.000000E+4	2.331828E+0	6.174204E-3
6.250000E+4	-5.000000E+4	1.975480E+0	6.555006E-3
7.500000E+4	-5.000000E+4	1.591781E+0	6.946185E-3
8.750000E+4	-5.000000E+4	1.217533E+0	8.675989E-3
1.000000E+5	-5.000000E+4	8.998129E-1	5.092055E-3
1.125000E+5	-5.000000E+4	6.446046E-1	8.637838E-3
1.250000E+5	-5.000000E+4	4.451839E-1	6.951201E-3
1.375000E+5	-5.000000E+4	3.133316E-1	5.675548E-3
1.500000E+5	-5.000000E+4	2.415393E-1	7.800677E-3
1.625000E+5	-5.000000E+4	2.172550E-1	5.549862E-3
1.750000E+5	-5.000000E+4	2.059312E-1	8.540315E-3
1.875000E+5	-5.000000E+4	2.093134E-1	8.193088E-3
2.000000E+5	-5.000000E+4	2.187337E-1	6.675703E-3
-2.000000E+5	-3.750000E+4	2.554426E-1	6.914384E-3
-1.875000E+5	-3.750000E+4	2.458102E-1	6.701619E-3
-1.750000E+5	-3.750000E+4	2.407087E-1	9.907549E-3
-1.625000E+5	-3.750000E+4	2.460962E-1	8.057374E-3
-1.500000E+5	-3.750000E+4	2.724364E-1	4.383046E-3
-1.375000E+5	-3.750000E+4	3.367918E-1	5.535735E-3
-1.250000E+5	-3.750000E+4	4.504562E-1	6.532388E-3
-1.125000E+5	-3.750000E+4	6.385959E-1	5.553755E-3
-1.000000E+5	-3.750000E+4	9.028049E-1	6.307585E-3
-8.750000E+4	-3.750000E+4	1.242702E+0	6.612367E-3
-7.500000E+4	-3.750000E+4	1.624921E+0	6.398587E-3
-6.250000E+4	-3.750000E+4	2.071300E+0	4.048050E-3
-5.000000E+4	-3.750000E+4	2.465942E+0	7.403233E-3
-3.750000E+4	-3.750000E+4	2.819792E+0	6.765684E-3
-2.500000E+4	-3.750000E+4	3.082051E+0	5.015875E-3
-1.250000E+4	-3.750000E+4	3.242531E+0	5.622928E-3
0.000000E+0	-3.750000E+4	3.295522E+0	8.843482E-3
1.250000E+4	-3.750000E+4	3.233916E+0	5.268562E-3
2.500000E+4	-3.750000E+4	3.079632E+0	5.861233E-3
3.750000E+4	-3.750000E+4	2.825507E+0	4.538793E-3
5.000000E+4	-3.750000E+4	2.494579E+0	7.177377E-3
6.250000E+4	-3.750000E+4	2.110121E+0	7.336420E-3
7.500000E+4	-3.750000E+4	1.733025E+0	5.746713E-3
8.750000E+4	-3.750000E+4	1.356626E+0	5.299290E-3
1.000000E+5	-3.750000E+4	1.012110E+0	5.736474E-3
1.125000E+5	-3.750000E+4	7.411390E-1	5.506627E-3
1.250000E+5	-3.750000E+4	5.162975E-1	7.765646E-3
1.375000E+5	-3.750000E+4	3.752431E-1	7.132247E-3
1.500000E+5	-3.750000E+4	2.782344E-1	6.208824E-3
1.625000E+5	-3.750000E+4	2.200064E-1	6.646366E-3
1.750000E+5	-3.750000E+4	2.014860E-1	6.937939E-3
1.875000E+5	-3.750000E+4	1.957639E-1	6.532817E-3
2.000000E+5	-3.750000E+4	2.042073E-1	6.905666E-3
-2.000000E+5	-2.500000E+4	2.128561E-1	5.976762E-3
-1.875000E+5	-2.500000E+4	2.118725E-1	7.598997E-3
-1.750000E+5	-2.500000E+4	2.200666E-1	5.262771E-3
-1.625000E+5	-2.500000E+4	2.325962E-1	5.883352E-3
-1.500000E+5	-2.500000E+4	2.794995E-1	4.652129E-3
-1.375000E+5	-2.500000E+4	3.615825E-1	5.965762E-3
-1.250000E+5	-2.500000E+4	5.074141E-1	5.390823E-3
-1.125000E+5	-2.500000E+4	7.300819E-1	5.320645E-3
-1.000000E+5	-2.500000E+4	1.027630E+0	6.143624E-3
-8.750000E+4	-2.500000E+4	1.388855E+0	6.431659E-3
-7.500000E+4	-2.500000E+4	1.814160E+0	5.944414E-3
-6.250000E+4	-2.500000E+4	2.244279E+0	8.434839E-3
-5.000000E+4	-2.500000E+4	2.654730E+0	6.079824E-3
-3.750000E+4	-2.500000E+4	3.007689E+0	4.924966E-3
-2.500000E+4	-2.500000E+4	3.242905E+0	7.231251E-3
-1.250000E+4	-2.500000E+4	3.381682E+0	5.321268E-3
0.000000E+0	-2.500000E+4	3.398409E+0	6.935489E-3
1.250000E+4	-2.500000E+4	3.320491E+0	6.590664E-3
2.500000E+4	-2.500000E+4	3.165904E+0	7.866701E-3
3.750000E+4	-2.500000E+4	2.892614E+0	9.252708E-3
5.000000E+4	-2.500000E+4	2.570771E+0	7.117516E-3
6.250000E+4	-2.500000E+4	2.200701E+0	1.006372E-2
7.500000E+4	-2.500000E+4	1.803488E+0	6.982823E-3
8.750000E+4	-2.500000E+4	1.443931E+0	4.741537E-3
1.000000E+5	-2.500000E+4	1.103718E+0	7.071225E-3
1.125000E+5	-2.500000E+4	8.189327E-1	7.877892E-3
1.250000E+5	-2.500000E+4	5.851502E-1	6.948731E-3
1.375000E+5	-2.500000E+4	4.299018E-1	7.231113E-3
1.500000E+5	-2.500000E+4	3.197455E-1	6.534889E-3
1.625000E+5	-2.500000E+4	2.435564E-1	8.663754E-3
1.750000E+5	-2.500000E+4	2.096509E-1	6.190483E-3
1.875000E+5	-2.500000E+4	1.924063E-1	7.654068E-3
2.000000E+5	-2.500000E+4	1.867842E-1	6.062799E-3
-2.000000E+5	-1.250000E+4	1.885897E-1	5.731460E-3
-1.875000E+5	-1.250000E+4	1.923517E-1	5.552583E-3
-1.750000E+5	-1.250000E+4	1.996340E-1	7.378657E-3
-1.625000E+5	-1.250000E+4	2.324784E-1	5.929050E-3
-1.500000E+5	-1.250000E+4	2.892604E-1	8.641505E-3
-1.375000E+5	-1.250000E+4	4.016511E-1	7.929856E-3
-1.250000E+5	-1.250000E+4	5.709399E-1	9.277271E-3
-1.125000E+5	-1.250000E+4	7.937439E-1	4.764776E-3
-1.000000E+5	-1.250000E+4	1.098957E+0	8.878804E-3
-8.750000E+4	-1.250000E+4	1.489266E+0	8.067927E-3
-7.500000E+4	-1.250000E+4	1.899377E+0	6.330297E-3
-6.250000E+4	-1.250000E+4	2.330618E+0	5.533495E-3
-5.000000E+4	-1.250000E+4	2.730379E+0	6.263555E-3
-3.750000E+4	-1.250000E+4	3.050417E+0	4.669528E-3
-2.500000E+4	-1.250000E+4	3.255310E+0	6.189049E-3
-1.250000E+4	-1.250000E+4	3.370760E+0	6.018469E-3
0.000000E+0	-1.250000E+4	3.383864E+0	9.578000E-3
1.250000E+4	-1.250000E+4	3.283060E+0	7.275084E-3
2.500000E+4	-1.250000E+4	3.112905E+0	7.695121E-3
3.750000E+4	-1.250000E+4	2.844246E+0	5.573587E-3
5.000000E+4	-1.250000E+4	2.541870E+0	9.743454E-3
6.250000E+4	-1.250000E+4	2.188018E+0	6.077413E-3
7.500000E+4	-1.250000E+4	1.816937E+0	6.329376E-3
8.750000E+4	-1.250000E+4	1.472697E+0	7.337080E-3
1.000000E+5	-1.250000E+4	1.151564E+0	6.970913E-3
1.125000E+5	-1.250000E+4	8.816555E-1	7.320053E-3
1.250000E+5	-1.250000E+4	6.631612E-1	8.402411E-3
1.375000E+5	-1.250000E+4	4.958986E-1	6.282466E-3
1.500000E+5	-1.250000E+4	3.731397E-1	4.837461E-3
1.625000E+5	-1.250000E+4	2.863744E-1	6.320137E-3
1.750000E+5	-1.250000E+4	2.327711E-1	8.300899E-3
1.875000E+5	-1.250000E+4	1.917454E-1	8.130416E-3
2.000000E+5	-1.250000E+4	1.778283E-1	6.840488E-3
-2.000000E+5	0.000000E+0	1.783168E-1	5.695578E-3
-1.875000E+5	0.000000E+0	1.678043E-1	5.549975E-3
-1.750000E+5	0.000000E+0	1.979213E-1	6.487682E-3
-1.625000E+5	0.000000E+0	2.284508E-1	7.197645E-3
-1.500000E+5	0.000000E+0	3.063480E-1	6.837901E-3
-1.375000E+5	0.000000E+0	4.309078E-1	5.717842E-3
-1.250000E+5	0.000000E+0	6.038874E-1	6.724178E-3
-1.125000E+5	0.000000E+0	8.380732E-1	7.228110E-3
-1.000000E+5	0.000000E+0	1.137616E+0	5.673818E-3
-8.750000E+4	0.000000E+0	1.514862E+0	8.470234E-3
-7.500000E+4	0.000000E+0	1.906533E+0	8.416296E-3
-6.250000E+4	0.000000E+0	2.314929E+0	9.448934E-3
-5.000000E+4	0.000000E+0	2.673700E+0	6.843182E-3
-3.750000E+4	0.000000E+0	2.953065E+0	8.317381E-3
-2.500000E+4	0.000000E+0	3.148104E+0	5.970539E-3
-1.250000E+4	0.000000E+0	3.242933E+0	5.689604E-3
0.000000E+0	0.000000E+0	3.217635E+0	7.200806E-3
1.250000E+4	0.000000E+0	3.091952E+0	4.832410E-3
2.500000E+4	0.000000E+0	2.923670E+0	6.809656E-3
3.750000E+4	0.000000E+0	2.674113E+0	5.731696E-3
5.000000E+4	0.000000E+0	2.398845E+0	8.471234E-3
6.250000E+4	0.000000E+0	2.080607E+0	6.610505E-3
7.500000E+4	0.000000E+0	1.754789E+0	5.823312E-3
8.750000E+4	0.000000E+0	1.454903E+0	7.851563E-3
1.000000E+5	0.000000E+0	1.168456E+0	9.092506E-3
1.125000E+5	0.000000E+0	9.247784E-1	7.453538E-3
1.250000E+5	0.000000E+0	7.241896E-1	6.281612E-3
1.375000E+5	0.000000E+0	5.486912E-1	7.990176E-3
1.500000E+5	0.000000E+0	4.290187E-1	6.850724E-3
1.625000E+5	0.000000E+0	3.365165E-1	6.350319E-3
1.750000E+5	0.000000E+0	2.604279E-1	7.486516E-3
1.875000E+5	0.000000E+0	2.179775E-1	6.979320E-3
2.000000E+5	0.000000E+0	1.789236E-1	5.474956E-3
-2.000000E+5	1.250000E+4	1.717035E-1	1.034862E-2
-1.875000E+5	1.250000E+4	1.667345E-1	5.481184E-3
-1.750000E+5	1.250000E+4	2.013136E-1	6.323447E-3
-1.625000E+5	1.250000E+4	2.415734E-1	7.121153E-3
-1.500000E+5	1.250000E+4	3.258199E-1	5.456320E-3
-1.375000E+5	1.250000E+4	4.538486E-1	6.627690E-3
-1.250000E+5	1.250000E+4	6.282848E-1	1.124357E-2
-1.125000E+5	1.250000E+4	8.529917E-1	7.224990E-3
-1.000000E+5	1.250000E+4	1.128307E+0	4.999297E-3
-8.750000E+4	1.250000E+4	1.469012E+0	5.658310E-3
-7.500000E+4	1.250000E+4	1.831866E+0	5.772534E-3
-6.250000E+4	1.250000E+4	2.193938E+0	8.038931E-3
-5.000000E+4	1.250000E+4	2.499058E+0	6.118925E-3
-3.750000E+4	1.250000E+4	2.764120E+0	5.489433E-3
-2.500000E+4	1.250000E+4	2.906982E+0	5.656211E-3
-1.250000E+4	1.250000E+4	2.962260E+0	6.794789E-3
0.000000E+0	1.250000E+4	2.920640E+0	6.645306E-3
1.250000E+4	1.250000E+4	2.803452E+0	6.772372E-3
2.500000E+4	1.250000E+4	2.634152E+0	6.776913E-3
3.750000E+4	1.250000E+4	2.403997E+0	9.666396E-3
5.000000E+4	1.250000E+4	2.159865E+0	9.930489E-3
6.250000E+4	1.250000E+4	1.905098E+0	5.173859E-3
7.500000E+4	1.250000E+4	1.630586E+0	9.172653E-3
8.750000E+4	1.250000E+4	1.379580E+0	4.917491E-3
1.000000E+5	1.250000E+4	1.151066E+0	5.918231E-3
1.125000E+5	1.250000E+4	9.388474E-1	6.393453E-3
1.250000E+5	1.250000E+4	7.646064E-1	7.457883E-3
1.375000E+5	1.250000E+4	6.024913E-1	5.352565E-3
1.500000E+5	1.250000E+4	4.879641E-1	6.726467E-3
1.625000E+5	1.250000E+4	3.821634E-1	5.809195E-3
1.750000E+5	1.250000E+4	2.932702E-1	6.398458E-3
1.875000E+5	1.250000E+4	2.326503E-1	7.790299E-3
2.000000E+5	1.250000E+4	2.050889E-1	8.500993E-3
-2.000000E+5	2.500000E+4	1.619313E-1	8.312497E-3
-1.875000E+5	2.500000E+4	1.742907E-1	6.682728E-3
-1.750000E+5	2.500000E+4	2.088907E-1	6.385170E-3
-1.625000E+5	2.500000E+4	2.598736E-1	4.894594E-3
-1.500000E+5	2.500000E+4	3.346804E-1	6.698328E-3
-1.375000E+5	2.500000E+4	4.614771E-1	6.362333E-3
-1.250000E+5	2.500000E+4	6.171089E-1	6.291859E-3
-1.125000E+5	2.500000E+4	8.232225E-1	7.564658E-3
-1.000000E+5	2.500000E+4	1.067916E+0	6.965636E-3
-8.750000E+4	2.500000E+4	1.349440E+0	8.337507E-3
-7.500000E+4	2.500000E+4	1.667282E+0	5.005875E-3
-6.250000E+4	2.500000E+4	1.964795E+0	9.224637E-3
-5.000000E+4	2.500000E+4	2.220414E+0	5.381476E-3
-3.750000E+4	2.500000E+4	2.438733E+0	5.008086E-3
-2.500000E+4	2.500000E+4	2.543731E+0	7.016166E-3
-1.250000E+4	2.500000E+4	2.573850E+0	6.599460E-3
0.000000E+0	2.500000E+4	2.534754E+0	7.549372E-3
1.250000E+4	2.500000E+4	2.401780E+0	5.667415E-3
2.500000E+4	2.500000E+4	2.246912E+0	7.881872E-3
3.750000E+4	2.500000E+4	2.057695E+0	5.907963E-3
5.000000E+4	2.500000E+4	1.855933E+0	5.390502E-3
6.250000E+4	2.500000E+4	1.666596E+0	5.301084E-3
7.500000E+4	2.500000E+4	1.462718E+0	5.521016E-3
8.750000E+4	2.500000E+4	1.282794E+0	6.736737E-3
1.000000E+5	2.500000E+4	1.103909E+0	7.789089E-3
1.125000E+5	2.500000E+4	9.383283E-1	1.356728E-2
1.250000E+5	2.500000E+4	7.897922E-1	4.849758E-3
1.375000E+5	2.500000E+4	6.568675E-1	7.855306E-3
1.500000E+5	2.500000E+4	1.036508E-1	5.191365E-1
1.625000E+5	2.500000E+4	4.311210E-1	9.748693E-3
1.750000E+5	2.500000E+4	3.466757E-1	5.293121E-3
1.875000E+5	2.500000E+4	2.883018E-1	6.137684E-3
2.000000E+5	2.500000E+4	2.339291E-1	5.586804E-3
-2.000000E+5	3.750000E+4	1.557468E-1	7.080438E-3
-1.875000E+5	3.750000E+4	1.767499E-1	6.355322E-3
-1.750000E+5	3.750000E+4	2.169695E-1	9.129193E-3
-1.625000E+5	3.750000E+4	2.689722E-1	6.897700E-3
-1.500000E+5	3.750000E+4	3.516589E-1	5.600859E-3
-1.375000E+5	3.750000E+4	4.518528E-1	1.011112E-2
-1.250000E+5	3.750000E+4	5.897352E-1	5.863729E-3
-1.125000E+5	3.750000E+4	7.569697E-1	8.249128E-3
-1.000000E+5	3.750000E+4	9.595548E-1	7.195470E-3
-8.750000E+4	3.750000E+4	1.188824E+0	6.903127E-3
-7.500000E+4	3.750000E+4	1.433505E+0	6.970482E-3
-6.250000E+4	3.750000E+4	1.674681E+0	1.156579E-2
-5.000000E+4	3.750000E+4	1.883508E+0	5.089100E-3
-3.750000E+4	3.750000E+4	2.046576E+0	7.550653E-3
-2.500000E+4	3.750000E+4	2.113783E+0	6.538986E-3
-1.250000E+4	3.750000E+4	2.134507E+0	4.689345E-3
0.000000E+0	3.750000E+4	2.076897E+0	7.319633E-3
1.250000E+4	3.750000E+4	1.957630E+0	6.709233E-3
2.500000E+4	3.750000E+4	1.829944E+0	5.535220E-3
3.750000E+4	3.750000E+4	1.692945E+0	5.843981E-3
5.000000E+4	3.750000E+4	1.550601E+0	5.741459E-3
6.250000E+4	3.750000E+4	1.415005E+0	6.120815E-3
7.500000E+4	3.750000E+4	1.278658E+0	5.458830E-3
8.750000E+4	3.750000E+4	1.154095E+0	9.222615E-3
1.000000E+5	3.750000E+4	1.037276E+0	6.293143E-3
1.125000E+5	3.750000E+4	9.176429E-1	8.917524E-3
1.250000E+5	3.750000E+4	8.010125E-1	8.008242E-3
1.375000E+5	3.750000E+4	6.880930E-1	6.269967E-3
1.500000E+5	3.750000E+4	5.800181E-1	7.589937E-3
1.625000E+5	3.750000E+4	4.889263E-1	8.397814E-3
1.750000E+5	3.750000E+4	3.891658E-1	6.174481E-3
1.875000E+5	3.750000E+4	3.343438E-1	5.053874E-3
2.000000E+5	3.750000E+4	2.729998E-1	5.031896E-3
-2.000000E+5	5.000000E+4	1.656964E-1	9.411103E-3
-1.875000E+5	5.000000E+4	1.927938E-1	4.932808E-3
-1.750000E+5	5.000000E+4	2.219195E-1	7.568970E-3
-1.625000E+5	5.000000E+4	2.724231E-1	5.988025E-3
-1.500000E+5	5.000000E+4	3.411458E-1	4.858993E-3
-1.375000E+5	5.000000E+4	4.303245E-1	5.392161E-3
-1.250000E+5	5.000000E+4	5.432878E-1	7.510669E-3
-1.125000E+5	5.000000E+4	6.596628E-1	6.306041E-3
-1.000000E+5	5.000000E+4	8.120660E-1	9.184168E-3
-8.750000E+4	5.000000E+4	9.955804E-1	8.169579E-3
-7.500000E+4	5.000000E+4	1.174461E+0	7.129105E-3
-6.250000E+4	5.000000E+4	1.348479E+0	1.108490E-2
-5.000000E+4	5.000000E+4	1.495285E+0	5.437060E-3
-3.750000E+4	5.000000E+4	1.609539E+0	7.779765E-3
-2.500000E+4	5.000000E+4	1.667746E+0	4.667290E-3
-1.250000E+4	5.000000E+4	1.661835E+0	7.093211E-3
0.000000E+0	5.000000E+4	1.615789E+0	6.459431E-3
1.250000E+4	5.000000E+4	1.538251E+0	8.043335E-3
2.500000E+4	5.000000E+4	1.432060E+0	7.962285E-3
3.750000E+4	5.000000E+4	1.342883E+0	6.115828E-3
5.000000E+4	5.000000E+4	1.245926E+0	6.802741E-3
6.250000E+4	5.000000E+4	1.170903E+0	6.635205E-3
7.500000E+4	5.000000E+4	1.100611E+0	8.118926E-3
8.750000E+4	5.000000E+4	1.017076E+0	5.266291E-3
1.000000E+5	5.000000E+4	9.623913E-1	9.375263E-3
1.125000E+5	5.000000E+4	8.732667E-1	7.176295E-3
1.250000E+5	5.000000E+4	7.963163E-1	7.818430E-3
1.375000E+5	5.000000E+4	7.173774E-1	6.938720E-3
1.500000E+5	5.000000E+4	6.217276E-1	5.391859E-3
1.625000E+5	5.000000E+4	5.277844E-1	9.299113E-3
1.750000E+5	5.000000E+4	4.516922E-1	1.087663E-2
1.875000E+5	5.000000E+4	3.820665E-1	4.705901E-3
2.000000E+5	5.000000E+4	3.115418E-1	6.313718E-3
-2.000000E+5	6.250000E+4	1.649514E-1	6.955895E-3
-1.875000E+5	6.250000E+4	1.983129E-1	1.090328E-2
-1.750000E+5	6.250000E+4	2.277639E-1	7.397511E-3
-1.625000E+5	6.250000E+4	2.685734E-1	6.709780E-3
-1.500000E+5	6.250000E+4	3.395101E-1	5.886672E-3
-1.375000E+5	6.250000E+4	3.945181E-1	6.587198E-3
-1.250000E+5	6.250000E+4	4.704151E-1	5.938629E-3
-1.125000E+5	6.250000E+4	3.754934E-1	2.637232E-1
-1.000000E+5	6.250000E+4	6.891577E-1	7.265267E-3
-8.750000E+4	6.250000E+4	7.948325E-1	6.806423E-3
-7.500000E+4	6.250000E+4	9.191532E-1	6.540288E-3
-6.250000E+4	6.250000E+4	1.037312E+0	5.617267E-3
-5.000000E+4	6.250000E+4	1.147183E+0	6.477080E-3
-3.750000E+4	6.250000E+4	1.207330E+0	4.975310E-3
-2.500000E+4	6.250000E+4	1.245194E+0	6.624487E-3
-1.250000E+4	6.250000E+4	1.227865E+0	6.473712E-3
0.000000E+0	6.250000E+4	1.201045E+0	5.870080E-3
1.250000E+4	6.250000E+4	1.147560E+0	5.600082E-3
2.500000E+4	6.250000E+4	1.076471E+0	1.097187E-2
3.750000E+4	6.250000E+4	1.037845E+0	6.331503E-3
5.000000E+4	6.250000E+4	9.883180E-1	1.014937E-2
6.250000E+4	6.250000E+4	9.584029E-1	6.443614E-3
7.500000E+4	6.250000E+4	9.380535E-1	6.679822E-3
8.750000E+4	6.250000E+4	8.960141E-1	7.051458E-3
1.000000E+5	6.250000E+4	8.763373E-1	5.880911E-3
1.125000E+5	6.250000E+4	8.319397E-1	7.037162E-3
1.250000E+5	6.250000E+4	7.767277E-1	5.670950E-3
1.375000E+5	6.250000E+4	7.126996E-1	8.686647E-3
1.500000E+5	6.250000E+4	6.397718E-1	6.192815E-3
1.625000E+5	6.250000E+4	5.644847E-1	6.512779E-3
1.750000E+5	6.250000E+4	4.903097E-1	5.038534E-3
1.875000E+5	6.250000E+4	4.146320E-1	6.255685E-3
2.000000E+5	6.250000E+4	3.559088E-1	4.959237E-3
-2.000000E+5	7.500000E+4	1.720533E-1	6.132321E-3
-1.875000E+5	7.500000E+4	2.005320E-1	6.932580E-3
-1.750000E+5	7.500000E+4	2.307269E-1	5.894168E-3
-1.625000E+5	7.500000E+4	2.666690E-1	4.806302E-3
-1.500000E+5	7.500000E+4	3.085533E-1	6.165544E-3
-1.375000E+5	7.500000E+4	3.481176E-1	6.981166E-3
-1.250000E+5	7.500000E+4	4.031823E-1	6.023631E-3
-1.125000E+5	7.500000E+4	4.729921E-1	5.470967E-3
-1.000000E+5	7.500000E+4	5.399990E-1	4.912690E-3
-8.750000E+4	7.500000E+4	6.116062E-1	1.069518E-2
-7.500000E+4	7.500000E+4	6.969861E-1	7.690670E-3
-6.250000E+4	7.500000E+4	7.685398E-1	7.850132E-3
-5.000000E+4	7.500000E+4	8.243172E-1	7.188970E-3
-3.750000E+4	7.500000E+4	8.571672E-1	6.278054E-3
-2.500000E+4	7.500000E+4	8.697826E-1	7.380545E-3
-1.250000E+4	7.500000E+4	8.686822E-1	9.106718E-3
0.000000E+0	7.500000E+4	8.572366E-1	6.103180E-3
1.250000E+4	7.500000E+4	8.323598E-1	5.323733E-3
2.500000E+4	7.500000E+4	8.016106E-1	1.222445E-2
3.750000E+4	7.500000E+4	7.895148E-1	5.450176E-3
5.000000E+4	7.500000E+4	7.917247E-1	7.954806E-3
6.250000E+4	7.500000E+4	7.800624E-1	5.449510E-3
7.500000E+4	7.500000E+4	7.976905E-1	7.925058E-3
8.750000E+4	7.500000E+4	8.021199E-1	8.155686E-3
1.000000E+5	7.500000E+4	7.915748E-1	5.962297E-3
1.125000E+5	7.500000E+4	7.774894E-1	6.038969E-3
1.250000E+5	7.500000E+4	7.388057E-1	8.568828E-3
1.375000E+5	7.500000E+4	6.972013E-1	6.448119E-3
1.500000E+5	7.500000E+4	6.413473E-1	6.143225E-3
1.625000E+5	7.500000E+4	5.866712E-1	7.475437E-3
1.750000E+5	7.500000E+4	5.047744E-1	6.737903E-3
1.875000E+5	7.500000E+4	4.579853E-1	6.039440E-3
2.000000E+5	7.500000E+4	3.838608E-1	5.635627E-3
-2.000000E+5	8.750000E+4	1.798098E-1	6.009447E-3
-1.875000E+5	8.750000E+4	1.935902E-1	6.984501E-3
-1.750000E+5	8.750000E+4	2.240713E-1	5.226501E-3
-1.625000E+5	8.750000E+4	2.484412E-1	7.564703E-3
-1.500000E+5	8.750000E+4	2.840340E-1	5.055874E-3
-1.375000E+5	8.750000E+4	3.144905E-1	7.676060E-3
-1.250000E+5	8.750000E+4	3.477714E-1	5.297827E-3
-1.125000E+5	8.750000E+4	3.851136E-1	5.220406E-3
-1.000000E+5	8.750000E+4	4.239886E-1	7.352078E-3
-8.750000E+4	8.750000E+4	4.601922E-1	8.740561E-3
-7.500000E+4	8.750000E+4	5.123326E-1	4.699497E-3
-6.250000E+4	8.750000E+4	5.513758E-1	5.231691E-3
-5.000000E+4	8.750000E+4	5.667991E-1	4.837700E-3
-3.750000E+4	8.750000E+4	5.905261E-1	7.284976E-3
-2.500000E+4	8.750000E+4	5.880214E-1	6.495546E-3
-1.250000E+4	8.750000E+4	5.958285E-1	5.785228E-3
0.000000E+0	8.750000E+4	5.897046E-1	6.480736E-3
1.250000E+4	8.750000E+4	5.824621E-1	7.160869E-3
2.500000E+4	8.750000E+4	5.966356E-1	5.057979E-3
3.750000E+4	8.750000E+4	6.090327E-1	5.251745E-3
5.000000E+4	8.750000E+4	6.348951E-1	8.157768E-3
6.250000E+4	8.750000E+4	6.554220E-1	7.002332E-3
7.500000E+4	8.750000E+4	6.795237E-1	9.721963E-3
8.750000E+4	8.750000E+4	7.010913E-1	8.019588E-3
1.000000E+5	8.750000E+4	7.127653E-1	5.596625E-3
1.125000E+5	8.750000E+4	7.098105E-1	8.578136E-3
1.250000E+5	8.750000E+4	6.914792E-1	7.563640E-3
1.375000E+5	8.750000E+4	6.536827E-1	8.361062E-3
1.500000E+5	8.750000E+4	6.280610E-1	7.910509E-3
1.625000E+5	8.750000E+4	5.753745E-1	5.039128E-3
1.750000E+5	8.750000E+4	5.222974E-1	9.979037E-3
1.875000E+5	8.750000E+4	4.549744E-1	5.446941E-3
2.000000E+5	8.750000E+4	3.963058E-1	5.852554E-3
-2.000000E+5	1.000000E+5	1.815909E-1	7.696433E-3
-1.875000E+5	1.000000E+5	1.945534E-1	7.870918E-3
-1.750000E+5	1.000000E+5	2.183941E-1	5.472672E-3
-1.625000E+5	1.000000E+5	2.433407E-1	6.633966E-3
-1.500000E+5	1.000000E+5	2.663212E-1	5.704289E-3
-1.375000E+5	1.000000E+5	2.752021E-1	6.746074E-3
-1.250000E+5	1.000000E+5	2.908967E-1	7.857719E-3
-1.125000E+5	1.000000E+5	3.089342E-1	5.020251E-3
-1.000000E+5	1.000000E+5	3.230257E-1	6.720026E-3
-8.750000E+4	1.000000E+5	3.524946E-1	9.056648E-3
-7.500000E+4	1.000000E+5	3.713000E-1	6.641003E-3
-6.250000E+4	1.000000E+5	3.841759E-1	5.512887E-3
-5.000000E+4	1.000000E+5	3.919957E-1	7.404537E-3
-3.750000E+4	1.000000E+5	3.983357E-1	5.105833E-3
-2.500000E+4	1.000000E+5	4.001066E-1	5.868211E-3
-1.250000E+4	1.000000E+5	4.051581E-1	6.514217E-3
0.000000E+0	1.000000E+5	4.163427E-1	6.653619E-3
1.250000E+4	1.000000E+5	4.300232E-1	6.615498E-3
2.500000E+4	1.000000E+5	4.541096E-1	6.560336E-3
3.750000E+4	1.000000E+5	4.837718E-1	6.826390E-3
5.000000E+4	1.000000E+5	5.176344E-1	5.262024E-3
6.250000E+4	1.000000E+5	5.553723E-1	5.709146E-3
7.500000E+4	1.000000E+5	5.915826E-1	6.009168E-3
8.750000E+4	1.000000E+5	6.221013E-1	8.584615E-3
1.000000E+5	1.000000E+5	6.365742E-1	8.398211E-3
1.125000E+5	1.000000E+5	6.371779E-1	5.439788E-3
1.250000E+5	1.000000E+5	6.247783E-1	6.328159E-3
1.375000E+5	1.000000E+5	6.108306E-1	6.357587E-3
1.500000E+5	1.000000E+5	5.856464E-1	8.195948E-3
1.625000E+5	1.000000E+5	5.502683E-1	5.367783E-3
1.750000E+5	1.000000E+5	5.107840E-1	6.052219E-3
1.875000E+5	1.000000E+5	4.591005E-1	7.027113E-3
2.000000E+5	1.000000E+5	3.999827E-1	8.746907E-3
-2.000000E+5	1.125000E+5	1.794452E-1	6.217542E-3
-1.875000E+5	1.125000E+5	2.039121E-1	6.429095E-3
-1.750000E+5	1.125000E+5	2.183074E-1	8.664211E-3
-1.625000E+5	1.125000E+5	2.328787E-1	7.839455E-3
-1.500000E+5	1.125000E+5	2.473307E-1	8.347121E-3
-1.375000E+5	1.125000E+5	2.504523E-1	5.531066E-3
-1.250000E+5	1.125000E+5	2.614130E-1	4.711043E-3
-1.125000E+5	1.125000E+5	2.583587E-1	1.167572E-2
-1.000000E+5	1.125000E+5	2.623476E-1	8.252201E-3
-8.750000E+4	1.125000E+5	2.639670E-1	6.426843E-3
-7.500000E+4	1.125000E+5	2.808293E-1	1.112311E-2
-6.250000E+4	1.125000E+5	2.838193E-1	9.343278E-3
-5.000000E+4	1.125000E+5	2.791303E-1	9.835698E-3
-3.750000E+4	1.125000E+5	2.877164E-1	6.747943E-3
-2.500000E+4	1.125000E+5	2.973020E-1	5.681035E-3
-1.250000E+4	1.125000E+5	3.039836E-1	7.010926E-3
0.000000E+0	1.125000E+5	3.278014E-1	1.041081E-2
1.250000E+4	1.125000E+5	3.539860E-1	6.282447E-3
2.500000E+4	1.125000E+5	3.766091E-1	7.704845E-3
3.750000E+4	1.125000E+5	4.132711E-1	9.166394E-3
5.000000E+4	1.125000E+5	4.522954E-1	7.974115E-3
6.250000E+4	1.125000E+5	4.859526E-1	6.824938E-3
7.500000E+4	1.125000E+5	5.184345E-1	9.279532E-3
8.750000E+4	1.125000E+5	5.503901E-1	5.308448E-3
1.000000E+5	1.125000E+5	5.624558E-1	5.239571E-3
1.125000E+5	1.125000E+5	5.570076E-1	8.234719E-3
1.250000E+5	1.125000E+5	5.532267E-1	6.571238E-3
1.375000E+5	1.125000E+5	5.415577E-1	7.282768E-3
1.500000E+5	1.125000E+5	5.302727E-1	7.693350E-3
1.625000E+5	1.125000E+5	5.058079E-1	1.061440E-2
1.750000E+5	1.125000E+5	4.807557E-1	6.231681E-3
1.875000E+5	1.125000E+5	4.116450E-1	6.592477E-3
2.000000E+5	1.125000E+5	3.660553E-1	9.542146E-3
-2.000000E+5	1.250000E+5	1.858403E-1	7.840450E-3
-1.875000E+5	1.250000E+5	1.944565E-1	7.522428E-3
-1.750000E+5	1.250000E+5	2.108446E-1	6.003822E-3
-1.625000E+5	1.250000E+5	2.190350E-1	6.603776E-3
-1.500000E+5	1.250000E+5	2.352558E-1	7.891073E-3
-1.375000E+5	1.250000E+5	2.268410E-1	5.919364E-3
-1.250000E+5	1.250000E+5	2.277007E-1	5.391882E-3
-1.125000E+5	1.250000E+5	2.282519E-1	7.129086E-3
-1.000000E+5	1.250000E+5	2.145439E-1	5.704303E-3
-8.750000E+4	1.250000E+5	2.212057E-1	6.882181E-3
-7.500000E+4	1.250000E+5	2.154755E-1	6.240052E-3
-6.250000E+4	1.250000E+5	2.125991E-1	9.301359E-3
-5.000000E+4	1.250000E+5	2.208768E-1	6.730877E-3
-3.750000E+4	1.250000E+5	2.183803E-1	5.489922E-3
-2.500000E+4	1.250000E+5	2.325595E-1	4.907255E-3
-1.250000E+4	1.250000E+5	2.517647E-1	7.767084E-3
0.000000E+0	1.250000E+5	2.759343E-1	6.744535E-3
1.250000E+4	1.250000E+5	3.070787E-1	6.045903E-3
2.500000E+4	1.250000E+5	3.227381E-1	4.476958E-3
3.750000E+4	1.250000E+5	3.605035E-1	8.340386E-3
5.000000E+4	1.250000E+5	3.901988E-1	5.757045E-3
6.250000E+4	1.250000E+5	4.139365E-1	5.603767E-3
7.500000E+4	1.250000E+5	4.468987E-1	4.981884E-3
8.750000E+4	1.250000E+5	4.630853E-1	7.215075E-3
1.000000E+5	1.250000E+5	4.750204E-1	7.836408E-3
1.125000E+5	1.250000E+5	4.804840E-1	8.160648E-3
1.250000E+5	1.250000E+5	4.750837E-1	7.933364E-3
1.375000E+5	1.250000E+5	4.738395E-1	6.218181E-3
1.500000E+5	1.250000E+5	4.662982E-1	1.034081E-2
1.625000E+5	1.250000E+5	4.380255E-1	5.693885E-3
1.750000E+5	1.250000E+5	4.102224E-1	5.301894E-3
1.875000E+5	1.250000E+5	3.784258E-1	6.114804E-3
2.000000E+5	1.250000E+5	3.407425E-1	9.953334E-3
-2.000000E+5	1.375000E+5	1.765174E-1	4.784093E-3
-1.875000E+5	1.375000E+5	1.995698E-1	1.187053E-2
-1.750000E+5	1.375000E+5	2.172106E-1	5.655054E-3
-1.625000E+5	1.375000E+5	2.257075E-1	8.239758E-3
-1.500000E+5	1.375000E+5	2.281693E-1	5.472545E-3
-1.375000E+5	1.375000E+5	2.196852E-1	8.893310E-3
-1.250000E+5	1.375000E+5	2.081207E-1	7.946985E-3
-1.125000E+5	1.375000E+5	2.031370E-1	5.327915E-3
-1.000000E+5	1.375000E+5	1.862095E-1	9.434785E-3
-8.750000E+4	1.375000E+5	1.845085E-1	6.162167E-3
-7.500000E+4	1.375000E+5	1.744177E-1	5.833061E-3
-6.250000E+4	1.375000E+5	1.861687E-1	6.723082E-3
-5.000000E+4	1.375000E+5	1.917317E-1	6.488664E-3
-3.750000E+4	1.375000E+5	2.080264E-1	6.411945E-3
-2.500000E+4	1.375000E+5	2.122585E-1	4.934813E-3
-1.250000E+4	1.375000E+5	2.346623E-1	5.952891E-3
0.000000E+0	1.375000E+5	2.605625E-1	7.841600E-3
1.250000E+4	1.375000E+5	2.844970E-1	9.024737E-3
2.500000E+4	1.375000E+5	3.172960E-1	5.885297E-3
3.750000E+4	1.375000E+5	3.342898E-1	5.239823E-3
5.000000E+4	1.375000E+5	3.553357E-1	7.255604E-3
6.250000E+4	1.375000E+5	3.682493E-1	7.544706E-3
7.500000E+4	1.375000E+5	3.855006E-1	6.578841E-3
8.750000E+4	1.375000E+5	3.943203E-1	9.831946E-3
1.000000E+5	1.375000E+5	4.057404E-1	8.367815E-3
1.125000E+5	1.375000E+5	4.046039E-1	5.918081E-3
1.250000E+5	1.375000E+5	4.071508E-1	5.714149E-3
1.375000E+5	1.375000E+5	4.005405E-1	7.674643E-3
1.500000E+5	1.375000E+5	3.937405E-1	6.087905E-3
1.625000E+5	1.375000E+5	3.749693E-1	6.361899E-3
1.750000E+5	1.375000E+5	3.529056E-1	1.048319E-2
1.875000E+5	1.375000E+5	3.205675E-1	4.822412E-3
2.000000E+5	1.375000E+5	2.970771E-1	7.521090E-3
-2.000000E+5	1.500000E+5	1.811661E-1	5.379721E-3
-1.875000E+5	1.500000E+5	1.843137E-1	8.617960E-3
-1.750000E+5	1.500000E+5	2.078428E-1	8.454286E-3
-1.625000E+5	1.500000E+5	2.104540E-1	6.022502E-3
-1.500000E+5	1.500000E+5	2.088096E-1	7.164514E-3
-1.375000E+5	1.500000E+5	2.063748E-1	4.841851E-3
-1.250000E+5	1.500000E+5	1.881512E-1	6.835607E-3
-1.125000E+5	1.500000E+5	1.881813E-1	5.918143E-3
-1.000000E+5	1.500000E+5	1.730802E-1	5.903470E-3
-8.750000E+4	1.500000E+5	1.695696E-1	6.305988E-3
-7.500000E+4	1.500000E+5	1.729328E-1	5.148251E-3
-6.250000E+4	1.500000E+5	1.740276E-1	7.865644E-3
-5.000000E+4	1.500000E+5	1.793820E-1	8.445081E-3
-3.750000E+4	1.500000E+5	1.968694E-1	6.712722E-3
-2.500000E+4	1.500000E+5	2.131916E-1	5.069429E-3
-1.250000E+4	1.500000E+5	2.307581E-1	5.362739E-3
0.000000E+0	1.500000E+5	2.596278E-1	9.049651E-3
1.250000E+4	1.500000E+5	2.763218E-1	6.421132E-3
2.500000E+4	1.500000E+5	2.913749E-1	7.625902E-3
3.750000E+4	1.500000E+5	3.098831E-1	9.588563E-3
5.000000E+4	1.500000E+5	3.193820E-1	6.355198E-3
6.250000E+4	1.500000E+5	3.246844E-1	5.694573E-3
7.500000E+4	1.500000E+5	3.213012E-1	7.697981E-3
8.750000E+4	1.500000E+5	3.362085E-1	8.968702E-3
1.000000E+5	1.500000E+5	3.343301E-1	9.014473E-3
1.125000E+5	1.500000E+5	3.349807E-1	5.223129E-3
1.250000E+5	1.500000E+5	3.357042E-1	9.678552E-3
1.375000E+5	1.500000E+5	3.298568E-1	1.274105E-2
1.500000E+5	1.500000E+5	3.220656E-1	5.885452E-3
1.625000E+5	1.500000E+5	3.102946E-1	4.913497E-3
1.750000E+5	1.500000E+5	2.953139E-1	6.623261E-3
1.875000E+5	1.500000E+5	2.774466E-1	9.444160E-3
2.000000E+5	1.500000E+5	2.696264E-1	5.945318E-3
-2.000000E+5	1.625000E+5	1.726402E-1	5.127439E-3
-1.875000E+5	1.625000E+5	1.848955E-1	5.653207E-3
-1.750000E+5	1.625000E+5	2.025205E-1	4.967685E-3
-1.625000E+5	1.625000E+5	2.008007E-1	1.161428E-2
-1.500000E+5	1.625000E+5	2.028280E-1	6.588817E-3
-1.375000E+5	1.625000E+5	2.020249E-1	8.595585E-3
-1.250000E+5	1.625000E+5	1.890287E-1	6.805446E-3
-1.125000E+5	1.625000E+5	1.800336E-1	6.794530E-3
-1.000000E+5	1.625000E+5	1.711202E-1	8.801758E-3
-8.750000E+4	1.625000E+5	1.606719E-1	7.910686E-3
-7.500000E+4	1.625000E+5	1.615596E-1	5.239948E-3
-6.250000E+4	1.625000E+5	1.697572E-1	8.298006E-3
-5.000000E+4	1.625000E+5	1.766117E-1	7.352751E-3
-3.750000E+4	1.625000E+5	1.956767E-1	6.581838E-3
-2.500000E+4	1.625000E+5	2.130626E-1	6.505802E-3
-1.250000E+4	1.625000E+5	2.364628E-1	9.464960E-3
0.000000E+0	1.625000E+5	2.490949E-1	1.038953E-2
1.250000E+4	1.625000E+5	2.675909E-1	7.740349E-3
2.500000E+4	1.625000E+5	2.740191E-1	6.162612E-3
3.750000E+4	1.625000E+5	2.806926E-1	6.609802E-3
5.000000E+4	1.625000E+5	2.872030E-1	6.363237E-3
6.250000E+4	1.625000E+5	2.859573E-1	5.427781E-3
7.500000E+4	1.625000E+5	2.856065E-1	5.498925E-3
8.750000E+4	1.625000E+5	2.759710E-1	6.410940E-3
1.000000E+5	1.625000E+5	2.805468E-1	6.206863E-3
1.125000E+5	1.625000E+5	2.821010E-1	5.165861E-3
1.250000E+5	1.625000E+5	2.748594E-1	5.301264E-3
1.375000E+5	1.625000E+5	2.766910E-1	5.192896E-3
1.500000E+5	1.625000E+5	2.656584E-1	5.878752E-3
1.625000E+5	1.625000E+5	2.500826E-1	8.341318E-3
1.750000E+5	1.625000E+5	2.467953E-1	6.463968E-3
1.875000E+5	1.625000E+5	2.508541E-1	8.148157E-3
2.000000E+5	1.625000E+5	2.523190E-1	7.058968E-3
-2.000000E+5	1.750000E+5	1.848578E-1	7.765894E-3
-1.875000E+5	1.750000E+5	1.823904E-1	6.189113E-3
-1.750000E+5	1.750000E+5	1.878065E-1	6.641109E-3
-1.625000E+5	1.750000E+5	1.969581E-1	6.572425E-3
-1.500000E+5	1.750000E+5	1.955906E-1	7.963707E-3
-1.375000E+5	1.750000E+5	1.860739E-1	6.653346E-3
-1.250000E+5	1.750000E+5	1.865318E-1	8.159581E-3
-1.125000E+5	1.750000E+5	1.839226E-1	6.432118E-3
-1.000000E+5	1.750000E+5	1.757011E-1	6.447889E-3
-8.750000E+4	1.750000E+5	1.696542E-1	7.208956E-3
-7.500000E+4	1.750000E+5	1.592523E-1	6.162939E-3
-6.250000E+4	1.750000E+5	1.644222E-1	8.113879E-3
-5.000000E+4	1.750000E+5	1.784484E-1	5.493890E-3
-3.750000E+4	1.750000E+5	1.946697E-1	8.760074E-3
-2.500000E+4	1.750000E+5	1.984852E-1	5.965762E-3
-1.250000E+4	1.750000E+5	2.215988E-1	6.393327E-3
0.000000E+0	1.750000E+5	2.442795E-1	8.393270E-3
1.250000E+4	1.750000E+5	2.539568E-1	7.481440E-3
2.500000E+4	1.750000E+5	2.481190E-1	6.524032E-3
3.750000E+4	1.750000E+5	2.591623E-1	4.572005E-3
5.000000E+4	1.750000E+5	2.613477E-1	5.766533E-3
6.250000E+4	1.750000E+5	2.497415E-1	7.593877E-3
7.500000E+4	1.750000E+5	2.378221E-1	5.666324E-3
8.750000E+4	1.750000E+5	2.360987E-1	4.920337E-3
1.000000E+5	1.750000E+5	2.374581E-1	5.104398E-3
1.125000E+5	1.750000E+5	2.230897E-1	5.596416E-3
1.250000E+5	1.750000E+5	2.311568E-1	8.629500E-3
1.375000E+5	1.750000E+5	2.260405E-1	5.571955E-3
1.500000E+5	1.750000E+5	2.166768E-1	7.774038E-3
1.625000E+5	1.750000E+5	2.127195E-1	5.835369E-3
1.750000E+5	1.750000E+5	2.210287E-1	9.262676E-3
1.875000E+5	1.750000E+5	2.204944E-1	7.311927E-3
2.000000E+5	1.750000E+5	2.319522E-1	6.174255E-3
