-1.500000E+5	-1.500000E+5	1.475905E-1	1.834513E-2
-1.400000E+5	-1.500000E+5	1.240323E-1	1.132986E-2
-1.300000E+5	-1.500000E+5	1.771767E-1	1.399516E-2
-1.200000E+5	-1.500000E+5	1.309883E-1	1.047208E-2
-1.100000E+5	-1.500000E+5	1.773011E-1	2.063638E-2
-1.000000E+5	-1.500000E+5	1.578415E-1	1.144704E-2
-9.000000E+4	-1.500000E+5	2.139993E-1	1.449511E-2
-8.000000E+4	-1.500000E+5	1.880518E-1	1.259666E-2
-7.000000E+4	-1.500000E+5	1.885504E-1	7.792491E-3
-6.000000E+4	-1.500000E+5	1.874745E-1	5.575365E-3
-5.000000E+4	-1.500000E+5	1.920707E-1	1.521976E-2
-4.000000E+4	-1.500000E+5	1.935515E-1	1.472607E-2
-3.000000E+4	-1.500000E+5	1.724245E-1	8.837713E-3
-2.000000E+4	-1.500000E+5	1.459425E-1	5.775370E-3
-1.000000E+4	-1.500000E+5	1.598739E-1	7.285620E-3
0.000000E+0	-1.500000E+5	1.820105E-1	1.209112E-2
1.000000E+4	-1.500000E+5	1.764424E-1	1.092450E-2
2.000000E+4	-1.500000E+5	1.073720E-1	1.444820E-2
3.000000E+4	-1.500000E+5	1.275180E-1	8.963256E-3
4.000000E+4	-1.500000E+5	1.529087E-1	1.094963E-2
5.000000E+4	-1.500000E+5	1.467716E-1	7.944611E-3
6.000000E+4	-1.500000E+5	1.258965E-1	9.353408E-3
7.000000E+4	-1.500000E+5	1.395790E-1	4.294579E-3
8.000000E+4	-1.500000E+5	1.310189E-1	9.117469E-3
9.000000E+4	-1.500000E+5	1.417981E-1	6.850989E-3
1.000000E+5	-1.500000E+5	1.550370E-1	8.382242E-3
1.100000E+5	-1.500000E+5	1.643630E-1	4.828632E-3
1.200000E+5	-1.500000E+5	1.750759E-1	5.946175E-3
1.300000E+5	-1.500000E+5	1.802259E-1	1.049381E-2
1.400000E+5	-1.500000E+5	1.697934E-1	5.232531E-3
1.500000E+5	-1.500000E+5	1.627130E-1	8.666926E-3
-1.500000E+5	-1.400000E+5	1.309384E-1	9.109997E-3
-1.400000E+5	-1.400000E+5	1.237794E-1	1.244976E-2
-1.300000E+5	-1.400000E+5	1.617095E-1	6.293459E-3
-1.200000E+5	-1.400000E+5	1.600564E-1	7.006438E-3
-1.100000E+5	-1.400000E+5	1.511108E-1	4.613195E-3
-1.000000E+5	-1.400000E+5	1.702615E-1	9.982573E-3
-9.000000E+4	-1.400000E+5	1.925225E-1	7.608919E-3
-8.000000E+4	-1.400000E+5	2.052485E-1	1.099744E-2
-7.000000E+4	-1.400000E+5	1.957940E-1	1.567293E-2
-6.000000E+4	-1.400000E+5	2.093848E-1	1.538854E-2
-5.000000E+4	-1.400000E+5	2.008297E-1	6.269636E-3
-4.000000E+4	-1.400000E+5	2.114590E-1	6.542891E-3
-3.000000E+4	-1.400000E+5	1.950465E-1	4.365614E-3
-2.000000E+4	-1.400000E+5	1.835065E-1	8.023042E-3
-1.000000E+4	-1.400000E+5	1.829926E-1	1.090207E-2
0.000000E+0	-1.400000E+5	1.857348E-1	9.118242E-3
1.000000E+4	-1.400000E+5	1.791531E-1	1.319054E-2
2.000000E+4	-1.400000E+5	1.948813E-1	4.568209E-3
3.000000E+4	-1.400000E+5	1.610456E-1	9.565895E-3
4.000000E+4	-1.400000E+5	1.903585E-1	6.255663E-3
5.000000E+4	-1.400000E+5	1.645282E-1	1.606069E-2
6.000000E+4	-1.400000E+5	1.707031E-1	1.045764E-2
7.000000E+4	-1.400000E+5	2.058981E-1	1.272301E-2
8.000000E+4	-1.400000E+5	2.002077E-1	6.297018E-3
9.000000E+4	-1.400000E+5	1.917403E-1	7.596000E-3
1.000000E+5	-1.400000E+5	2.256198E-1	4.379372E-3
1.100000E+5	-1.400000E+5	2.176257E-1	1.248087E-2
1.200000E+5	-1.400000E+5	1.885800E-1	7.882978E-3
1.300000E+5	-1.400000E+5	2.066252E-1	7.743736E-3
1.400000E+5	-1.400000E+5	1.996264E-1	7.353155E-3
1.500000E+5	-1.400000E+5	1.972319E-1	4.456989E-3
-1.500000E+5	-1.300000E+5	1.299940E-1	7.457774E-3
-1.400000E+5	-1.300000E+5	1.290721E-1	9.676343E-3
-1.300000E+5	-1.300000E+5	1.724591E-1	1.100182E-2
-1.200000E+5	-1.300000E+5	1.632147E-1	6.579208E-3
-1.100000E+5	-1.300000E+5	1.894560E-1	9.526117E-3
-1.000000E+5	-1.300000E+5	1.843101E-1	9.034437E-3
-9.000000E+4	-1.300000E+5	2.019291E-1	1.280510E-2
-8.000000E+4	-1.300000E+5	2.159196E-1	7.407815E-3
-7.000000E+4	-1.300000E+5	2.186292E-1	5.827094E-3
-6.000000E+4	-1.300000E+5	2.330551E-1	8.634601E-3
-5.000000E+4	-1.300000E+5	2.248795E-1	4.993652E-3
-4.000000E+4	-1.300000E+5	2.165049E-1	7.360680E-3
-3.000000E+4	-1.300000E+5	2.205770E-1	8.554859E-3
-2.000000E+4	-1.300000E+5	2.116650E-1	7.238135E-3
-1.000000E+4	-1.300000E+5	2.137882E-1	7.969332E-3
0.000000E+0	-1.300000E+5	2.171505E-1	8.060848E-3
1.000000E+4	-1.300000E+5	2.107809E-1	1.120828E-2
2.000000E+4	-1.300000E+5	2.161276E-1	9.576400E-3
3.000000E+4	-1.300000E+5	1.877621E-1	8.019713E-3
4.000000E+4	-1.300000E+5	1.888278E-1	1.781323E-2
5.000000E+4	-1.300000E+5	1.964089E-1	4.286326E-3
6.000000E+4	-1.300000E+5	2.220608E-1	6.189162E-3
7.000000E+4	-1.300000E+5	2.231611E-1	7.194516E-3
8.000000E+4	-1.300000E+5	2.674394E-1	9.595339E-3
9.000000E+4	-1.300000E+5	2.589762E-1	7.484596E-3
1.000000E+5	-1.300000E+5	2.471180E-1	6.240674E-3
1.100000E+5	-1.300000E+5	2.409748E-1	9.000649E-3
1.200000E+5	-1.300000E+5	2.232417E-1	2.108552E-2
1.300000E+5	-1.300000E+5	2.008348E-1	6.521317E-3
1.400000E+5	-1.300000E+5	1.996498E-1	1.183679E-2
1.500000E+5	-1.300000E+5	1.668564E-1	5.219638E-3
-1.500000E+5	-1.200000E+5	1.223425E-1	9.947846E-3
-1.400000E+5	-1.200000E+5	1.525253E-1	6.534378E-3
-1.300000E+5	-1.200000E+5	1.584482E-1	9.783520E-3
-1.200000E+5	-1.200000E+5	1.663169E-1	4.485898E-3
-1.100000E+5	-1.200000E+5	1.798118E-1	1.221582E-2
-1.000000E+5	-1.200000E+5	2.036097E-1	9.569962E-3
-9.000000E+4	-1.200000E+5	2.069699E-1	7.349477E-3
-8.000000E+4	-1.200000E+5	2.266498E-1	5.177881E-3
-7.000000E+4	-1.200000E+5	2.296042E-1	8.431884E-3
-6.000000E+4	-1.200000E+5	2.253751E-1	1.829064E-2
-5.000000E+4	-1.200000E+5	2.390954E-1	1.222095E-2
-4.000000E+4	-1.200000E+5	2.244715E-1	5.116012E-3
-3.000000E+4	-1.200000E+5	2.224840E-1	4.970513E-3
-2.000000E+4	-1.200000E+5	2.042022E-1	9.137349E-3
-1.000000E+4	-1.200000E+5	2.416163E-1	8.689616E-3
0.000000E+0	-1.200000E+5	2.223392E-1	1.278997E-2
1.000000E+4	-1.200000E+5	2.293135E-1	4.427823E-3
2.000000E+4	-1.200000E+5	2.454568E-1	8.488088E-3
3.000000E+4	-1.200000E+5	2.321985E-1	9.526736E-3
4.000000E+4	-1.200000E+5	2.253170E-1	4.098863E-3
5.000000E+4	-1.200000E+5	2.442932E-1	1.040798E-2
6.000000E+4	-1.200000E+5	2.404415E-1	8.855489E-3
7.000000E+4	-1.200000E+5	2.601561E-1	7.579565E-3
8.000000E+4	-1.200000E+5	2.647431E-1	6.393707E-3
9.000000E+4	-1.200000E+5	2.739090E-1	8.188547E-3
1.000000E+5	-1.200000E+5	2.872917E-1	7.788233E-3
1.100000E+5	-1.200000E+5	2.539598E-1	6.654188E-3
1.200000E+5	-1.200000E+5	2.481011E-1	1.021061E-2
1.300000E+5	-1.200000E+5	1.983374E-1	5.073501E-3
1.400000E+5	-1.200000E+5	1.810621E-1	1.360305E-2
1.500000E+5	-1.200000E+5	1.880823E-1	8.886980E-3
-1.500000E+5	-1.100000E+5	1.423274E-1	5.225469E-3
-1.400000E+5	-1.100000E+5	1.585319E-1	1.065460E-2
-1.300000E+5	-1.100000E+5	1.835484E-1	1.955708E-2
-1.200000E+5	-1.100000E+5	1.859102E-1	9.551378E-3
-1.100000E+5	-1.100000E+5	1.786146E-1	9.284564E-3
-1.000000E+5	-1.100000E+5	2.213438E-1	7.424776E-3
-9.000000E+4	-1.100000E+5	2.282642E-1	6.707646E-3
-8.000000E+4	-1.100000E+5	2.465103E-1	6.924297E-3
-7.000000E+4	-1.100000E+5	2.407240E-1	8.939350E-3
-6.000000E+4	-1.100000E+5	2.487834E-1	6.673253E-3
-5.000000E+4	-1.100000E+5	2.468804E-1	9.100566E-3
-4.000000E+4	-1.100000E+5	2.486559E-1	6.713520E-3
-3.000000E+4	-1.100000E+5	2.526596E-1	4.160115E-3
-2.000000E+4	-1.100000E+5	2.455731E-1	1.043808E-2
-1.000000E+4	-1.100000E+5	2.570855E-1	5.420082E-3
0.000000E+0	-1.100000E+5	2.749747E-1	1.276687E-2
1.000000E+4	-1.100000E+5	2.543270E-1	3.912919E-3
2.000000E+4	-1.100000E+5	2.805754E-1	5.105032E-3
3.000000E+4	-1.100000E+5	2.653611E-1	6.646291E-3
4.000000E+4	-1.100000E+5	2.559188E-1	4.081642E-3
5.000000E+4	-1.100000E+5	2.811505E-1	4.119687E-3
6.000000E+4	-1.100000E+5	2.598481E-1	5.955800E-3
7.000000E+4	-1.100000E+5	2.813331E-1	4.031024E-3
8.000000E+4	-1.100000E+5	2.882462E-1	1.027061E-2
9.000000E+4	-1.100000E+5	2.962842E-1	7.157010E-3
1.000000E+5	-1.100000E+5	2.933717E-1	9.816538E-3
1.100000E+5	-1.100000E+5	2.621273E-1	7.443176E-3
1.200000E+5	-1.100000E+5	2.539201E-1	1.158164E-2
1.300000E+5	-1.100000E+5	2.244675E-1	4.292895E-3
1.400000E+5	-1.100000E+5	1.881802E-1	8.676212E-3
1.500000E+5	-1.100000E+5	1.704410E-1	5.361330E-3
-1.500000E+5	-1.000000E+5	1.476752E-1	8.621577E-3
-1.400000E+5	-1.000000E+5	1.446933E-1	2.657017E-2
-1.300000E+5	-1.000000E+5	1.871013E-1	5.499032E-3
-1.200000E+5	-1.000000E+5	1.786391E-1	7.664104E-3
-1.100000E+5	-1.000000E+5	2.028306E-1	7.213561E-3
-1.000000E+5	-1.000000E+5	1.960918E-1	4.252416E-3
-9.000000E+4	-1.000000E+5	2.004249E-1	1.654207E-2
-8.000000E+4	-1.000000E+5	2.568693E-1	7.182600E-3
-7.000000E+4	-1.000000E+5	2.694923E-1	1.197693E-2
-6.000000E+4	-1.000000E+5	2.681951E-1	8.417314E-3
-5.000000E+4	-1.000000E+5	2.833267E-1	5.821168E-3
-4.000000E+4	-1.000000E+5	2.713177E-1	7.865851E-3
-3.000000E+4	-1.000000E+5	2.908926E-1	7.667333E-3
-2.000000E+4	-1.000000E+5	3.179283E-1	6.156589E-3
-1.000000E+4	-1.000000E+5	3.348282E-1	5.357315E-3
0.000000E+0	-1.000000E+5	3.353718E-1	1.180071E-2
1.000000E+4	-1.000000E+5	3.409460E-1	4.577669E-3
2.000000E+4	-1.000000E+5	3.365619E-1	7.107368E-3
3.000000E+4	-1.000000E+5	3.238114E-1	9.521675E-3
4.000000E+4	-1.000000E+5	3.074428E-1	7.026503E-3
5.000000E+4	-1.000000E+5	2.973295E-1	9.194784E-3
6.000000E+4	-1.000000E+5	2.972438E-1	8.260655E-3
7.000000E+4	-1.000000E+5	3.122939E-1	1.254529E-2
8.000000E+4	-1.000000E+5	2.877271E-1	6.752599E-3
9.000000E+4	-1.000000E+5	2.626852E-1	8.948907E-3
1.000000E+5	-1.000000E+5	2.474668E-1	8.186760E-3
1.100000E+5	-1.000000E+5	2.535784E-1	4.011615E-3
1.200000E+5	-1.000000E+5	2.271862E-1	4.975716E-3
1.300000E+5	-1.000000E+5	2.150721E-1	8.751894E-3
1.400000E+5	-1.000000E+5	1.745242E-1	1.210940E-2
1.500000E+5	-1.000000E+5	1.542722E-1	6.579069E-3
-1.500000E+5	-9.000000E+4	1.501563E-1	1.064499E-2
-1.400000E+5	-9.000000E+4	1.450145E-1	4.944283E-3
-1.300000E+5	-9.000000E+4	1.783117E-1	1.223979E-2
-1.200000E+5	-9.000000E+4	1.870819E-1	8.555577E-3
-1.100000E+5	-9.000000E+4	1.992409E-1	4.819874E-3
-1.000000E+5	-9.000000E+4	2.455058E-1	7.722403E-3
-9.000000E+4	-9.000000E+4	2.542749E-1	5.043264E-3
-8.000000E+4	-9.000000E+4	2.622548E-1	8.965488E-3
-7.000000E+4	-9.000000E+4	2.720836E-1	7.738816E-3
-6.000000E+4	-9.000000E+4	3.061782E-1	7.375427E-3
-5.000000E+4	-9.000000E+4	3.206919E-1	7.584117E-3
-4.000000E+4	-9.000000E+4	3.617273E-1	6.106107E-3
-3.000000E+4	-9.000000E+4	4.073721E-1	9.171523E-3
-2.000000E+4	-9.000000E+4	4.302735E-1	7.184526E-3
-1.000000E+4	-9.000000E+4	4.583025E-1	5.127461E-3
0.000000E+0	-9.000000E+4	4.788319E-1	8.171457E-3
1.000000E+4	-9.000000E+4	5.171026E-1	1.246877E-2
2.000000E+4	-9.000000E+4	4.654135E-1	1.662539E-2
3.000000E+4	-9.000000E+4	4.166746E-1	1.142242E-2
4.000000E+4	-9.000000E+4	3.906445E-1	1.143966E-2
5.000000E+4	-9.000000E+4	3.400791E-1	6.601373E-3
6.000000E+4	-9.000000E+4	3.351077E-1	4.553677E-3
7.000000E+4	-9.000000E+4	2.871958E-1	7.586518E-3
8.000000E+4	-9.000000E+4	2.817563E-1	4.059570E-3
9.000000E+4	-9.000000E+4	2.737458E-1	1.049000E-2
1.000000E+5	-9.000000E+4	2.797187E-1	4.469697E-3
1.100000E+5	-9.000000E+4	2.554110E-1	5.684646E-3
1.200000E+5	-9.000000E+4	2.160695E-1	8.960135E-3
1.300000E+5	-9.000000E+4	2.202680E-1	5.259735E-3
1.400000E+5	-9.000000E+4	1.834841E-1	7.062722E-3
1.500000E+5	-9.000000E+4	1.726519E-1	5.073798E-3
-1.500000E+5	-8.000000E+4	1.415585E-1	2.017158E-2
-1.400000E+5	-8.000000E+4	1.685595E-1	6.662552E-3
-1.300000E+5	-8.000000E+4	1.954197E-1	9.779365E-3
-1.200000E+5	-8.000000E+4	2.084241E-1	9.546747E-3
-1.100000E+5	-8.000000E+4	2.328950E-1	7.233504E-3
-1.000000E+5	-8.000000E+4	2.396562E-1	9.195892E-3
-9.000000E+4	-8.000000E+4	2.589986E-1	5.740312E-3
-8.000000E+4	-8.000000E+4	2.957437E-1	7.255440E-3
-7.000000E+4	-8.000000E+4	3.362570E-1	1.351772E-2
-6.000000E+4	-8.000000E+4	4.101225E-1	9.384824E-3
-5.000000E+4	-8.000000E+4	4.530954E-1	4.164421E-3
-4.000000E+4	-8.000000E+4	5.183243E-1	1.044255E-2
-3.000000E+4	-8.000000E+4	5.951197E-1	6.155854E-3
-2.000000E+4	-8.000000E+4	6.600926E-1	8.245221E-3
-1.000000E+4	-8.000000E+4	6.928850E-1	8.563186E-3
0.000000E+0	-8.000000E+4	7.267676E-1	1.132942E-2
1.000000E+4	-8.000000E+4	7.128026E-1	6.305815E-3
2.000000E+4	-8.000000E+4	6.858597E-1	7.467087E-3
3.000000E+4	-8.000000E+4	6.237004E-1	4.072043E-3
4.000000E+4	-8.000000E+4	5.390822E-1	3.974043E-3
5.000000E+4	-8.000000E+4	4.729834E-1	7.169293E-3
6.000000E+4	-8.000000E+4	4.029635E-1	6.106731E-3
7.000000E+4	-8.000000E+4	3.216250E-1	9.808724E-3
8.000000E+4	-8.000000E+4	3.040203E-1	9.223480E-3
9.000000E+4	-8.000000E+4	2.873376E-1	7.568453E-3
1.000000E+5	-8.000000E+4	2.591322E-1	1.306257E-2
1.100000E+5	-8.000000E+4	2.535917E-1	3.947315E-3
1.200000E+5	-8.000000E+4	2.195990E-1	5.329215E-3
1.300000E+5	-8.000000E+4	2.135771E-1	8.433164E-3
1.400000E+5	-8.000000E+4	1.903636E-1	8.564680E-3
1.500000E+5	-8.000000E+4	1.798893E-1	1.105644E-2
-1.500000E+5	-7.000000E+4	1.776540E-1	1.233071E-2
-1.400000E+5	-7.000000E+4	1.821023E-1	9.439790E-3
-1.300000E+5	-7.000000E+4	2.159563E-1	7.096738E-3
-1.200000E+5	-7.000000E+4	2.242900E-1	4.471672E-3
-1.100000E+5	-7.000000E+4	2.477238E-1	1.274085E-2
-1.000000E+5	-7.000000E+4	2.728280E-1	7.713252E-3
-9.000000E+4	-7.000000E+4	3.257378E-1	8.468685E-3
-8.000000E+4	-7.000000E+4	3.677451E-1	4.234515E-3
-7.000000E+4	-7.000000E+4	4.486155E-1	1.235505E-2
-6.000000E+4	-7.000000E+4	5.396788E-1	4.553393E-3
-5.000000E+4	-7.000000E+4	6.540493E-1	4.565943E-3
-4.000000E+4	-7.000000E+4	7.716578E-1	1.305198E-2
-3.000000E+4	-7.000000E+4	8.856327E-1	6.441757E-3
-2.000000E+4	-7.000000E+4	9.873844E-1	7.019645E-3
-1.000000E+4	-7.000000E+4	1.050404E+0	4.703407E-3
0.000000E+0	-7.000000E+4	1.113389E+0	7.118532E-3
1.000000E+4	-7.000000E+4	1.085334E+0	7.208456E-3
2.000000E+4	-7.000000E+4	1.001520E+0	5.642128E-3
3.000000E+4	-7.000000E+4	9.131681E-1	8.914786E-3
4.000000E+4	-7.000000E+4	8.005454E-1	7.750707E-3
5.000000E+4	-7.000000E+4	6.506749E-1	5.375919E-3
6.000000E+4	-7.000000E+4	5.376657E-1	5.010954E-3
7.000000E+4	-7.000000E+4	4.295801E-1	6.945096E-3
8.000000E+4	-7.000000E+4	3.485047E-1	9.827394E-3
9.000000E+4	-7.000000E+4	2.994792E-1	1.526119E-2
1.000000E+5	-7.000000E+4	2.413307E-1	9.076645E-3
1.100000E+5	-7.000000E+4	2.546625E-1	4.005725E-3
1.200000E+5	-7.000000E+4	2.480624E-1	5.986420E-3
1.300000E+5	-7.000000E+4	2.287934E-1	5.501590E-3
1.400000E+5	-7.000000E+4	1.994051E-1	1.283703E-2
1.500000E+5	-7.000000E+4	1.791337E-1	7.555216E-3
-1.500000E+5	-6.000000E+4	1.846140E-1	9.026539E-3
-1.400000E+5	-6.000000E+4	2.031671E-1	7.509894E-3
-1.300000E+5	-6.000000E+4	2.137464E-1	7.317770E-3
-1.200000E+5	-6.000000E+4	2.282489E-1	5.690057E-3
-1.100000E+5	-6.000000E+4	2.686346E-1	7.926535E-3
-1.000000E+5	-6.000000E+4	3.005989E-1	9.640625E-3
-9.000000E+4	-6.000000E+4	3.519199E-1	6.991216E-3
-8.000000E+4	-6.000000E+4	4.503440E-1	7.096261E-3
-7.000000E+4	-6.000000E+4	5.721550E-1	7.686123E-3
-6.000000E+4	-6.000000E+4	7.309079E-1	4.969138E-3
-5.000000E+4	-6.000000E+4	8.958061E-1	1.096629E-2
-4.000000E+4	-6.000000E+4	1.107923E+0	4.754729E-3
-3.000000E+4	-6.000000E+4	1.267393E+0	1.035154E-2
-2.000000E+4	-6.000000E+4	1.439598E+0	8.174769E-3
-1.000000E+4	-6.000000E+4	1.516654E+0	1.645777E-2
0.000000E+0	-6.000000E+4	1.605180E+0	1.303330E-2
1.000000E+4	-6.000000E+4	1.570424E+0	1.330020E-2
2.000000E+4	-6.000000E+4	1.481142E+0	5.439944E-3
3.000000E+4	-6.000000E+4	1.333168E+0	1.660599E-2
4.000000E+4	-6.000000E+4	1.141833E+0	7.545174E-3
5.000000E+4	-6.000000E+4	9.614256E-1	6.221957E-3
6.000000E+4	-6.000000E+4	7.563211E-1	1.144262E-2
7.000000E+4	-6.000000E+4	6.110641E-1	1.069164E-2
8.000000E+4	-6.000000E+4	4.628824E-1	7.695724E-3
9.000000E+4	-6.000000E+4	3.609247E-1	8.085280E-3
1.000000E+5	-6.000000E+4	2.719234E-1	6.996951E-3
1.100000E+5	-6.000000E+4	2.626688E-1	9.857712E-3
1.200000E+5	-6.000000E+4	2.486916E-1	6.190746E-3
1.300000E+5	-6.000000E+4	2.334845E-1	6.694141E-3
1.400000E+5	-6.000000E+4	1.955258E-1	4.504275E-3
1.500000E+5	-6.000000E+4	1.924970E-1	1.452298E-2
-1.500000E+5	-5.000000E+4	2.088902E-1	7.874198E-3
-1.400000E+5	-5.000000E+4	1.966527E-1	4.452477E-3
-1.300000E+5	-5.000000E+4	2.161603E-1	6.718932E-3
-1.200000E+5	-5.000000E+4	2.245113E-1	4.295749E-3
-1.100000E+5	-5.000000E+4	2.717389E-1	7.928549E-3
-1.000000E+5	-5.000000E+4	3.123398E-1	4.278363E-3
-9.000000E+4	-5.000000E+4	4.298758E-1	6.373588E-3
-8.000000E+4	-5.000000E+4	5.555936E-1	1.240937E-2
-7.000000E+4	-5.000000E+4	7.313556E-1	1.563111E-2
-6.000000E+4	-5.000000E+4	9.704966E-1	1.351843E-2
-5.000000E+4	-5.000000E+4	1.194580E+0	4.892589E-3
-4.000000E+4	-5.000000E+4	1.498313E+0	1.104527E-2
-3.000000E+4	-5.000000E+4	1.759126E+0	6.014566E-3
-2.000000E+4	-5.000000E+4	1.992844E+0	4.340198E-3
-1.000000E+4	-5.000000E+4	2.162892E+0	4.252077E-3
0.000000E+0	-5.000000E+4	2.205249E+0	2.662660E-2
1.000000E+4	-5.000000E+4	2.219227E+0	4.810734E-3
2.000000E+4	-5.000000E+4	2.098960E+0	9.665188E-3
3.000000E+4	-5.000000E+4	1.906337E+0	4.218779E-3
4.000000E+4	-5.000000E+4	1.646478E+0	5.160336E-3
5.000000E+4	-5.000000E+4	1.355378E+0	5.011042E-3
6.000000E+4	-5.000000E+4	1.034060E+0	1.074133E-2
7.000000E+4	-5.000000E+4	7.939820E-1	4.769841E-3
8.000000E+4	-5.000000E+4	5.807182E-1	9.564854E-3
9.000000E+4	-5.000000E+4	4.248605E-1	1.238307E-2
1.000000E+5	-5.000000E+4	3.468067E-1	8.876878E-3
1.100000E+5	-5.000000E+4	2.871877E-1	7.984482E-3
1.200000E+5	-5.000000E+4	2.487813E-1	6.464053E-3
1.300000E+5	-5.000000E+4	2.442218E-1	8.099661E-3
1.400000E+5	-5.000000E+4	2.311318E-1	1.298930E-2
1.500000E+5	-5.000000E+4	2.073758E-1	8.049204E-3
-1.500000E+5	-4.000000E+4	2.057390E-1	1.137601E-2
-1.400000E+5	-4.000000E+4	2.236557E-1	4.747688E-3
-1.300000E+5	-4.000000E+4	2.293992E-1	1.166782E-2
-1.200000E+5	-4.000000E+4	2.580604E-1	5.398910E-3
-1.100000E+5	-4.000000E+4	3.004766E-1	7.518012E-3
-1.000000E+5	-4.000000E+4	3.850244E-1	9.909116E-3
-9.000000E+4	-4.000000E+4	5.046224E-1	1.912586E-2
-8.000000E+4	-4.000000E+4	6.908546E-1	6.858125E-3
-7.000000E+4	-4.000000E+4	9.630460E-1	4.894646E-3
-6.000000E+4	-4.000000E+4	1.259573E+0	7.578067E-3
-5.000000E+4	-4.000000E+4	1.621164E+0	9.362340E-3
-4.000000E+4	-4.000000E+4	1.999259E+0	5.171858E-3
-3.000000E+4	-4.000000E+4	2.358201E+0	5.895437E-3
-2.000000E+4	-4.000000E+4	2.661461E+0	9.699880E-3
-1.000000E+4	-4.000000E+4	2.902099E+0	1.445613E-2
0.000000E+0	-4.000000E+4	3.001855E+0	7.714080E-3
1.000000E+4	-4.000000E+4	2.991545E+0	6.834128E-3
2.000000E+4	-4.000000E+4	2.848454E+0	4.988694E-3
3.000000E+4	-4.000000E+4	2.543698E+0	7.376597E-3
4.000000E+4	-4.000000E+4	2.207599E+0	9.894777E-3
5.000000E+4	-4.000000E+4	1.784123E+0	7.060728E-3
6.000000E+4	-4.000000E+4	1.420093E+0	4.334628E-3
7.000000E+4	-4.000000E+4	1.048888E+0	5.675603E-3
8.000000E+4	-4.000000E+4	7.383748E-1	4.322454E-3
9.000000E+4	-4.000000E+4	5.279512E-1	8.239166E-3
1.000000E+5	-4.000000E+4	3.784845E-1	6.283340E-3
1.100000E+5	-4.000000E+4	3.098678E-1	4.435684E-3
1.200000E+5	-4.000000E+4	2.812902E-1	4.038802E-3
1.300000E+5	-4.000000E+4	2.614227E-1	6.851177E-3
1.400000E+5	-4.000000E+4	2.254312E-1	4.191433E-3
1.500000E+5	-4.000000E+4	2.374178E-1	8.788546E-3
-1.500000E+5	-3.000000E+4	2.244909E-1	9.600339E-3
-1.400000E+5	-3.000000E+4	2.376146E-1	7.283940E-3
-1.300000E+5	-3.000000E+4	2.349356E-1	5.478641E-3
-1.200000E+5	-3.000000E+4	2.734858E-1	9.214196E-3
-1.100000E+5	-3.000000E+4	3.250219E-1	8.079570E-3
-1.000000E+5	-3.000000E+4	4.366676E-1	7.957309E-3
-9.000000E+4	-3.000000E+4	5.908672E-1	1.001108E-2
-8.000000E+4	-3.000000E+4	8.387621E-1	1.045548E-2
-7.000000E+4	-3.000000E+4	1.179162E+0	2.125506E-2
-6.000000E+4	-3.000000E+4	1.592645E+0	4.408707E-3
-5.000000E+4	-3.000000E+4	2.022610E+0	3.958513E-3
-4.000000E+4	-3.000000E+4	2.551704E+0	6.447641E-3
-3.000000E+4	-3.000000E+4	2.995769E+0	7.343228E-3
-2.000000E+4	-3.000000E+4	3.402370E+0	8.735238E-3
-1.000000E+4	-3.000000E+4	3.697655E+0	6.167494E-3
0.000000E+0	-3.000000E+4	3.828343E+0	7.578495E-3
1.000000E+4	-3.000000E+4	3.805519E+0	4.636713E-3
2.000000E+4	-3.000000E+4	3.635180E+0	9.433632E-3
3.000000E+4	-3.000000E+4	3.245488E+0	7.349916E-3
4.000000E+4	-3.000000E+4	2.790451E+0	4.883266E-3
5.000000E+4	-3.000000E+4	2.274877E+0	5.683311E-3
6.000000E+4	-3.000000E+4	1.742456E+0	8.521026E-3
7.000000E+4	-3.000000E+4	1.300641E+0	6.650178E-3
8.000000E+4	-3.000000E+4	9.145621E-1	8.698429E-3
9.000000E+4	-3.000000E+4	6.280885E-1	5.541304E-3
1.000000E+5	-3.000000E+4	4.309405E-1	1.403905E-2
1.100000E+5	-3.000000E+4	3.290277E-1	1.211138E-2
1.200000E+5	-3.000000E+4	2.788713E-1	4.686508E-3
1.300000E+5	-3.000000E+4	2.588599E-1	6.393744E-3
1.400000E+5	-3.000000E+4	2.452692E-1	5.588354E-3
1.500000E+5	-3.000000E+4	2.273382E-1	5.473501E-3
-1.500000E+5	-2.000000E+4	2.287159E-1	5.298146E-3
-1.400000E+5	-2.000000E+4	2.246898E-1	1.110922E-2
-1.300000E+5	-2.000000E+4	2.715257E-1	1.000337E-2
-1.200000E+5	-2.000000E+4	2.856417E-1	5.067524E-3
-1.100000E+5	-2.000000E+4	3.538229E-1	1.114917E-2
-1.000000E+5	-2.000000E+4	4.781854E-1	6.734322E-3
-9.000000E+4	-2.000000E+4	6.807872E-1	4.012002E-3
-8.000000E+4	-2.000000E+4	9.721721E-1	8.084674E-3
-7.000000E+4	-2.000000E+4	1.395273E+0	4.371756E-3
-6.000000E+4	-2.000000E+4	1.889548E+0	8.779854E-3
-5.000000E+4	-2.000000E+4	2.452992E+0	7.135795E-3
-4.000000E+4	-2.000000E+4	3.062448E+0	5.777484E-3
-3.000000E+4	-2.000000E+4	3.644703E+0	8.568590E-3
-2.000000E+4	-2.000000E+4	4.160253E+0	5.644959E-3
-1.000000E+4	-2.000000E+4	4.493281E+0	4.838702E-3
0.000000E+0	-2.000000E+4	4.653287E+0	5.599379E-3
1.000000E+4	-2.000000E+4	4.615511E+0	1.540268E-2
2.000000E+4	-2.000000E+4	4.350279E+0	8.294225E-3
3.000000E+4	-2.000000E+4	3.897490E+0	5.574384E-3
4.000000E+4	-2.000000E+4	3.299610E+0	1.144890E-2
5.000000E+4	-2.000000E+4	2.698817E+0	7.752764E-3
6.000000E+4	-2.000000E+4	2.057609E+0	8.900590E-3
7.000000E+4	-2.000000E+4	1.503715E+0	6.373779E-3
8.000000E+4	-2.000000E+4	1.059977E+0	8.396882E-3
9.000000E+4	-2.000000E+4	7.131728E-1	7.455858E-3
1.000000E+5	-2.000000E+4	5.012765E-1	1.272237E-2
1.100000E+5	-2.000000E+4	3.350852E-1	1.698031E-2
1.200000E+5	-2.000000E+4	3.111568E-1	5.113008E-3
1.300000E+5	-2.000000E+4	2.579931E-1	6.444531E-3
1.400000E+5	-2.000000E+4	2.520865E-1	1.380845E-2
1.500000E+5	-2.000000E+4	2.431572E-1	8.650581E-3
-1.500000E+5	-1.000000E+4	2.387415E-1	1.351480E-2
-1.400000E+5	-1.000000E+4	2.509637E-1	8.761527E-3
-1.300000E+5	-1.000000E+4	2.539976E-1	3.874268E-3
-1.200000E+5	-1.000000E+4	2.757691E-1	5.884253E-3
-1.100000E+5	-1.000000E+4	3.763949E-1	7.774049E-3
-1.000000E+5	-1.000000E+4	5.109176E-1	4.281105E-3
-9.000000E+4	-1.000000E+4	7.272805E-1	1.289041E-2
-8.000000E+4	-1.000000E+4	1.109944E+0	3.885586E-3
-7.000000E+4	-1.000000E+4	1.585696E+0	5.581774E-3
-6.000000E+4	-1.000000E+4	2.165966E+0	4.424176E-3
-5.000000E+4	-1.000000E+4	2.829871E+0	8.417403E-3
-4.000000E+4	-1.000000E+4	3.535705E+0	4.767424E-3
-3.000000E+4	-1.000000E+4	4.193251E+0	4.091735E-3
-2.000000E+4	-1.000000E+4	4.768849E+0	1.105125E-2
-1.000000E+4	-1.000000E+4	5.154886E+0	5.966080E-3
0.000000E+0	-1.000000E+4	5.339509E+0	8.819677E-3
1.000000E+4	-1.000000E+4	5.252265E+0	4.716176E-3
2.000000E+4	-1.000000E+4	4.941900E+0	8.855520E-3
3.000000E+4	-1.000000E+4	4.394176E+0	5.742315E-3
4.000000E+4	-1.000000E+4	3.726137E+0	7.688639E-3
5.000000E+4	-1.000000E+4	3.026188E+0	8.570611E-3
6.000000E+4	-1.000000E+4	2.321271E+0	9.500226E-3
7.000000E+4	-1.000000E+4	1.678995E+0	5.960289E-3
8.000000E+4	-1.000000E+4	1.162066E+0	5.197351E-3
9.000000E+4	-1.000000E+4	7.958095E-1	1.805499E-2
1.000000E+5	-1.000000E+4	5.492016E-1	8.713648E-3
1.100000E+5	-1.000000E+4	3.839159E-1	8.980098E-3
1.200000E+5	-1.000000E+4	3.064729E-1	9.264581E-3
1.300000E+5	-1.000000E+4	2.652326E-1	7.136094E-3
1.400000E+5	-1.000000E+4	2.489343E-1	7.159715E-3
1.500000E+5	-1.000000E+4	2.430073E-1	7.538981E-3
-1.500000E+5	0.000000E+0	2.522914E-1	6.356892E-3
-1.400000E+5	0.000000E+0	2.468845E-1	1.059756E-2
-1.300000E+5	0.000000E+0	2.538018E-1	5.966600E-3
-1.200000E+5	0.000000E+0	2.890753E-1	8.122676E-3
-1.100000E+5	0.000000E+0	3.890770E-1	6.015026E-3
-1.000000E+5	0.000000E+0	5.196164E-1	6.006976E-3
-9.000000E+4	0.000000E+0	7.876114E-1	8.346548E-3
-8.000000E+4	0.000000E+0	1.167663E+0	9.940130E-3
-7.000000E+4	0.000000E+0	1.703916E+0	4.639392E-3
-6.000000E+4	0.000000E+0	2.348399E+0	1.114576E-2
-5.000000E+4	0.000000E+0	3.071249E+0	5.745685E-3
-4.000000E+4	0.000000E+0	3.831631E+0	1.002009E-2
-3.000000E+4	0.000000E+0	4.588269E+0	4.800917E-3
-2.000000E+4	0.000000E+0	5.172637E+0	8.798534E-3
-1.000000E+4	0.000000E+0	5.589138E+0	1.040877E-2
0.000000E+0	0.000000E+0	5.759023E+0	4.975976E-3
1.000000E+4	0.000000E+0	5.652098E+0	6.730592E-3
2.000000E+4	0.000000E+0	5.262752E+0	5.904964E-3
3.000000E+4	0.000000E+0	4.650530E+0	1.595181E-2
4.000000E+4	0.000000E+0	3.962833E+0	5.231406E-3
5.000000E+4	0.000000E+0	3.164906E+0	8.197923E-3
6.000000E+4	0.000000E+0	2.394868E+0	7.111022E-3
7.000000E+4	0.000000E+0	1.742157E+0	5.717555E-3
8.000000E+4	0.000000E+0	1.202858E+0	1.078973E-2
9.000000E+4	0.000000E+0	8.018252E-1	1.537936E-2
1.000000E+5	0.000000E+0	5.300764E-1	9.038242E-3
1.100000E+5	0.000000E+0	3.753976E-1	1.315892E-2
1.200000E+5	0.000000E+0	3.101626E-1	4.314882E-3
1.300000E+5	0.000000E+0	2.594922E-1	5.077822E-3
1.400000E+5	0.000000E+0	2.470803E-1	6.843238E-3
1.500000E+5	0.000000E+0	2.372404E-1	2.057966E-2
-1.500000E+5	1.000000E+4	2.465541E-1	7.512679E-3
-1.400000E+5	1.000000E+4	2.485070E-1	6.033124E-3
-1.300000E+5	1.000000E+4	2.514562E-1	5.530767E-3
-1.200000E+5	1.000000E+4	2.851858E-1	6.203366E-3
-1.100000E+5	1.000000E+4	3.449884E-1	5.041914E-3
-1.000000E+5	1.000000E+4	5.066477E-1	1.697458E-2
-9.000000E+4	1.000000E+4	7.671064E-1	3.998669E-3
-8.000000E+4	1.000000E+4	1.166253E+0	5.545943E-3
-7.000000E+4	1.000000E+4	1.704555E+0	1.214134E-2
-6.000000E+4	1.000000E+4	2.379085E+0	9.828360E-3
-5.000000E+4	1.000000E+4	3.110051E+0	1.084826E-2
-4.000000E+4	1.000000E+4	3.912997E+0	7.129298E-3
-3.000000E+4	1.000000E+4	4.652049E+0	1.127239E-2
-2.000000E+4	1.000000E+4	5.255400E+0	5.850647E-3
-1.000000E+4	1.000000E+4	5.645445E+0	6.660882E-3
0.000000E+0	1.000000E+4	5.826066E+0	5.126213E-3
1.000000E+4	1.000000E+4	5.691012E+0	6.351519E-3
2.000000E+4	1.000000E+4	5.315350E+0	1.012446E-2
3.000000E+4	1.000000E+4	4.683606E+0	6.331228E-3
4.000000E+4	1.000000E+4	3.943987E+0	1.164891E-2
5.000000E+4	1.000000E+4	3.126759E+0	1.656702E-2
6.000000E+4	1.000000E+4	2.388040E+0	1.037041E-2
7.000000E+4	1.000000E+4	1.709489E+0	5.357479E-3
8.000000E+4	1.000000E+4	1.162524E+0	1.339028E-2
9.000000E+4	1.000000E+4	7.727765E-1	1.274434E-2
1.000000E+5	1.000000E+4	5.126155E-1	9.137143E-3
1.100000E+5	1.000000E+4	3.677522E-1	4.191606E-3
1.200000E+5	1.000000E+4	2.712351E-1	9.351868E-3
1.300000E+5	1.000000E+4	2.616541E-1	6.703459E-3
1.400000E+5	1.000000E+4	2.511493E-1	4.732302E-3
1.500000E+5	1.000000E+4	2.419946E-1	9.958446E-3
-1.500000E+5	2.000000E+4	1.872461E-1	8.890238E-3
-1.400000E+5	2.000000E+4	2.050680E-1	9.553522E-3
-1.300000E+5	2.000000E+4	2.179561E-1	6.611153E-3
-1.200000E+5	2.000000E+4	2.433785E-1	1.217006E-2
-1.100000E+5	2.000000E+4	3.127814E-1	2.306915E-2
-1.000000E+5	2.000000E+4	4.748231E-1	1.025209E-2
-9.000000E+4	2.000000E+4	7.082084E-1	4.572569E-3
-8.000000E+4	2.000000E+4	1.093901E+0	8.958250E-3
-7.000000E+4	2.000000E+4	1.622372E+0	3.865071E-3
-6.000000E+4	2.000000E+4	2.252152E+0	7.088668E-3
-5.000000E+4	2.000000E+4	2.982907E+0	9.790068E-3
-4.000000E+4	2.000000E+4	3.743946E+0	6.647925E-3
-3.000000E+4	2.000000E+4	4.458433E+0	7.108582E-3
-2.000000E+4	2.000000E+4	5.078077E+0	9.737060E-3
-1.000000E+4	2.000000E+4	5.462264E+0	6.248675E-3
0.000000E+0	2.000000E+4	5.583969E+0	4.895702E-3
1.000000E+4	2.000000E+4	5.453900E+0	7.715444E-3
2.000000E+4	2.000000E+4	5.069371E+0	7.577582E-3
3.000000E+4	2.000000E+4	4.420852E+0	9.623321E-3
4.000000E+4	2.000000E+4	3.733485E+0	1.570319E-2
5.000000E+4	2.000000E+4	2.963855E+0	1.170228E-2
6.000000E+4	2.000000E+4	2.229423E+0	7.287212E-3
7.000000E+4	2.000000E+4	1.593996E+0	5.809058E-3
8.000000E+4	2.000000E+4	1.078431E+0	1.016395E-2
9.000000E+4	2.000000E+4	7.101664E-1	7.631644E-3
1.000000E+5	2.000000E+4	4.700056E-1	1.043241E-2
1.100000E+5	2.000000E+4	3.200606E-1	8.925474E-3
1.200000E+5	2.000000E+4	2.626423E-1	6.040255E-3
1.300000E+5	2.000000E+4	2.525953E-1	5.176775E-3
1.400000E+5	2.000000E+4	2.559596E-1	1.646334E-2
1.500000E+5	2.000000E+4	2.484213E-1	5.554517E-3
-1.500000E+5	3.000000E+4	2.431684E-1	1.023445E-2
-1.400000E+5	3.000000E+4	2.285997E-1	6.397060E-3
-1.300000E+5	3.000000E+4	2.120128E-1	6.437297E-3
-1.200000E+5	3.000000E+4	2.028142E-1	1.016727E-2
-1.100000E+5	3.000000E+4	2.801154E-1	6.333893E-3
-1.000000E+5	3.000000E+4	4.085030E-1	1.145220E-2
-9.000000E+4	3.000000E+4	6.453607E-1	7.716310E-3
-8.000000E+4	3.000000E+4	9.893138E-1	4.669638E-3
-7.000000E+4	3.000000E+4	1.454885E+0	6.218073E-3
-6.000000E+4	3.000000E+4	2.034085E+0	1.115977E-2
-5.000000E+4	3.000000E+4	2.720292E+0	8.540848E-3
-4.000000E+4	3.000000E+4	3.394574E+0	5.144687E-3
-3.000000E+4	3.000000E+4	4.046918E+0	4.395473E-3
-2.000000E+4	3.000000E+4	4.602095E+0	1.125732E-2
-1.000000E+4	3.000000E+4	4.944367E+0	1.144254E-2
0.000000E+0	3.000000E+4	5.066835E+0	9.241124E-3
1.000000E+4	3.000000E+4	4.916664E+0	6.884816E-3
2.000000E+4	3.000000E+4	4.567292E+0	1.122993E-2
3.000000E+4	3.000000E+4	4.005009E+0	1.454263E-2
4.000000E+4	3.000000E+4	3.328927E+0	8.252577E-3
5.000000E+4	3.000000E+4	2.631938E+0	1.035722E-2
6.000000E+4	3.000000E+4	1.945621E+0	6.709404E-3
7.000000E+4	3.000000E+4	1.393185E+0	4.083693E-3
8.000000E+4	3.000000E+4	9.372453E-1	4.358624E-3
9.000000E+4	3.000000E+4	6.185280E-1	6.169040E-3
1.000000E+5	3.000000E+4	4.166002E-1	4.912256E-3
1.100000E+5	3.000000E+4	3.063893E-1	5.858947E-3
1.200000E+5	3.000000E+4	2.616827E-1	8.775631E-3
1.300000E+5	3.000000E+4	2.567082E-1	8.612440E-3
1.400000E+5	3.000000E+4	2.551928E-1	8.998131E-3
1.500000E+5	3.000000E+4	2.310594E-1	4.775633E-3
-1.500000E+5	4.000000E+4	2.154117E-1	9.104669E-3
-1.400000E+5	4.000000E+4	2.158747E-1	8.595350E-3
-1.300000E+5	4.000000E+4	1.981864E-1	1.251884E-2
-1.200000E+5	4.000000E+4	1.952352E-1	4.367688E-3
-1.100000E+5	4.000000E+4	2.327706E-1	8.847659E-3
-1.000000E+5	4.000000E+4	3.390838E-1	4.133693E-3
-9.000000E+4	4.000000E+4	5.362941E-1	4.700708E-3
-8.000000E+4	4.000000E+4	8.089485E-1	9.302566E-3
-7.000000E+4	4.000000E+4	1.224697E+0	5.233950E-3
-6.000000E+4	4.000000E+4	1.712759E+0	6.098446E-3
-5.000000E+4	4.000000E+4	2.294996E+0	8.174234E-3
-4.000000E+4	4.000000E+4	2.903381E+0	6.178921E-3
-3.000000E+4	4.000000E+4	3.461966E+0	8.055772E-3
-2.000000E+4	4.000000E+4	3.939603E+0	9.170665E-3
-1.000000E+4	4.000000E+4	4.244310E+0	6.835180E-3
0.000000E+0	4.000000E+4	4.300979E+0	6.199775E-3
1.000000E+4	4.000000E+4	4.175982E+0	2.063814E-2
2.000000E+4	4.000000E+4	3.877065E+0	5.143257E-3
3.000000E+4	4.000000E+4	3.366487E+0	1.526036E-2
4.000000E+4	4.000000E+4	2.767218E+0	5.097607E-3
5.000000E+4	4.000000E+4	2.185231E+0	5.591123E-3
6.000000E+4	4.000000E+4	1.605795E+0	1.114384E-2
7.000000E+4	4.000000E+4	1.132935E+0	7.196985E-3
8.000000E+4	4.000000E+4	7.832385E-1	6.204792E-3
9.000000E+4	4.000000E+4	5.141432E-1	7.895544E-3
1.000000E+5	4.000000E+4	3.595949E-1	8.921661E-3
1.100000E+5	4.000000E+4	2.564298E-1	4.209485E-3
1.200000E+5	4.000000E+4	2.514073E-1	7.612968E-3
1.300000E+5	4.000000E+4	2.518580E-1	4.317291E-3
1.400000E+5	4.000000E+4	2.450418E-1	9.114558E-3
1.500000E+5	4.000000E+4	2.427248E-1	8.573772E-3
-1.500000E+5	5.000000E+4	2.225594E-1	5.230705E-3
-1.400000E+5	5.000000E+4	2.129693E-1	6.040655E-3
-1.300000E+5	5.000000E+4	1.946192E-1	6.623780E-3
-1.200000E+5	5.000000E+4	1.993612E-1	5.872380E-3
-1.100000E+5	5.000000E+4	2.224309E-1	6.243668E-3
-1.000000E+5	5.000000E+4	3.153931E-1	1.456469E-2
-9.000000E+4	5.000000E+4	4.337194E-1	9.228004E-3
-8.000000E+4	5.000000E+4	6.742432E-1	1.686418E-2
-7.000000E+4	5.000000E+4	9.859108E-1	8.499724E-3
-6.000000E+4	5.000000E+4	1.378083E+0	8.840187E-3
-5.000000E+4	5.000000E+4	1.839106E+0	1.033082E-2
-4.000000E+4	5.000000E+4	2.338155E+0	9.219242E-3
-3.000000E+4	5.000000E+4	2.785195E+0	8.031346E-3
-2.000000E+4	5.000000E+4	3.143373E+0	1.233829E-2
-1.000000E+4	5.000000E+4	3.384491E+0	8.254577E-3
0.000000E+0	5.000000E+4	3.426636E+0	1.124874E-2
1.000000E+4	5.000000E+4	3.304059E+0	6.461455E-3
2.000000E+4	5.000000E+4	3.031552E+0	6.112283E-3
3.000000E+4	5.000000E+4	2.627789E+0	7.460463E-3
4.000000E+4	5.000000E+4	2.147140E+0	9.215891E-3
5.000000E+4	5.000000E+4	1.663961E+0	1.161566E-2
6.000000E+4	5.000000E+4	1.234155E+0	8.123232E-3
7.000000E+4	5.000000E+4	8.541089E-1	7.128632E-3
8.000000E+4	5.000000E+4	5.763749E-1	8.683463E-3
9.000000E+4	5.000000E+4	3.934519E-1	8.718575E-3
1.000000E+5	5.000000E+4	2.884971E-1	8.872495E-3
1.100000E+5	5.000000E+4	2.528391E-1	4.070830E-3
1.200000E+5	5.000000E+4	2.358749E-1	9.623994E-3
1.300000E+5	5.000000E+4	2.341147E-1	7.460480E-3
1.400000E+5	5.000000E+4	2.407872E-1	9.165266E-3
1.500000E+5	5.000000E+4	2.334008E-1	5.932951E-3
-1.500000E+5	6.000000E+4	2.223575E-1	5.115291E-3
-1.400000E+5	6.000000E+4	1.978530E-1	4.882367E-3
-1.300000E+5	6.000000E+4	1.846834E-1	8.129519E-3
-1.200000E+5	6.000000E+4	1.809275E-1	9.354437E-3
-1.100000E+5	6.000000E+4	1.758030E-1	7.742598E-3
-1.000000E+5	6.000000E+4	2.061663E-1	1.101687E-2
-9.000000E+4	6.000000E+4	3.142499E-1	9.860552E-3
-8.000000E+4	6.000000E+4	4.803738E-1	5.505425E-3
-7.000000E+4	6.000000E+4	6.823730E-1	4.390081E-3
-6.000000E+4	6.000000E+4	9.942690E-1	4.132142E-3
-5.000000E+4	6.000000E+4	1.342910E+0	9.314535E-3
-4.000000E+4	6.000000E+4	1.704229E+0	4.447281E-3
-3.000000E+4	6.000000E+4	2.047685E+0	7.835413E-3
-2.000000E+4	6.000000E+4	2.309062E+0	1.342875E-2
-1.000000E+4	6.000000E+4	2.501959E+0	4.793071E-3
0.000000E+0	6.000000E+4	2.542352E+0	1.104073E-2
1.000000E+4	6.000000E+4	2.442602E+0	7.112976E-3
2.000000E+4	6.000000E+4	2.249057E+0	4.517680E-3
3.000000E+4	6.000000E+4	1.907633E+0	1.130459E-2
4.000000E+4	6.000000E+4	1.559166E+0	7.585588E-3
5.000000E+4	6.000000E+4	1.184463E+0	8.444428E-3
6.000000E+4	6.000000E+4	8.768747E-1	7.061983E-3
7.000000E+4	6.000000E+4	6.232761E-1	4.719073E-3
8.000000E+4	6.000000E+4	4.338296E-1	1.043814E-2
9.000000E+4	6.000000E+4	3.116606E-1	4.048622E-3
1.000000E+5	6.000000E+4	2.640150E-1	9.551944E-3
1.100000E+5	6.000000E+4	2.368895E-1	7.677513E-3
1.200000E+5	6.000000E+4	2.474189E-1	9.123082E-3
1.300000E+5	6.000000E+4	2.510106E-1	4.993046E-3
1.400000E+5	6.000000E+4	2.534418E-1	3.916294E-3
1.500000E+5	6.000000E+4	2.204648E-1	8.199277E-3
-1.500000E+5	7.000000E+4	2.048620E-1	1.051529E-2
-1.400000E+5	7.000000E+4	1.878610E-1	1.087630E-2
-1.300000E+5	7.000000E+4	1.682372E-1	4.485422E-3
-1.200000E+5	7.000000E+4	1.654430E-1	4.307486E-3
-1.100000E+5	7.000000E+4	1.670124E-1	4.462473E-3
-1.000000E+5	7.000000E+4	1.709233E-1	1.109692E-2
-9.000000E+4	7.000000E+4	2.355026E-1	8.305373E-3
-8.000000E+4	7.000000E+4	3.186350E-1	1.530870E-2
-7.000000E+4	7.000000E+4	4.935424E-1	7.962542E-3
-6.000000E+4	7.000000E+4	6.861126E-1	8.717201E-3
-5.000000E+4	7.000000E+4	9.329948E-1	5.904416E-3
-4.000000E+4	7.000000E+4	1.199037E+0	7.664762E-3
-3.000000E+4	7.000000E+4	1.446187E+0	4.887190E-3
-2.000000E+4	7.000000E+4	1.625326E+0	4.988555E-3
-1.000000E+4	7.000000E+4	1.737252E+0	7.893284E-3
0.000000E+0	7.000000E+4	1.759885E+0	1.439306E-2
1.000000E+4	7.000000E+4	1.708271E+0	4.077804E-3
2.000000E+4	7.000000E+4	1.515095E+0	4.856605E-3
3.000000E+4	7.000000E+4	1.313430E+0	5.858635E-3
4.000000E+4	7.000000E+4	1.055780E+0	6.565917E-3
5.000000E+4	7.000000E+4	8.099876E-1	8.683390E-3
6.000000E+4	7.000000E+4	5.959845E-1	3.925210E-3
7.000000E+4	7.000000E+4	4.263606E-1	5.380358E-3
8.000000E+4	7.000000E+4	3.170451E-1	9.217871E-3
9.000000E+4	7.000000E+4	2.332407E-1	5.809513E-3
1.000000E+5	7.000000E+4	2.487487E-1	5.788845E-3
1.100000E+5	7.000000E+4	2.365010E-1	8.100771E-3
1.200000E+5	7.000000E+4	2.690599E-1	9.516615E-3
1.300000E+5	7.000000E+4	2.284936E-1	5.157979E-3
1.400000E+5	7.000000E+4	2.511748E-1	6.390975E-3
1.500000E+5	7.000000E+4	2.226808E-1	4.438502E-3
-1.500000E+5	8.000000E+4	2.138984E-1	8.757282E-3
-1.400000E+5	8.000000E+4	2.088218E-1	1.263807E-2
-1.300000E+5	8.000000E+4	1.937575E-1	7.854739E-3
-1.200000E+5	8.000000E+4	1.863334E-1	7.091574E-3
-1.100000E+5	8.000000E+4	1.609855E-1	6.228279E-3
-1.000000E+5	8.000000E+4	1.423947E-1	8.722244E-3
-9.000000E+4	8.000000E+4	1.514984E-1	8.220255E-3
-8.000000E+4	8.000000E+4	2.259115E-1	4.217481E-3
-7.000000E+4	8.000000E+4	2.957335E-1	5.765052E-3
-6.000000E+4	8.000000E+4	4.415636E-1	1.134428E-2
-5.000000E+4	8.000000E+4	6.053217E-1	7.044224E-3
-4.000000E+4	8.000000E+4	7.728295E-1	1.201148E-2
-3.000000E+4	8.000000E+4	9.348733E-1	5.263669E-3
-2.000000E+4	8.000000E+4	1.060359E+0	7.497907E-3
-1.000000E+4	8.000000E+4	1.116302E+0	9.675728E-3
0.000000E+0	8.000000E+4	1.139974E+0	7.585939E-3
1.000000E+4	8.000000E+4	1.082539E+0	4.491292E-3
2.000000E+4	8.000000E+4	9.677921E-1	4.070407E-3
3.000000E+4	8.000000E+4	8.318336E-1	6.663512E-3
4.000000E+4	8.000000E+4	6.813665E-1	4.020438E-3
5.000000E+4	8.000000E+4	5.090911E-1	5.169403E-3
6.000000E+4	8.000000E+4	3.794400E-1	7.721426E-3
7.000000E+4	8.000000E+4	2.831248E-1	4.530616E-3
8.000000E+4	8.000000E+4	2.285680E-1	4.686488E-3
9.000000E+4	8.000000E+4	2.051231E-1	1.073091E-2
1.000000E+5	8.000000E+4	2.087025E-1	1.250991E-2
1.100000E+5	8.000000E+4	2.252884E-1	4.122012E-3
1.200000E+5	8.000000E+4	2.476718E-1	6.222595E-3
1.300000E+5	8.000000E+4	2.497165E-1	5.008103E-3
1.400000E+5	8.000000E+4	2.197214E-1	7.119470E-3
1.500000E+5	8.000000E+4	1.983578E-1	7.501340E-3
-1.500000E+5	9.000000E+4	1.671012E-1	5.076512E-3
-1.400000E+5	9.000000E+4	1.823481E-1	9.131599E-3
-1.300000E+5	9.000000E+4	2.086118E-1	7.787533E-3
-1.200000E+5	9.000000E+4	1.960530E-1	4.286645E-3
-1.100000E+5	9.000000E+4	1.511108E-1	7.493346E-3
-1.000000E+5	9.000000E+4	1.385174E-1	4.008534E-3
-9.000000E+4	9.000000E+4	1.519420E-1	7.487265E-3
-8.000000E+4	9.000000E+4	1.518614E-1	1.020039E-2
-7.000000E+4	9.000000E+4	2.011143E-1	8.904639E-3
-6.000000E+4	9.000000E+4	2.673976E-1	9.745165E-3
-5.000000E+4	9.000000E+4	3.614020E-1	1.250989E-2
-4.000000E+4	9.000000E+4	4.620869E-1	9.435501E-3
-3.000000E+4	9.000000E+4	5.491037E-1	6.793039E-3
-2.000000E+4	9.000000E+4	6.171931E-1	1.443163E-2
-1.000000E+4	9.000000E+4	6.793524E-1	4.714500E-3
0.000000E+0	9.000000E+4	6.586150E-1	9.338821E-3
1.000000E+4	9.000000E+4	6.508645E-1	5.095115E-3
2.000000E+4	9.000000E+4	5.928925E-1	1.244218E-2
3.000000E+4	9.000000E+4	5.005361E-1	1.034277E-2
4.000000E+4	9.000000E+4	3.847429E-1	9.220634E-3
5.000000E+4	9.000000E+4	3.217820E-1	9.996585E-3
6.000000E+4	9.000000E+4	2.479747E-1	7.863712E-3
7.000000E+4	9.000000E+4	2.133885E-1	1.606953E-2
8.000000E+4	9.000000E+4	1.890940E-1	1.393088E-2
9.000000E+4	9.000000E+4	2.147132E-1	1.083434E-2
1.000000E+5	9.000000E+4	2.253904E-1	4.131315E-3
1.100000E+5	9.000000E+4	2.377533E-1	7.979247E-3
1.200000E+5	9.000000E+4	2.131825E-1	7.386573E-3
1.300000E+5	9.000000E+4	2.449887E-1	8.521607E-3
1.400000E+5	9.000000E+4	1.965191E-1	4.255162E-3
1.500000E+5	9.000000E+4	1.925725E-1	6.163748E-3
-1.500000E+5	1.000000E+5	1.767769E-1	1.130651E-2
-1.400000E+5	1.000000E+5	1.952892E-1	1.079448E-2
-1.300000E+5	1.000000E+5	2.123248E-1	1.198054E-2
-1.200000E+5	1.000000E+5	1.614709E-1	6.269110E-3
-1.100000E+5	1.000000E+5	1.530342E-1	1.246657E-2
-1.000000E+5	1.000000E+5	1.547464E-1	1.573998E-2
-9.000000E+4	1.000000E+5	1.341007E-1	5.909501E-3
-8.000000E+4	1.000000E+5	1.175730E-1	9.549395E-3
-7.000000E+4	1.000000E+5	1.443517E-1	7.253908E-3
-6.000000E+4	1.000000E+5	1.710478E-1	1.123427E-2
-5.000000E+4	1.000000E+5	2.267345E-1	4.574973E-3
-4.000000E+4	1.000000E+5	2.682481E-1	1.389649E-2
-3.000000E+4	1.000000E+5	3.148108E-1	5.900406E-3
-2.000000E+4	1.000000E+5	3.296997E-1	8.008489E-3
-1.000000E+4	1.000000E+5	4.054947E-1	8.690171E-3
0.000000E+0	1.000000E+5	3.862471E-1	1.058889E-2
1.000000E+4	1.000000E+5	3.701395E-1	5.140237E-3
2.000000E+4	1.000000E+5	3.191051E-1	6.283600E-3
3.000000E+4	1.000000E+5	2.818929E-1	6.065383E-3
4.000000E+4	1.000000E+5	2.401631E-1	8.034256E-3
5.000000E+4	1.000000E+5	1.953637E-1	4.692482E-3
6.000000E+4	1.000000E+5	1.783005E-1	1.053004E-2
7.000000E+4	1.000000E+5	1.624948E-1	8.346037E-3
8.000000E+4	1.000000E+5	1.812661E-1	1.176621E-2
9.000000E+4	1.000000E+5	1.998558E-1	6.931676E-3
1.000000E+5	1.000000E+5	2.125104E-1	1.113355E-2
1.100000E+5	1.000000E+5	2.315397E-1	1.214128E-2
1.200000E+5	1.000000E+5	2.148182E-1	8.572874E-3
1.300000E+5	1.000000E+5	2.176216E-1	5.985212E-3
1.400000E+5	1.000000E+5	1.886544E-1	9.209195E-3
1.500000E+5	1.000000E+5	1.861294E-1	8.605570E-3
-1.500000E+5	1.100000E+5	1.726254E-1	5.037916E-3
-1.400000E+5	1.100000E+5	1.947936E-1	4.635661E-3
-1.300000E+5	1.100000E+5	1.969107E-1	5.428258E-3
-1.200000E+5	1.100000E+5	1.720788E-1	6.161636E-3
-1.100000E+5	1.100000E+5	1.749138E-1	8.554969E-3
-1.000000E+5	1.100000E+5	1.692203E-1	4.773721E-3
-9.000000E+4	1.100000E+5	1.400165E-1	5.189438E-3
-8.000000E+4	1.100000E+5	1.443496E-1	8.212712E-3
-7.000000E+4	1.100000E+5	1.344454E-1	1.153054E-2
-6.000000E+4	1.100000E+5	1.163064E-1	1.180557E-2
-5.000000E+4	1.100000E+5	1.426231E-1	9.110416E-3
-4.000000E+4	1.100000E+5	1.593314E-1	8.104428E-3
-3.000000E+4	1.100000E+5	1.932557E-1	9.398161E-3
-2.000000E+4	1.100000E+5	2.057767E-1	1.153910E-2
-1.000000E+4	1.100000E+5	2.175064E-1	1.097867E-2
0.000000E+0	1.100000E+5	2.215346E-1	5.498225E-3
1.000000E+4	1.100000E+5	2.221485E-1	5.531343E-3
2.000000E+4	1.100000E+5	1.976480E-1	6.186099E-3
3.000000E+4	1.100000E+5	1.735595E-1	8.413688E-3
4.000000E+4	1.100000E+5	1.595047E-1	8.587613E-3
5.000000E+4	1.100000E+5	1.621491E-1	6.635798E-3
6.000000E+4	1.100000E+5	1.351797E-1	4.881940E-3
7.000000E+4	1.100000E+5	1.502114E-1	8.534037E-3
8.000000E+4	1.100000E+5	1.500768E-1	8.739881E-3
9.000000E+4	1.100000E+5	2.025022E-1	6.997312E-3
1.000000E+5	1.100000E+5	2.176736E-1	7.143067E-3
1.100000E+5	1.100000E+5	2.035179E-1	7.314811E-3
1.200000E+5	1.100000E+5	2.002179E-1	4.887332E-3
1.300000E+5	1.100000E+5	1.807755E-1	8.435911E-3
1.400000E+5	1.100000E+5	1.853299E-1	8.668840E-3
1.500000E+5	1.100000E+5	1.497933E-1	1.019392E-2
-1.500000E+5	1.200000E+5	1.456743E-1	6.997815E-3
-1.400000E+5	1.200000E+5	1.738022E-1	8.083082E-3
-1.300000E+5	1.200000E+5	1.861284E-1	9.680939E-3
-1.200000E+5	1.200000E+5	1.893948E-1	8.728597E-3
-1.100000E+5	1.200000E+5	1.617309E-1	6.601084E-3
-1.000000E+5	1.200000E+5	1.800862E-1	8.365523E-3
-9.000000E+4	1.200000E+5	1.580138E-1	1.185250E-2
-8.000000E+4	1.200000E+5	1.296585E-1	6.753028E-3
-7.000000E+4	1.200000E+5	1.731638E-1	2.652725E-2
-6.000000E+4	1.200000E+5	9.977150E-2	1.990904E-2
-5.000000E+4	1.200000E+5	1.534237E-1	1.305965E-2
-4.000000E+4	1.200000E+5	1.415952E-1	2.467670E-2
-3.000000E+4	1.200000E+5	1.263829E-1	7.934526E-3
-2.000000E+4	1.200000E+5	1.429505E-1	2.094710E-2
-1.000000E+4	1.200000E+5	1.281084E-1	7.861235E-3
0.000000E+0	1.200000E+5	1.487694E-1	7.086288E-3
1.000000E+4	1.200000E+5	1.399502E-1	4.741894E-3
2.000000E+4	1.200000E+5	1.195096E-1	9.265329E-3
3.000000E+4	1.200000E+5	1.293475E-1	6.621094E-3
4.000000E+4	1.200000E+5	1.411465E-1	7.393331E-3
5.000000E+4	1.200000E+5	1.313340E-1	8.322927E-3
6.000000E+4	1.200000E+5	1.477241E-1	1.054600E-2
7.000000E+4	1.200000E+5	1.673092E-1	1.196979E-2
8.000000E+4	1.200000E+5	1.631148E-1	7.760050E-3
9.000000E+4	1.200000E+5	1.870269E-1	1.113034E-2
1.000000E+5	1.200000E+5	1.913793E-1	5.353223E-3
1.100000E+5	1.200000E+5	1.899924E-1	1.254986E-2
1.200000E+5	1.200000E+5	1.752880E-1	6.662983E-3
1.300000E+5	1.200000E+5	1.644854E-1	4.534221E-3
1.400000E+5	1.200000E+5	1.476558E-1	6.821213E-3
1.500000E+5	1.200000E+5	1.178575E-1	8.446483E-3
-1.500000E+5	1.300000E+5	1.411128E-1	4.679244E-3
-1.400000E+5	1.300000E+5	1.433971E-1	6.020130E-3
-1.300000E+5	1.300000E+5	1.675601E-1	4.359187E-3
-1.200000E+5	1.300000E+5	1.819718E-1	1.218803E-2
-1.100000E+5	1.300000E+5	1.881456E-1	6.781590E-3
-1.000000E+5	1.300000E+5	1.641795E-1	4.698715E-3
-9.000000E+4	1.300000E+5	1.407589E-1	5.115314E-3
-8.000000E+4	1.300000E+5	1.241955E-1	1.156793E-2
-7.000000E+4	1.300000E+5	1.206130E-1	1.222968E-2
-6.000000E+4	1.300000E+5	1.214308E-1	8.152671E-3
-5.000000E+4	1.300000E+5	1.097909E-1	4.055362E-3
-4.000000E+4	1.300000E+5	1.106313E-1	4.246185E-3
-3.000000E+4	1.300000E+5	1.104151E-1	4.065772E-3
-2.000000E+4	1.300000E+5	1.187508E-1	9.601026E-3
-1.000000E+4	1.300000E+5	1.050051E-1	6.989538E-3
0.000000E+0	1.300000E+5	1.154477E-1	6.315169E-3
1.000000E+4	1.300000E+5	1.168142E-1	9.955671E-3
2.000000E+4	1.300000E+5	1.267939E-1	8.422020E-3
3.000000E+4	1.300000E+5	1.092719E-1	4.007662E-3
4.000000E+4	1.300000E+5	1.174373E-1	7.045036E-3
5.000000E+4	1.300000E+5	1.269693E-1	7.997469E-3
6.000000E+4	1.300000E+5	1.502002E-1	8.506837E-3
7.000000E+4	1.300000E+5	1.420612E-1	5.162260E-3
8.000000E+4	1.300000E+5	1.723725E-1	5.388298E-3
9.000000E+4	1.300000E+5	1.781108E-1	8.405902E-3
1.000000E+5	1.300000E+5	1.743916E-1	7.462007E-3
1.100000E+5	1.300000E+5	1.582677E-1	9.074437E-3
1.200000E+5	1.300000E+5	1.539816E-1	8.950758E-3
1.300000E+5	1.300000E+5	1.295627E-1	1.089759E-2
1.400000E+5	1.300000E+5	1.028421E-1	1.375214E-2
1.500000E+5	1.300000E+5	1.116194E-1	4.767192E-3
-1.500000E+5	1.400000E+5	1.214329E-1	1.178489E-2
-1.400000E+5	1.400000E+5	1.443415E-1	5.281378E-3
-1.300000E+5	1.400000E+5	1.579261E-1	1.400002E-2
-1.200000E+5	1.400000E+5	1.521082E-1	1.052677E-2
-1.100000E+5	1.400000E+5	1.759193E-1	8.504366E-3
-1.000000E+5	1.400000E+5	1.552767E-1	1.053019E-2
-9.000000E+4	1.400000E+5	1.550391E-1	9.750353E-3
-8.000000E+4	1.400000E+5	1.433890E-1	7.113687E-3
-7.000000E+4	1.400000E+5	1.368225E-1	5.490497E-3
-6.000000E+4	1.400000E+5	1.060106E-1	1.478014E-2
-5.000000E+4	1.400000E+5	1.365707E-1	4.385848E-3
-4.000000E+4	1.400000E+5	1.102335E-1	4.156995E-3
-3.000000E+4	1.400000E+5	1.216501E-1	6.684467E-3
-2.000000E+4	1.400000E+5	1.064776E-1	4.803722E-3
-1.000000E+4	1.400000E+5	9.779718E-2	1.428900E-2
0.000000E+0	1.400000E+5	1.024179E-1	8.769739E-3
1.000000E+4	1.400000E+5	1.209107E-1	1.001617E-2
2.000000E+4	1.400000E+5	1.087171E-1	4.130475E-3
3.000000E+4	1.400000E+5	1.018988E-1	7.755503E-3
4.000000E+4	1.400000E+5	1.093249E-1	4.397214E-3
5.000000E+4	1.400000E+5	1.279340E-1	8.247290E-3
6.000000E+4	1.400000E+5	1.342262E-1	7.790811E-3
7.000000E+4	1.400000E+5	1.416472E-1	5.414056E-3
8.000000E+4	1.400000E+5	1.667024E-1	4.282771E-3
9.000000E+4	1.400000E+5	1.673449E-1	4.517246E-3
1.000000E+5	1.400000E+5	1.541141E-1	8.563059E-3
1.100000E+5	1.400000E+5	1.383869E-1	4.529998E-3
1.200000E+5	1.400000E+5	1.396994E-1	8.354072E-3
1.300000E+5	1.400000E+5	1.143494E-1	5.345942E-3
1.400000E+5	1.400000E+5	1.063379E-1	4.595087E-3
1.500000E+5	1.400000E+5	8.229942E-2	4.452665E-3
-1.500000E+5	1.500000E+5	8.884036E-2	1.139851E-2
-1.400000E+5	1.500000E+5	1.092199E-1	4.037029E-3
-1.300000E+5	1.500000E+5	1.319214E-1	8.762909E-3
-1.200000E+5	1.500000E+5	1.461149E-1	1.434404E-2
-1.100000E+5	1.500000E+5	1.387805E-1	4.089528E-3
-1.000000E+5	1.500000E+5	1.266746E-1	8.303835E-3
-9.000000E+4	1.500000E+5	1.416462E-1	6.223486E-3
-8.000000E+4	1.500000E+5	1.350960E-1	4.704766E-3
-7.000000E+4	1.500000E+5	1.331707E-1	6.247786E-3
-6.000000E+4	1.500000E+5	1.163564E-1	9.227932E-3
-5.000000E+4	1.500000E+5	1.122548E-1	4.957202E-3
-4.000000E+4	1.500000E+5	1.093565E-1	3.957347E-3
-3.000000E+4	1.500000E+5	1.088935E-1	5.531167E-3
-2.000000E+4	1.500000E+5	1.126984E-1	4.630339E-3
-1.000000E+4	1.500000E+5	1.008943E-1	8.662919E-3
0.000000E+0	1.500000E+5	9.281856E-2	7.356834E-3
1.000000E+4	1.500000E+5	1.006669E-1	7.210571E-3
2.000000E+4	1.500000E+5	9.670703E-2	1.026156E-2
3.000000E+4	1.500000E+5	8.514872E-2	6.326519E-3
4.000000E+4	1.500000E+5	9.286955E-2	6.708253E-3
5.000000E+4	1.500000E+5	1.235051E-1	1.000308E-2
6.000000E+4	1.500000E+5	1.358935E-1	8.024236E-3
7.000000E+4	1.500000E+5	1.482748E-1	9.094395E-3
8.000000E+4	1.500000E+5	1.372917E-1	5.075048E-3
9.000000E+4	1.500000E+5	1.356070E-1	7.777372E-3
1.000000E+5	1.500000E+5	1.334593E-1	8.603126E-3
1.100000E+5	1.500000E+5	1.366298E-1	4.524523E-3
1.200000E+5	1.500000E+5	1.313758E-1	9.130656E-3
1.300000E+5	1.500000E+5	1.099990E-1	4.013714E-3
1.400000E+5	1.500000E+5	8.622867E-2	7.257354E-3
1.500000E+5	1.500000E+5	8.149480E-2	4.278109E-3
