-2.000000E+5	0.000000E+0	8.749952E-1	7.717716E-3
-1.960000E+5	0.000000E+0	1.097370E+0	2.129805E-1
-1.920000E+5	0.000000E+0	9.753896E-1	1.492220E-2
-1.880000E+5	0.000000E+0	9.973926E-1	6.642864E-3
-1.840000E+5	0.000000E+0	1.078120E+0	1.303715E-2
-1.800000E+5	0.000000E+0	9.161428E-1	7.953982E-2
-1.760000E+5	0.000000E+0	1.170165E+0	1.610102E-2
-1.720000E+5	0.000000E+0	1.282769E+0	1.749356E-2
-1.680000E+5	0.000000E+0	1.371280E+0	1.629387E-2
-1.640000E+5	0.000000E+0	1.438150E+0	1.477772E-2
-1.600000E+5	0.000000E+0	1.567945E+0	3.198774E-2
-1.560000E+5	0.000000E+0	1.558718E+0	1.120260E-1
-1.520000E+5	0.000000E+0	1.417376E+0	1.117908E-1
-1.480000E+5	0.000000E+0	1.818829E+0	5.948002E-3
-1.440000E+5	0.000000E+0	1.922347E+0	8.496938E-3
-1.400000E+5	0.000000E+0	2.034013E+0	6.426411E-3
-1.360000E+5	0.000000E+0	2.117658E+0	7.030016E-3
-1.320000E+5	0.000000E+0	2.261789E+0	9.653829E-3
-1.280000E+5	0.000000E+0	2.411299E+0	6.803990E-3
-1.240000E+5	0.000000E+0	2.490304E+0	1.089388E-2
-1.200000E+5	0.000000E+0	2.499458E+0	1.962062E-1
-1.160000E+5	0.000000E+0	2.800979E+0	1.172284E-2
-1.120000E+5	0.000000E+0	2.884023E+0	1.660711E-2
-1.080000E+5	0.000000E+0	3.031280E+0	5.615722E-3
-1.040000E+5	0.000000E+0	3.154975E+0	1.747381E-2
-1.000000E+5	0.000000E+0	3.250589E+0	4.557161E-3
-9.600000E+4	0.000000E+0	3.341276E+0	9.321065E-3
-9.200000E+4	0.000000E+0	3.443853E+0	9.418125E-3
-8.800000E+4	0.000000E+0	3.573645E+0	7.792304E-3
-8.400000E+4	0.000000E+0	3.683352E+0	4.676143E-3
-8.000000E+4	0.000000E+0	3.743237E+0	8.488950E-3
-7.600000E+4	0.000000E+0	3.808928E+0	1.942448E-2
-7.200000E+4	0.000000E+0	3.927657E+0	1.477410E-2
-6.800000E+4	0.000000E+0	3.957674E+0	6.465630E-3
-6.400000E+4	0.000000E+0	3.784137E+0	4.926318E-1
-6.000000E+4	0.000000E+0	4.073395E+0	3.339650E-2
-5.600000E+4	0.000000E+0	4.166788E+0	1.781197E-2
-5.200000E+4	0.000000E+0	4.150971E+0	1.514525E-2
-4.800000E+4	0.000000E+0	4.244378E+0	6.295187E-3
-4.400000E+4	0.000000E+0	4.220367E+0	2.483360E-2
-4.000000E+4	0.000000E+0	4.312467E+0	1.146532E-2
-3.600000E+4	0.000000E+0	4.308759E+0	1.597166E-2
-3.200000E+4	0.000000E+0	4.325723E+0	5.681391E-3
-2.800000E+4	0.000000E+0	4.335638E+0	2.045605E-2
-2.400000E+4	0.000000E+0	4.315166E+0	6.919496E-3
-2.000000E+4	0.000000E+0	4.287403E+0	1.824226E-2
-1.600000E+4	0.000000E+0	4.301767E+0	4.767053E-3
-1.200000E+4	0.000000E+0	4.280851E+0	1.971194E-2
-8.000000E+3	0.000000E+0	4.257381E+0	8.647976E-3
-4.000000E+3	0.000000E+0	4.201127E+0	7.705643E-3
0.000000E+0	0.000000E+0	4.172968E+0	1.744482E-2
4.000000E+3	0.000000E+0	4.145649E+0	9.293546E-3
8.000000E+3	0.000000E+0	4.080556E+0	4.491741E-3
1.200000E+4	0.000000E+0	4.021674E+0	9.726779E-3
1.600000E+4	0.000000E+0	3.991254E+0	5.135491E-3
2.000000E+4	0.000000E+0	3.910884E+0	1.214038E-2
2.400000E+4	0.000000E+0	3.860027E+0	5.847648E-3
2.800000E+4	0.000000E+0	3.918373E+0	2.641320E-1
3.200000E+4	0.000000E+0	3.733319E+0	4.858054E-3
3.600000E+4	0.000000E+0	3.662382E+0	9.219570E-3
4.000000E+4	0.000000E+0	3.613100E+0	5.303298E-3
4.400000E+4	0.000000E+0	3.537849E+0	1.081693E-2
4.800000E+4	0.000000E+0	3.467000E+0	6.372787E-3
5.200000E+4	0.000000E+0	3.371019E+0	7.728767E-3
5.600000E+4	0.000000E+0	3.340167E+0	7.314812E-3
6.000000E+4	0.000000E+0	3.225432E+0	1.695003E-2
6.400000E+4	0.000000E+0	3.181730E+0	1.706612E-2
6.800000E+4	0.000000E+0	3.126100E+0	1.934830E-2
7.200000E+4	0.000000E+0	2.996336E+0	1.106350E-2
7.600000E+4	0.000000E+0	2.931669E+0	1.671053E-2
8.000000E+4	0.000000E+0	2.866595E+0	1.238981E-2
8.400000E+4	0.000000E+0	2.772879E+0	6.370529E-2
8.800000E+4	0.000000E+0	2.695892E+0	9.111881E-3
9.200000E+4	0.000000E+0	2.625395E+0	6.388659E-3
9.600000E+4	0.000000E+0	2.535503E+0	9.903905E-3
1.000000E+5	0.000000E+0	2.482607E+0	7.371044E-3
1.040000E+5	0.000000E+0	2.437447E+0	1.886700E-2
1.080000E+5	0.000000E+0	2.350569E+0	1.115383E-2
1.120000E+5	0.000000E+0	2.187549E+0	1.932126E-1
1.160000E+5	0.000000E+0	2.199710E+0	1.389243E-2
1.200000E+5	0.000000E+0	2.132915E+0	2.559299E-2
1.240000E+5	0.000000E+0	2.111770E+0	5.914315E-3
1.280000E+5	0.000000E+0	1.985857E+0	7.099682E-3
1.320000E+5	0.000000E+0	1.932748E+0	1.599669E-2
1.360000E+5	0.000000E+0	1.872023E+0	6.559233E-3
1.400000E+5	0.000000E+0	1.790651E+0	1.249814E-1
1.440000E+5	0.000000E+0	1.782444E+0	6.362385E-3
1.480000E+5	0.000000E+0	1.744537E+0	1.014280E-2
1.520000E+5	0.000000E+0	1.676685E+0	6.015487E-3
1.560000E+5	0.000000E+0	1.598715E+0	7.893949E-3
1.600000E+5	0.000000E+0	1.595114E+0	1.285705E-2
1.640000E+5	0.000000E+0	1.547018E+0	1.261063E-2
1.680000E+5	0.000000E+0	1.247538E+0	4.832699E-1
1.720000E+5	0.000000E+0	1.464929E+0	8.301355E-3
1.760000E+5	0.000000E+0	1.426904E+0	1.523862E-2
1.800000E+5	0.000000E+0	1.399734E+0	1.700824E-2
1.840000E+5	0.000000E+0	1.370600E+0	1.198000E-2
1.880000E+5	0.000000E+0	1.362123E+0	1.135493E-2
1.920000E+5	0.000000E+0	1.336932E+0	3.887857E-3
1.960000E+5	0.000000E+0	1.315934E+0	8.714619E-3
2.000000E+5	0.000000E+0	1.296056E+0	7.118195E-3
