-1.500000E+5	-1.500000E+5	1.195789E-1	8.680997E-3
-1.400000E+5	-1.500000E+5	-4.860300E-2	1.626152E-1
-1.300000E+5	-1.500000E+5	1.084122E-1	4.594259E-3
-1.200000E+5	-1.500000E+5	1.125117E-1	6.880279E-3
-1.100000E+5	-1.500000E+5	9.932483E-2	4.836555E-3
-1.000000E+5	-1.500000E+5	1.145289E-1	6.743439E-3
-9.000000E+4	-1.500000E+5	1.216542E-1	5.006608E-3
-8.000000E+4	-1.500000E+5	1.279544E-1	5.932057E-3
-7.000000E+4	-1.500000E+5	2.923131E-1	6.918649E-2
-6.000000E+4	-1.500000E+5	1.483217E-1	4.427837E-3
-5.000000E+4	-1.500000E+5	1.591631E-1	7.482879E-3
-4.000000E+4	-1.500000E+5	1.510303E-1	5.711734E-3
-3.000000E+4	-1.500000E+5	1.701993E-1	6.649469E-2
-2.000000E+4	-1.500000E+5	1.627834E-1	6.194134E-3
-1.000000E+4	-1.500000E+5	1.533789E-1	3.997123E-3
0.000000E+0	-1.500000E+5	1.571439E-1	9.309473E-3
1.000000E+4	-1.500000E+5	1.627518E-1	1.008755E-2
2.000000E+4	-1.500000E+5	1.507967E-1	7.724562E-3
3.000000E+4	-1.500000E+5	1.486786E-1	7.862502E-3
4.000000E+4	-1.500000E+5	1.466268E-1	5.153980E-3
5.000000E+4	-1.500000E+5	1.115786E-1	2.491941E-2
6.000000E+4	-1.500000E+5	-1.439347E+0	6.251612E-1
7.000000E+4	-1.500000E+5	7.031687E-2	2.868274E-2
8.000000E+4	-1.500000E+5	1.475008E-1	4.925659E-3
9.000000E+4	-1.500000E+5	1.652084E-1	1.970195E-2
1.000000E+5	-1.500000E+5	1.115593E-1	5.658979E-2
1.100000E+5	-1.500000E+5	1.449024E-1	1.346624E-2
1.200000E+5	-1.500000E+5	1.211657E-1	7.392634E-3
1.300000E+5	-1.500000E+5	1.428934E-1	1.752255E-2
1.400000E+5	-1.500000E+5	1.095105E-1	4.596985E-3
1.500000E+5	-1.500000E+5	1.149072E-1	6.257403E-3
-1.500000E+5	-1.400000E+5	1.341466E-1	1.386995E-2
-1.400000E+5	-1.400000E+5	1.167673E-1	5.025753E-3
-1.300000E+5	-1.400000E+5	1.471765E-1	1.935441E-2
-1.200000E+5	-1.400000E+5	1.241547E-1	7.098262E-3
-1.100000E+5	-1.400000E+5	1.677232E-1	1.887889E-2
-1.000000E+5	-1.400000E+5	1.180716E-1	3.880677E-2
-9.000000E+4	-1.400000E+5	1.825571E-1	2.188782E-2
-8.000000E+4	-1.400000E+5	1.678782E-1	5.948845E-3
-7.000000E+4	-1.400000E+5	1.881374E-1	1.405639E-2
-6.000000E+4	-1.400000E+5	1.836167E-1	5.009126E-3
-5.000000E+4	-1.400000E+5	1.932425E-1	1.579659E-2
-4.000000E+4	-1.400000E+5	1.853870E-1	5.287025E-3
-3.000000E+4	-1.400000E+5	2.233008E-1	4.550868E-2
-2.000000E+4	-1.400000E+5	1.802493E-1	6.404937E-3
-1.000000E+4	-1.400000E+5	1.767321E-1	4.378041E-3
0.000000E+0	-1.400000E+5	1.701299E-1	4.310789E-3
1.000000E+4	-1.400000E+5	1.603665E-1	4.870651E-3
2.000000E+4	-1.400000E+5	1.691489E-1	7.515119E-3
3.000000E+4	-1.400000E+5	1.590795E-1	5.929943E-3
4.000000E+4	-1.400000E+5	1.559243E-1	3.954380E-3
5.000000E+4	-1.400000E+5	1.468685E-1	5.157841E-3
6.000000E+4	-1.400000E+5	1.450390E-1	9.069644E-3
7.000000E+4	-1.400000E+5	1.437408E-1	5.304094E-3
8.000000E+4	-1.400000E+5	1.439172E-1	5.231471E-3
9.000000E+4	-1.400000E+5	3.867998E-1	2.798447E-1
1.000000E+5	-1.400000E+5	1.569043E-1	7.383982E-3
1.100000E+5	-1.400000E+5	1.814894E-1	7.945298E-2
1.200000E+5	-1.400000E+5	1.573591E-1	4.683041E-3
1.300000E+5	-1.400000E+5	1.372233E-1	5.759812E-3
1.400000E+5	-1.400000E+5	1.435848E-1	8.482205E-3
1.500000E+5	-1.400000E+5	1.251694E-1	5.834791E-3
-1.500000E+5	-1.300000E+5	1.206731E-1	8.904601E-3
-1.400000E+5	-1.300000E+5	1.351552E-1	2.875474E-2
-1.300000E+5	-1.300000E+5	8.681403E-2	1.482984E-2
-1.200000E+5	-1.300000E+5	1.253173E-1	5.455007E-3
-1.100000E+5	-1.300000E+5	1.332298E-1	5.085046E-3
-1.000000E+5	-1.300000E+5	1.560619E-1	6.129022E-3
-9.000000E+4	-1.300000E+5	1.398391E-1	3.909639E-2
-8.000000E+4	-1.300000E+5	1.858510E-1	8.799197E-3
-7.000000E+4	-1.300000E+5	2.012478E-1	5.932670E-3
-6.000000E+4	-1.300000E+5	2.193430E-1	5.127991E-3
-5.000000E+4	-1.300000E+5	2.103709E-1	4.263325E-3
-4.000000E+4	-1.300000E+5	1.938513E-1	9.170661E-3
-3.000000E+4	-1.300000E+5	2.071086E-1	4.657711E-3
-2.000000E+4	-1.300000E+5	1.762936E-1	1.664869E-2
-1.000000E+4	-1.300000E+5	2.019382E-1	4.337584E-3
0.000000E+0	-1.300000E+5	1.884750E-1	5.444677E-3
1.000000E+4	-1.300000E+5	1.779395E-1	4.122045E-3
2.000000E+4	-1.300000E+5	1.685136E-1	4.463316E-3
3.000000E+4	-1.300000E+5	2.560720E-2	1.826354E-1
4.000000E+4	-1.300000E+5	1.384246E-1	7.939180E-3
5.000000E+4	-1.300000E+5	1.298615E-1	3.486371E-2
6.000000E+4	-1.300000E+5	1.653981E-1	3.784202E-2
7.000000E+4	-1.300000E+5	1.402072E-1	5.248826E-3
8.000000E+4	-1.300000E+5	1.582606E-1	6.323579E-3
9.000000E+4	-1.300000E+5	1.654930E-1	4.714128E-3
1.000000E+5	-1.300000E+5	1.816026E-1	4.728860E-3
1.100000E+5	-1.300000E+5	1.904758E-1	1.049163E-2
1.200000E+5	-1.300000E+5	2.461800E-2	2.205986E-1
1.300000E+5	-1.300000E+5	2.221199E-1	3.154428E-2
1.400000E+5	-1.300000E+5	1.483747E-1	4.866097E-2
1.500000E+5	-1.300000E+5	1.935913E-1	3.533864E-2
-1.500000E+5	-1.200000E+5	1.168734E-1	5.648091E-3
-1.400000E+5	-1.200000E+5	1.133490E-1	4.401604E-3
-1.300000E+5	-1.200000E+5	-9.357785E-5	1.954547E-1
-1.200000E+5	-1.200000E+5	1.323559E-1	4.039640E-3
-1.100000E+5	-1.200000E+5	1.467257E-1	9.020193E-3
-1.000000E+5	-1.200000E+5	1.563597E-1	4.725261E-3
-9.000000E+4	-1.200000E+5	1.942602E-1	6.083362E-3
-8.000000E+4	-1.200000E+5	2.133120E-1	7.865356E-3
-7.000000E+4	-1.200000E+5	2.248305E-1	4.477192E-3
-6.000000E+4	-1.200000E+5	2.315509E-1	6.417357E-3
-5.000000E+4	-1.200000E+5	2.423118E-1	6.460000E-3
-4.000000E+4	-1.200000E+5	2.332662E-1	5.277118E-3
-3.000000E+4	-1.200000E+5	2.271312E-1	4.598213E-3
-2.000000E+4	-1.200000E+5	2.261848E-1	4.345260E-3
-1.000000E+4	-1.200000E+5	2.137515E-1	4.434745E-3
0.000000E+0	-1.200000E+5	2.025256E-1	4.589669E-3
1.000000E+4	-1.200000E+5	2.224055E-1	5.733463E-2
2.000000E+4	-1.200000E+5	1.807623E-1	7.476102E-3
3.000000E+4	-1.200000E+5	1.692427E-1	5.960987E-3
4.000000E+4	-1.200000E+5	1.714312E-1	1.498160E-2
5.000000E+4	-1.200000E+5	1.538235E-1	4.386336E-3
6.000000E+4	-1.200000E+5	1.321448E-1	1.520388E-2
7.000000E+4	-1.200000E+5	1.603603E-1	6.111631E-3
8.000000E+4	-1.200000E+5	2.036862E-1	1.427368E-2
9.000000E+4	-1.200000E+5	1.913651E-1	6.050456E-3
1.000000E+5	-1.200000E+5	2.347092E-1	1.340167E-2
1.100000E+5	-1.200000E+5	2.177470E-1	6.224777E-3
1.200000E+5	-1.200000E+5	1.747761E-1	4.413045E-2
1.300000E+5	-1.200000E+5	2.020453E-1	5.011987E-3
1.400000E+5	-1.200000E+5	1.941164E-1	7.856901E-3
1.500000E+5	-1.200000E+5	1.771400E-1	1.116415E-2
-1.500000E+5	-1.100000E+5	1.177443E-1	5.568061E-3
-1.400000E+5	-1.100000E+5	1.373549E-1	1.473069E-2
-1.300000E+5	-1.100000E+5	1.370071E-1	4.954316E-3
-1.200000E+5	-1.100000E+5	1.808571E-1	2.646382E-2
-1.100000E+5	-1.100000E+5	1.589275E-1	5.290050E-3
-1.000000E+5	-1.100000E+5	2.579187E-1	2.649836E-2
-9.000000E+4	-1.100000E+5	2.114203E-1	4.226972E-3
-8.000000E+4	-1.100000E+5	2.779382E-1	2.504788E-2
-7.000000E+4	-1.100000E+5	2.476157E-1	7.455041E-3
-6.000000E+4	-1.100000E+5	2.567928E-1	4.962976E-3
-5.000000E+4	-1.100000E+5	2.993140E-1	1.129064E-1
-4.000000E+4	-1.100000E+5	2.514930E-1	4.877453E-3
-3.000000E+4	-1.100000E+5	2.484652E-1	4.362600E-3
-2.000000E+4	-1.100000E+5	2.327818E-1	4.870013E-3
-1.000000E+4	-1.100000E+5	2.258014E-1	5.063433E-3
0.000000E+0	-1.100000E+5	4.836689E-2	2.174815E-1
1.000000E+4	-1.100000E+5	2.078938E-1	5.224078E-3
2.000000E+4	-1.100000E+5	1.725540E-1	4.926458E-2
3.000000E+4	-1.100000E+5	1.740521E-1	6.164510E-3
4.000000E+4	-1.100000E+5	1.663975E-1	8.714342E-3
5.000000E+4	-1.100000E+5	1.624846E-1	4.679394E-3
6.000000E+4	-1.100000E+5	1.681108E-1	4.311740E-3
7.000000E+4	-1.100000E+5	1.777396E-1	4.150465E-3
8.000000E+4	-1.100000E+5	1.897099E-1	4.608671E-3
9.000000E+4	-1.100000E+5	2.125043E-1	4.013405E-3
1.000000E+5	-1.100000E+5	2.408871E-1	5.580463E-3
1.100000E+5	-1.100000E+5	2.359309E-1	5.713287E-3
1.200000E+5	-1.100000E+5	2.310665E-1	5.955864E-3
1.300000E+5	-1.100000E+5	2.096948E-1	1.473821E-2
1.400000E+5	-1.100000E+5	1.636267E-1	1.117801E-1
1.500000E+5	-1.100000E+5	1.848363E-1	5.035737E-3
-1.500000E+5	-1.000000E+5	1.133082E-1	7.045612E-3
-1.400000E+5	-1.000000E+5	1.207884E-1	4.700113E-3
-1.300000E+5	-1.000000E+5	1.297381E-1	7.666802E-3
-1.200000E+5	-1.000000E+5	1.538704E-1	5.945786E-3
-1.100000E+5	-1.000000E+5	1.783189E-1	6.390617E-3
-1.000000E+5	-1.000000E+5	2.183355E-1	6.979991E-3
-9.000000E+4	-1.000000E+5	2.287689E-1	8.114350E-3
-8.000000E+4	-1.000000E+5	2.556180E-1	5.966779E-3
-7.000000E+4	-1.000000E+5	2.186659E-1	2.952253E-2
-6.000000E+4	-1.000000E+5	2.332927E-1	1.120542E-1
-5.000000E+4	-1.000000E+5	1.948640E-1	2.936669E-2
-4.000000E+4	-1.000000E+5	2.660698E-1	6.683294E-3
-3.000000E+4	-1.000000E+5	1.869004E-1	4.230141E-2
-2.000000E+4	-1.000000E+5	2.528513E-1	5.381133E-3
-1.000000E+4	-1.000000E+5	2.088371E-1	3.954021E-2
0.000000E+0	-1.000000E+5	2.307871E-1	5.343333E-3
1.000000E+4	-1.000000E+5	2.484020E-1	4.267013E-2
2.000000E+4	-1.000000E+5	2.122881E-1	6.419622E-3
3.000000E+4	-1.000000E+5	1.936280E-1	7.691155E-3
4.000000E+4	-1.000000E+5	2.060684E-1	6.006188E-3
5.000000E+4	-1.000000E+5	1.897681E-1	5.228594E-3
6.000000E+4	-1.000000E+5	1.923043E-1	9.458581E-3
7.000000E+4	-1.000000E+5	1.990227E-1	5.947323E-3
8.000000E+4	-1.000000E+5	2.232906E-1	8.159648E-3
9.000000E+4	-1.000000E+5	2.542260E-1	5.102308E-3
1.000000E+5	-1.000000E+5	2.710699E-1	3.956726E-3
1.100000E+5	-1.000000E+5	4.006772E-1	1.894512E-1
1.200000E+5	-1.000000E+5	2.506057E-1	5.805248E-3
1.300000E+5	-1.000000E+5	2.338139E-1	5.036901E-3
1.400000E+5	-1.000000E+5	2.138310E-1	4.322596E-3
1.500000E+5	-1.000000E+5	1.816097E-1	5.873779E-3
-1.500000E+5	-9.000000E+4	1.211035E-1	5.161724E-3
-1.400000E+5	-9.000000E+4	8.160392E-2	1.041752E-1
-1.300000E+5	-9.000000E+4	1.312239E-1	4.868915E-3
-1.200000E+5	-9.000000E+4	1.582290E-1	4.744972E-3
-1.100000E+5	-9.000000E+4	1.946569E-1	7.701816E-3
-1.000000E+5	-9.000000E+4	2.253761E-1	4.370692E-3
-9.000000E+4	-9.000000E+4	2.469539E-1	7.879546E-3
-8.000000E+4	-9.000000E+4	2.689518E-1	4.373284E-3
-7.000000E+4	-9.000000E+4	2.679310E-1	5.748182E-3
-6.000000E+4	-9.000000E+4	2.813830E-1	5.501137E-3
-5.000000E+4	-9.000000E+4	2.826343E-1	8.598503E-3
-4.000000E+4	-9.000000E+4	2.757834E-1	5.317732E-3
-3.000000E+4	-9.000000E+4	2.708394E-1	3.868158E-3
-2.000000E+4	-9.000000E+4	2.615399E-1	5.370318E-3
-1.000000E+4	-9.000000E+4	2.571232E-1	6.327092E-3
0.000000E+0	-9.000000E+4	2.514216E-1	4.447971E-3
1.000000E+4	-9.000000E+4	2.529380E-1	5.645646E-3
2.000000E+4	-9.000000E+4	2.449551E-1	4.536997E-3
3.000000E+4	-9.000000E+4	2.455486E-1	6.129531E-3
4.000000E+4	-9.000000E+4	2.120719E-1	2.264932E-2
5.000000E+4	-9.000000E+4	2.254393E-1	5.056839E-3
6.000000E+4	-9.000000E+4	2.553580E-1	1.545189E-2
7.000000E+4	-9.000000E+4	2.364602E-1	3.965850E-3
8.000000E+4	-9.000000E+4	2.760383E-1	1.314280E-2
9.000000E+4	-9.000000E+4	2.682726E-1	5.711796E-3
1.000000E+5	-9.000000E+4	2.903337E-1	7.470904E-3
1.100000E+5	-9.000000E+4	2.675434E-1	6.493326E-3
1.200000E+5	-9.000000E+4	2.429257E-1	1.860302E-2
1.300000E+5	-9.000000E+4	2.305464E-1	6.269159E-3
1.400000E+5	-9.000000E+4	1.947579E-1	7.049751E-3
1.500000E+5	-9.000000E+4	1.765556E-1	4.733606E-3
-1.500000E+5	-8.000000E+4	1.651727E-1	3.465606E-2
-1.400000E+5	-8.000000E+4	1.100326E-1	1.603817E-2
-1.300000E+5	-8.000000E+4	2.136047E-1	9.609584E-2
-1.200000E+5	-8.000000E+4	1.484247E-1	1.353871E-2
-1.100000E+5	-8.000000E+4	2.077816E-1	5.198392E-3
-1.000000E+5	-8.000000E+4	2.098161E-1	2.215086E-2
-9.000000E+4	-8.000000E+4	2.574914E-1	4.622226E-3
-8.000000E+4	-8.000000E+4	2.475280E-1	3.075646E-2
-7.000000E+4	-8.000000E+4	2.733838E-1	6.140673E-3
-6.000000E+4	-8.000000E+4	2.806682E-1	1.012451E-2
-5.000000E+4	-8.000000E+4	2.862066E-1	6.044986E-3
-4.000000E+4	-8.000000E+4	2.769123E-1	5.054260E-3
-3.000000E+4	-8.000000E+4	2.914677E-1	4.584546E-3
-2.000000E+4	-8.000000E+4	2.781442E-1	5.459833E-3
-1.000000E+4	-8.000000E+4	2.796769E-1	4.146400E-3
0.000000E+0	-8.000000E+4	2.747748E-1	5.864375E-3
1.000000E+4	-8.000000E+4	2.810587E-1	4.903404E-3
2.000000E+4	-8.000000E+4	2.727709E-1	4.439242E-3
3.000000E+4	-8.000000E+4	2.700848E-1	3.999397E-3
4.000000E+4	-8.000000E+4	2.622874E-1	5.562849E-3
5.000000E+4	-8.000000E+4	2.501835E-1	4.802160E-3
6.000000E+4	-8.000000E+4	2.548613E-1	6.549010E-3
7.000000E+4	-8.000000E+4	2.465816E-1	9.701135E-3
8.000000E+4	-8.000000E+4	2.678922E-1	4.910682E-3
9.000000E+4	-8.000000E+4	2.799176E-1	4.344494E-3
1.000000E+5	-8.000000E+4	2.805131E-1	4.233879E-3
1.100000E+5	-8.000000E+4	2.775547E-1	4.192246E-3
1.200000E+5	-8.000000E+4	2.439893E-1	5.199601E-3
1.300000E+5	-8.000000E+4	2.014712E-1	5.548539E-3
1.400000E+5	-8.000000E+4	1.743794E-1	1.045976E-2
1.500000E+5	-8.000000E+4	1.464025E-1	8.612111E-3
-1.500000E+5	-7.000000E+4	1.429760E-1	6.846532E-3
-1.400000E+5	-7.000000E+4	-1.065963E-2	2.137907E-1
-1.300000E+5	-7.000000E+4	1.747414E-1	5.482642E-3
-1.200000E+5	-7.000000E+4	1.858092E-1	4.952950E-2
-1.100000E+5	-7.000000E+4	2.218262E-1	7.140736E-3
-1.000000E+5	-7.000000E+4	2.506129E-1	4.438816E-3
-9.000000E+4	-7.000000E+4	2.638926E-1	5.964188E-3
-8.000000E+4	-7.000000E+4	2.783022E-1	4.400640E-3
-7.000000E+4	-7.000000E+4	2.777658E-1	5.618986E-3
-6.000000E+4	-7.000000E+4	2.986410E-1	5.442156E-3
-5.000000E+4	-7.000000E+4	2.865676E-1	1.282816E-2
-4.000000E+4	-7.000000E+4	3.063281E-1	4.464267E-3
-3.000000E+4	-7.000000E+4	2.790987E-1	2.323010E-2
-2.000000E+4	-7.000000E+4	3.183454E-1	4.309193E-3
-1.000000E+4	-7.000000E+4	2.758445E-1	2.820767E-2
0.000000E+0	-7.000000E+4	2.862821E-1	9.292335E-2
1.000000E+4	-7.000000E+4	2.495350E-1	2.924848E-2
2.000000E+4	-7.000000E+4	3.118370E-1	6.011214E-3
3.000000E+4	-7.000000E+4	2.446818E-1	4.809343E-2
4.000000E+4	-7.000000E+4	2.807191E-1	4.237902E-3
5.000000E+4	-7.000000E+4	2.640507E-1	8.950371E-3
6.000000E+4	-7.000000E+4	2.598063E-1	6.446117E-3
7.000000E+4	-7.000000E+4	2.746055E-1	8.300933E-3
8.000000E+4	-7.000000E+4	2.811087E-1	4.115608E-3
9.000000E+4	-7.000000E+4	2.813035E-1	7.414827E-3
1.000000E+5	-7.000000E+4	2.846035E-1	4.560313E-3
1.100000E+5	-7.000000E+4	2.723589E-1	6.365139E-3
1.200000E+5	-7.000000E+4	2.351987E-1	3.808889E-3
1.300000E+5	-7.000000E+4	2.137780E-1	8.896798E-3
1.400000E+5	-7.000000E+4	1.576018E-1	3.116964E-2
1.500000E+5	-7.000000E+4	1.654420E-1	5.659811E-3
-1.500000E+5	-6.000000E+4	1.528659E-1	4.464384E-3
-1.400000E+5	-6.000000E+4	1.661385E-1	1.067695E-2
-1.300000E+5	-6.000000E+4	1.904177E-1	8.996128E-3
-1.200000E+5	-6.000000E+4	2.021055E-1	8.875550E-3
-1.100000E+5	-6.000000E+4	2.379012E-1	4.503567E-3
-1.000000E+5	-6.000000E+4	2.473016E-1	1.112287E-2
-9.000000E+4	-6.000000E+4	3.918845E-1	1.491918E-1
-8.000000E+4	-6.000000E+4	2.328563E-1	2.920502E-2
-7.000000E+4	-6.000000E+4	3.119247E-1	4.882078E-3
-6.000000E+4	-6.000000E+4	3.272471E-1	5.892907E-3
-5.000000E+4	-6.000000E+4	3.382282E-1	5.596891E-3
-4.000000E+4	-6.000000E+4	3.341552E-1	3.409914E-2
-3.000000E+4	-6.000000E+4	3.843411E-1	6.560322E-3
-2.000000E+4	-6.000000E+4	4.375100E-1	6.991857E-2
-1.000000E+4	-6.000000E+4	3.987212E-1	4.029093E-3
0.000000E+0	-6.000000E+4	4.153173E-1	4.609756E-3
1.000000E+4	-6.000000E+4	4.000235E-1	5.704910E-3
2.000000E+4	-6.000000E+4	3.879991E-1	5.436930E-3
3.000000E+4	-6.000000E+4	3.584048E-1	5.606595E-3
4.000000E+4	-6.000000E+4	3.253432E-1	5.741760E-3
5.000000E+4	-6.000000E+4	2.916941E-1	7.890871E-3
6.000000E+4	-6.000000E+4	2.827832E-1	8.715037E-3
7.000000E+4	-6.000000E+4	2.755213E-1	5.955837E-3
8.000000E+4	-6.000000E+4	2.828923E-1	4.308044E-3
9.000000E+4	-6.000000E+4	2.938510E-1	4.151838E-3
1.000000E+5	-6.000000E+4	1.999507E-1	1.157910E-1
1.100000E+5	-6.000000E+4	2.774558E-1	4.398767E-3
1.200000E+5	-6.000000E+4	2.454823E-1	2.757778E-2
1.300000E+5	-6.000000E+4	2.201507E-1	4.973266E-3
1.400000E+5	-6.000000E+4	1.871492E-1	4.445687E-3
1.500000E+5	-6.000000E+4	1.586328E-1	4.909437E-3
-1.500000E+5	-5.000000E+4	1.658407E-1	5.636971E-3
-1.400000E+5	-5.000000E+4	1.923930E-1	6.123463E-3
-1.300000E+5	-5.000000E+4	2.142910E-1	3.896931E-3
-1.200000E+5	-5.000000E+4	2.215213E-1	6.893571E-3
-1.100000E+5	-5.000000E+4	2.507312E-1	4.661107E-3
-1.000000E+5	-5.000000E+4	2.724017E-1	4.856234E-3
-9.000000E+4	-5.000000E+4	2.943772E-1	8.734403E-3
-8.000000E+4	-5.000000E+4	3.051329E-1	4.758116E-2
-7.000000E+4	-5.000000E+4	3.637597E-1	8.148599E-3
-6.000000E+4	-5.000000E+4	3.965113E-1	3.916909E-3
-5.000000E+4	-5.000000E+4	4.475039E-1	5.364904E-3
-4.000000E+4	-5.000000E+4	5.012928E-1	5.119307E-3
-3.000000E+4	-5.000000E+4	5.400867E-1	5.234123E-3
-2.000000E+4	-5.000000E+4	5.861394E-1	5.573625E-3
-1.000000E+4	-5.000000E+4	6.049637E-1	6.743913E-3
0.000000E+0	-5.000000E+4	6.133668E-1	4.586564E-3
1.000000E+4	-5.000000E+4	6.060202E-1	2.355067E-2
2.000000E+4	-5.000000E+4	5.344207E-1	4.450240E-3
3.000000E+4	-5.000000E+4	4.172314E-1	3.104493E-2
4.000000E+4	-5.000000E+4	3.849479E-1	6.962983E-2
5.000000E+4	-5.000000E+4	3.069930E-1	2.484001E-2
6.000000E+4	-5.000000E+4	3.126202E-1	6.085726E-3
7.000000E+4	-5.000000E+4	2.619988E-1	2.311036E-2
8.000000E+4	-5.000000E+4	2.744117E-1	5.673357E-3
9.000000E+4	-5.000000E+4	1.690989E-1	1.818754E-1
1.000000E+5	-5.000000E+4	2.908457E-1	4.525517E-3
1.100000E+5	-5.000000E+4	2.973305E-1	1.712734E-2
1.200000E+5	-5.000000E+4	2.617419E-1	5.008715E-3
1.300000E+5	-5.000000E+4	2.334376E-1	5.119551E-3
1.400000E+5	-5.000000E+4	1.973308E-1	4.825840E-3
1.500000E+5	-5.000000E+4	1.692295E-1	4.895474E-3
-1.500000E+5	-4.000000E+4	1.773409E-1	5.824250E-3
-1.400000E+5	-4.000000E+4	2.131988E-1	1.412548E-2
-1.300000E+5	-4.000000E+4	2.630533E-1	3.278699E-2
-1.200000E+5	-4.000000E+4	2.543626E-1	8.039098E-3
-1.100000E+5	-4.000000E+4	2.517316E-1	3.263374E-2
-1.000000E+5	-4.000000E+4	3.004919E-1	5.565520E-3
-9.000000E+4	-4.000000E+4	3.832571E-1	6.911307E-2
-8.000000E+4	-4.000000E+4	-9.720166E-1	8.854307E-1
-7.000000E+4	-4.000000E+4	4.720330E-1	6.132568E-3
-6.000000E+4	-4.000000E+4	5.363247E-1	8.409633E-3
-5.000000E+4	-4.000000E+4	6.494022E-1	5.283218E-3
-4.000000E+4	-4.000000E+4	7.378833E-1	3.777243E-2
-3.000000E+4	-4.000000E+4	8.463483E-1	5.350409E-3
-2.000000E+4	-4.000000E+4	9.180773E-1	6.097191E-3
-1.000000E+4	-4.000000E+4	9.705680E-1	1.084419E-2
0.000000E+0	-4.000000E+4	9.616081E-1	6.041101E-3
1.000000E+4	-4.000000E+4	9.093714E-1	5.406814E-3
2.000000E+4	-4.000000E+4	8.388987E-1	5.291006E-3
3.000000E+4	-4.000000E+4	7.929714E-1	1.300578E-1
4.000000E+4	-4.000000E+4	6.002227E-1	6.447765E-3
5.000000E+4	-4.000000E+4	4.891553E-1	4.986127E-3
6.000000E+4	-4.000000E+4	3.931929E-1	5.186221E-3
7.000000E+4	-4.000000E+4	3.472320E-1	5.721873E-3
8.000000E+4	-4.000000E+4	3.063710E-1	4.535054E-3
9.000000E+4	-4.000000E+4	3.051951E-1	4.407837E-3
1.000000E+5	-4.000000E+4	2.932911E-1	4.261014E-3
1.100000E+5	-4.000000E+4	3.016626E-1	4.835120E-3
1.200000E+5	-4.000000E+4	3.002767E-1	1.522185E-2
1.300000E+5	-4.000000E+4	2.555130E-1	5.676973E-3
1.400000E+5	-4.000000E+4	2.505496E-1	2.402292E-2
1.500000E+5	-4.000000E+4	1.766678E-1	5.692894E-3
-1.500000E+5	-3.000000E+4	2.106320E-1	1.105684E-2
-1.400000E+5	-3.000000E+4	2.284763E-1	5.136703E-3
-1.300000E+5	-3.000000E+4	2.557720E-1	4.688184E-3
-1.200000E+5	-3.000000E+4	2.700368E-1	4.803993E-3
-1.100000E+5	-3.000000E+4	3.052145E-1	5.930264E-3
-1.000000E+5	-3.000000E+4	3.488544E-1	4.640958E-3
-9.000000E+4	-3.000000E+4	4.015532E-1	6.730615E-3
-8.000000E+4	-3.000000E+4	4.900833E-1	4.845627E-3
-7.000000E+4	-3.000000E+4	5.976488E-1	4.592402E-3
-6.000000E+4	-3.000000E+4	7.520737E-1	5.332885E-3
-5.000000E+4	-3.000000E+4	9.285475E-1	5.876323E-3
-4.000000E+4	-3.000000E+4	1.178249E+0	1.727427E-2
-3.000000E+4	-3.000000E+4	1.273812E+0	9.187181E-2
-2.000000E+4	-3.000000E+4	1.427938E+0	1.970934E-2
-1.000000E+4	-3.000000E+4	1.534300E+0	5.296182E-3
0.000000E+0	-3.000000E+4	1.508879E+0	4.524982E-2
1.000000E+4	-3.000000E+4	1.476072E+0	5.959962E-3
2.000000E+4	-3.000000E+4	1.181038E+0	2.332882E-1
3.000000E+4	-3.000000E+4	1.130125E+0	4.776396E-3
4.000000E+4	-3.000000E+4	9.225981E-1	1.941106E-2
5.000000E+4	-3.000000E+4	7.197137E-1	4.671032E-3
6.000000E+4	-3.000000E+4	5.492158E-1	5.333579E-3
7.000000E+4	-3.000000E+4	4.299156E-1	4.178191E-3
8.000000E+4	-3.000000E+4	3.507003E-1	5.143177E-3
9.000000E+4	-3.000000E+4	3.186023E-1	4.762953E-3
1.000000E+5	-3.000000E+4	3.010670E-1	4.985575E-3
1.100000E+5	-3.000000E+4	3.063934E-1	4.444409E-3
1.200000E+5	-3.000000E+4	2.819194E-1	4.146723E-3
1.300000E+5	-3.000000E+4	2.647696E-1	4.733817E-3
1.400000E+5	-3.000000E+4	2.343146E-1	4.582248E-3
1.500000E+5	-3.000000E+4	2.017751E-1	4.755792E-3
-1.500000E+5	-2.000000E+4	2.353660E-1	4.189394E-3
-1.400000E+5	-2.000000E+4	2.493330E-1	5.420345E-3
-1.300000E+5	-2.000000E+4	2.770581E-1	5.737457E-3
-1.200000E+5	-2.000000E+4	2.996781E-1	5.262077E-3
-1.100000E+5	-2.000000E+4	-8.035900E-1	8.129757E-1
-1.000000E+5	-2.000000E+4	3.896206E-1	4.249586E-3
-9.000000E+4	-2.000000E+4	4.858725E-1	5.743633E-3
-8.000000E+4	-2.000000E+4	5.989235E-1	5.162213E-3
-7.000000E+4	-2.000000E+4	7.789595E-1	6.375106E-3
-6.000000E+4	-2.000000E+4	1.009776E+0	4.321065E-3
-5.000000E+4	-2.000000E+4	1.298670E+0	4.669757E-3
-4.000000E+4	-2.000000E+4	1.596686E+0	4.721771E-3
-3.000000E+4	-2.000000E+4	1.889006E+0	4.433906E-3
-2.000000E+4	-2.000000E+4	2.136379E+0	1.019720E-2
-1.000000E+4	-2.000000E+4	2.286897E+0	6.072482E-3
0.000000E+0	-2.000000E+4	2.310136E+0	5.622315E-3
1.000000E+4	-2.000000E+4	2.208590E+0	5.463031E-3
2.000000E+4	-2.000000E+4	1.985981E+0	5.005491E-3
3.000000E+4	-2.000000E+4	1.682351E+0	5.818553E-3
4.000000E+4	-2.000000E+4	1.362629E+0	6.264507E-3
5.000000E+4	-2.000000E+4	1.060035E+0	1.942647E-2
6.000000E+4	-2.000000E+4	7.562916E-1	6.507775E-3
7.000000E+4	-2.000000E+4	5.788092E-1	1.534287E-2
8.000000E+4	-2.000000E+4	3.362702E-1	1.127038E-1
9.000000E+4	-2.000000E+4	3.960850E-1	2.790348E-2
1.000000E+5	-2.000000E+4	3.054552E-1	5.575056E-3
1.100000E+5	-2.000000E+4	3.374562E-1	3.264150E-2
1.200000E+5	-2.000000E+4	3.026141E-1	5.734091E-3
1.300000E+5	-2.000000E+4	2.846331E-1	2.942990E-2
1.400000E+5	-2.000000E+4	2.460055E-1	4.642587E-3
1.500000E+5	-2.000000E+4	2.362919E-1	1.006848E-2
-1.500000E+5	-1.000000E+4	2.496369E-1	1.302386E-2
-1.400000E+5	-1.000000E+4	2.808711E-1	4.444756E-3
-1.300000E+5	-1.000000E+4	4.060311E-1	5.550456E-2
-1.200000E+5	-1.000000E+4	3.363783E-1	7.689126E-3
-1.100000E+5	-1.000000E+4	4.761468E-1	5.591927E-2
-1.000000E+5	-1.000000E+4	4.403532E-1	5.899655E-3
-9.000000E+4	-1.000000E+4	6.121839E-1	7.018113E-2
-8.000000E+4	-1.000000E+4	7.196953E-1	5.766904E-3
-7.000000E+4	-1.000000E+4	9.795554E-1	2.662604E-2
-6.000000E+4	-1.000000E+4	1.302856E+0	7.709704E-3
-5.000000E+4	-1.000000E+4	1.707089E+0	4.207612E-3
-4.000000E+4	-1.000000E+4	2.251575E+0	1.892171E-1
-3.000000E+4	-1.000000E+4	2.566743E+0	5.257439E-3
-2.000000E+4	-1.000000E+4	2.924508E+0	4.951111E-3
-1.000000E+4	-1.000000E+4	3.136367E+0	8.937344E-3
0.000000E+0	-1.000000E+4	3.172753E+0	4.598327E-3
1.000000E+4	-1.000000E+4	3.021966E+0	9.145825E-3
2.000000E+4	-1.000000E+4	2.709319E+0	5.046952E-3
3.000000E+4	-1.000000E+4	2.302578E+0	3.788266E-2
4.000000E+4	-1.000000E+4	1.831822E+0	4.442750E-3
5.000000E+4	-1.000000E+4	1.368868E+0	7.396345E-3
6.000000E+4	-1.000000E+4	9.836530E-1	6.195686E-3
7.000000E+4	-1.000000E+4	6.930084E-1	4.335027E-3
8.000000E+4	-1.000000E+4	4.854779E-1	7.182539E-3
9.000000E+4	-1.000000E+4	3.719242E-1	6.213418E-3
1.000000E+5	-1.000000E+4	3.218024E-1	7.200522E-3
1.100000E+5	-1.000000E+4	3.052023E-1	4.722471E-3
1.200000E+5	-1.000000E+4	3.040775E-1	4.829722E-3
1.300000E+5	-1.000000E+4	2.827628E-1	6.639790E-3
1.400000E+5	-1.000000E+4	2.652540E-1	1.279559E-2
1.500000E+5	-1.000000E+4	2.166192E-1	6.103328E-3
-1.500000E+5	0.000000E+0	2.600051E-1	8.880034E-3
-1.400000E+5	0.000000E+0	3.030750E-1	4.881783E-3
-1.300000E+5	0.000000E+0	3.218014E-1	5.108850E-3
-1.200000E+5	0.000000E+0	3.650559E-1	4.958076E-3
-1.100000E+5	0.000000E+0	3.947563E-1	4.046987E-3
-1.000000E+5	0.000000E+0	4.812356E-1	6.679309E-3
-9.000000E+4	0.000000E+0	6.073531E-1	6.614891E-3
-8.000000E+4	0.000000E+0	8.269355E-1	6.816877E-3
-7.000000E+4	0.000000E+0	1.141867E+0	6.213360E-3
-6.000000E+4	0.000000E+0	1.592337E+0	1.179809E-2
-5.000000E+4	0.000000E+0	2.097454E+0	3.983391E-2
-4.000000E+4	0.000000E+0	2.741896E+0	3.198055E-2
-3.000000E+4	0.000000E+0	3.254468E+0	3.146619E-2
-2.000000E+4	0.000000E+0	3.829983E+0	5.860156E-2
-1.000000E+4	0.000000E+0	4.046066E+0	7.366218E-3
0.000000E+0	0.000000E+0	4.222476E+0	4.402982E-2
1.000000E+4	0.000000E+0	3.925898E+0	4.430396E-3
2.000000E+4	0.000000E+0	3.604787E+0	7.084075E-2
3.000000E+4	0.000000E+0	2.976394E+0	5.840401E-3
4.000000E+4	0.000000E+0	2.379117E+0	4.746672E-2
5.000000E+4	0.000000E+0	1.753521E+0	4.680388E-3
6.000000E+4	0.000000E+0	1.239003E+0	7.426453E-3
7.000000E+4	0.000000E+0	7.345466E-1	1.456888E-1
8.000000E+4	0.000000E+0	5.766441E-1	4.384538E-3
9.000000E+4	0.000000E+0	3.940618E-1	3.542246E-2
1.000000E+5	0.000000E+0	3.271604E-1	4.287269E-3
1.100000E+5	0.000000E+0	3.105980E-1	5.994014E-3
1.200000E+5	0.000000E+0	2.991998E-1	5.259399E-3
1.300000E+5	0.000000E+0	2.900421E-1	9.622057E-3
1.400000E+5	0.000000E+0	2.623180E-1	9.414550E-3
1.500000E+5	0.000000E+0	2.319048E-1	1.037474E-2
-1.500000E+5	1.000000E+4	2.867492E-1	5.288310E-3
-1.400000E+5	1.000000E+4	3.096119E-1	1.093345E-2
-1.300000E+5	1.000000E+4	3.288319E-1	4.909706E-3
-1.200000E+5	1.000000E+4	3.588117E-1	5.876478E-3
-1.100000E+5	1.000000E+4	4.070835E-1	6.269897E-2
-1.000000E+5	1.000000E+4	4.928408E-1	6.161264E-3
-9.000000E+4	1.000000E+4	6.211845E-1	7.129695E-3
-8.000000E+4	1.000000E+4	8.874346E-1	6.101804E-3
-7.000000E+4	1.000000E+4	1.268473E+0	8.530140E-3
-6.000000E+4	1.000000E+4	1.786925E+0	4.351269E-3
-5.000000E+4	1.000000E+4	2.408966E+0	5.760171E-3
-4.000000E+4	1.000000E+4	3.136761E+0	4.812392E-2
-3.000000E+4	1.000000E+4	3.822485E+0	4.404694E-3
-2.000000E+4	1.000000E+4	4.384793E+0	9.874160E-3
-1.000000E+4	1.000000E+4	4.754698E+0	6.072561E-3
0.000000E+0	1.000000E+4	4.846585E+0	6.569086E-3
1.000000E+4	1.000000E+4	4.639501E+0	3.961220E-3
2.000000E+4	1.000000E+4	4.151515E+0	5.263817E-3
3.000000E+4	1.000000E+4	3.482715E+0	4.592328E-3
4.000000E+4	1.000000E+4	2.754648E+0	4.777772E-3
5.000000E+4	1.000000E+4	2.061595E+0	1.109274E-2
6.000000E+4	1.000000E+4	1.432470E+0	6.363445E-3
7.000000E+4	1.000000E+4	9.830737E-1	1.820511E-2
8.000000E+4	1.000000E+4	6.323523E-1	5.067138E-3
9.000000E+4	1.000000E+4	4.069050E-1	1.659033E-2
1.000000E+5	1.000000E+4	3.396631E-1	5.710695E-3
1.100000E+5	1.000000E+4	3.563050E-1	1.991269E-2
1.200000E+5	1.000000E+4	3.036012E-1	1.010705E-2
1.300000E+5	1.000000E+4	3.269085E-1	1.890662E-2
1.400000E+5	1.000000E+4	2.695647E-1	4.235961E-3
1.500000E+5	1.000000E+4	1.684432E-1	5.666961E-2
-1.500000E+5	2.000000E+4	2.908936E-1	1.846498E-2
-1.400000E+5	2.000000E+4	3.174897E-1	5.417938E-3
-1.300000E+5	2.000000E+4	3.398089E-1	8.250883E-3
-1.200000E+5	2.000000E+4	3.687434E-1	6.355394E-3
-1.100000E+5	2.000000E+4	4.495078E-1	4.102935E-2
-1.000000E+5	2.000000E+4	4.758062E-1	2.350252E-2
-9.000000E+4	2.000000E+4	6.963880E-1	2.956378E-2
-8.000000E+4	2.000000E+4	9.149201E-1	7.485686E-3
-7.000000E+4	2.000000E+4	1.391219E+0	3.016811E-2
-6.000000E+4	2.000000E+4	1.882596E+0	5.311080E-3
-5.000000E+4	2.000000E+4	2.612411E+0	4.188146E-2
-4.000000E+4	2.000000E+4	3.344287E+0	5.357346E-3
-3.000000E+4	2.000000E+4	4.131532E+0	5.941384E-2
-2.000000E+4	2.000000E+4	4.734886E+0	4.662728E-3
-1.000000E+4	2.000000E+4	5.130432E+0	5.827330E-3
0.000000E+0	2.000000E+4	5.236431E+0	6.494157E-3
1.000000E+4	2.000000E+4	5.005320E+0	4.697497E-3
2.000000E+4	2.000000E+4	4.439139E+0	6.576408E-2
3.000000E+4	2.000000E+4	3.762443E+0	4.098842E-3
4.000000E+4	2.000000E+4	2.958095E+0	7.552894E-3
5.000000E+4	2.000000E+4	2.193593E+0	4.966680E-3
6.000000E+4	2.000000E+4	1.536213E+0	4.454927E-3
7.000000E+4	2.000000E+4	9.285873E-1	1.241405E-1
8.000000E+4	2.000000E+4	6.588526E-1	5.365122E-3
9.000000E+4	2.000000E+4	4.482127E-1	1.531925E-2
1.000000E+5	2.000000E+4	3.482619E-1	5.430940E-3
1.100000E+5	2.000000E+4	3.097281E-1	7.189992E-3
1.200000E+5	2.000000E+4	3.040632E-1	5.186181E-3
1.300000E+5	2.000000E+4	2.920664E-1	4.296596E-3
1.400000E+5	2.000000E+4	2.691160E-1	4.294823E-3
1.500000E+5	2.000000E+4	2.303251E-1	7.671182E-3
-1.500000E+5	3.000000E+4	2.924406E-1	4.127323E-3
-1.400000E+5	3.000000E+4	3.089551E-1	6.307059E-3
-1.300000E+5	3.000000E+4	3.217994E-1	6.876602E-3
-1.200000E+5	3.000000E+4	3.568261E-1	7.231169E-3
-1.100000E+5	3.000000E+4	4.883823E-1	1.436188E-1
-1.000000E+5	3.000000E+4	4.932467E-1	5.557513E-3
-9.000000E+4	3.000000E+4	6.501568E-1	9.077180E-3
-8.000000E+4	3.000000E+4	9.257574E-1	7.113011E-3
-7.000000E+4	3.000000E+4	1.345071E+0	5.233186E-3
-6.000000E+4	3.000000E+4	1.923117E+0	1.189260E-2
-5.000000E+4	3.000000E+4	2.628366E+0	4.634583E-3
-4.000000E+4	3.000000E+4	3.427431E+0	8.052761E-3
-3.000000E+4	3.000000E+4	4.210916E+0	4.934634E-3
-2.000000E+4	3.000000E+4	4.875508E+0	5.430423E-3
-1.000000E+4	3.000000E+4	5.290800E+0	8.260221E-3
0.000000E+0	3.000000E+4	5.416274E+0	5.655456E-3
1.000000E+4	3.000000E+4	5.165167E+0	1.004247E-2
2.000000E+4	3.000000E+4	4.642843E+0	1.665155E-2
3.000000E+4	3.000000E+4	3.868234E+0	5.581591E-3
4.000000E+4	3.000000E+4	3.077085E+0	8.669924E-3
5.000000E+4	3.000000E+4	2.249380E+0	5.321750E-3
6.000000E+4	3.000000E+4	1.570580E+0	6.923197E-3
7.000000E+4	3.000000E+4	1.043353E+0	4.708574E-3
8.000000E+4	3.000000E+4	6.683744E-1	1.941704E-2
9.000000E+4	3.000000E+4	4.577426E-1	6.274130E-3
1.000000E+5	3.000000E+4	3.427092E-1	8.497808E-3
1.100000E+5	3.000000E+4	2.970480E-1	4.878901E-3
1.200000E+5	3.000000E+4	2.962730E-1	4.521459E-3
1.300000E+5	3.000000E+4	2.976365E-1	3.123563E-2
1.400000E+5	3.000000E+4	2.740660E-1	4.607142E-3
1.500000E+5	3.000000E+4	2.368691E-1	4.792105E-3
-1.500000E+5	4.000000E+4	1.072262E-1	1.526983E-1
-1.400000E+5	4.000000E+4	2.652020E-1	1.990401E-2
-1.300000E+5	4.000000E+4	3.430896E-1	5.113570E-3
-1.200000E+5	4.000000E+4	2.857110E-1	6.692857E-2
-1.100000E+5	4.000000E+4	4.070529E-1	5.772636E-3
-1.000000E+5	4.000000E+4	4.779325E-1	2.791403E-2
-9.000000E+4	4.000000E+4	6.485425E-1	4.076828E-3
-8.000000E+4	4.000000E+4	9.301568E-1	4.691697E-3
-7.000000E+4	4.000000E+4	1.133379E+0	2.739546E-1
-6.000000E+4	4.000000E+4	1.950883E+0	4.625231E-3
-5.000000E+4	4.000000E+4	2.688567E+0	6.241303E-3
-4.000000E+4	4.000000E+4	3.497489E+0	6.444439E-3
-3.000000E+4	4.000000E+4	4.313191E+0	1.043225E-2
-2.000000E+4	4.000000E+4	4.998851E+0	5.024137E-3
-1.000000E+4	4.000000E+4	5.438323E+0	9.742382E-3
0.000000E+0	4.000000E+4	5.455009E+0	1.613827E-1
1.000000E+4	4.000000E+4	5.310904E+0	1.429020E-2
2.000000E+4	4.000000E+4	4.737329E+0	6.848982E-3
3.000000E+4	4.000000E+4	3.968983E+0	5.345309E-3
4.000000E+4	4.000000E+4	3.127871E+0	6.094215E-3
5.000000E+4	4.000000E+4	2.313237E+0	4.673675E-3
6.000000E+4	4.000000E+4	1.605140E+0	4.474031E-3
7.000000E+4	4.000000E+4	1.062008E+0	5.277243E-3
8.000000E+4	4.000000E+4	6.848358E-1	6.595219E-3
9.000000E+4	4.000000E+4	4.575713E-1	5.499461E-3
1.000000E+5	4.000000E+4	3.439095E-1	6.522936E-3
1.100000E+5	4.000000E+4	2.884441E-1	1.278133E-2
1.200000E+5	4.000000E+4	2.968604E-1	7.383058E-3
1.300000E+5	4.000000E+4	2.668979E-1	2.023713E-2
1.400000E+5	4.000000E+4	2.715043E-1	1.522313E-2
1.500000E+5	4.000000E+4	2.085424E-1	1.358909E-2
-1.500000E+5	5.000000E+4	2.794944E-1	7.289105E-3
-1.400000E+5	5.000000E+4	3.248649E-1	4.705539E-3
-1.300000E+5	5.000000E+4	4.145392E-1	1.285771E-1
-1.200000E+5	5.000000E+4	3.653659E-1	4.748762E-3
-1.100000E+5	5.000000E+4	4.189630E-1	5.182966E-2
-1.000000E+5	5.000000E+4	4.889309E-1	4.443220E-3
-9.000000E+4	5.000000E+4	6.670241E-1	4.707312E-3
-8.000000E+4	5.000000E+4	9.605271E-1	6.855006E-3
-7.000000E+4	5.000000E+4	1.398870E+0	4.253937E-3
-6.000000E+4	5.000000E+4	2.043328E+0	1.518699E-2
-5.000000E+4	5.000000E+4	2.796908E+0	1.605327E-2
-4.000000E+4	5.000000E+4	3.780198E+0	4.888301E-2
-3.000000E+4	5.000000E+4	4.514540E+0	7.549558E-3
-2.000000E+4	5.000000E+4	5.347979E+0	5.908241E-2
-1.000000E+4	5.000000E+4	5.698216E+0	4.671762E-3
0.000000E+0	5.000000E+4	5.874432E+0	8.975510E-2
1.000000E+4	5.000000E+4	5.541488E+0	1.173125E-2
2.000000E+4	5.000000E+4	4.941530E+0	3.520505E-2
3.000000E+4	5.000000E+4	4.121663E+0	5.439348E-3
4.000000E+4	5.000000E+4	3.233564E+0	4.430232E-3
5.000000E+4	5.000000E+4	2.372282E+0	6.762945E-3
6.000000E+4	5.000000E+4	1.598003E+0	5.751140E-2
7.000000E+4	5.000000E+4	1.076388E+0	5.063888E-3
8.000000E+4	5.000000E+4	6.871212E-1	6.176912E-3
9.000000E+4	5.000000E+4	4.535391E-1	4.585484E-3
1.000000E+5	5.000000E+4	3.503913E-1	4.002248E-3
1.100000E+5	5.000000E+4	3.053491E-1	4.507470E-3
1.200000E+5	5.000000E+4	2.972234E-1	4.542527E-3
1.300000E+5	5.000000E+4	2.913719E-1	9.748883E-3
1.400000E+5	5.000000E+4	2.705447E-1	6.424766E-3
1.500000E+5	5.000000E+4	2.389587E-1	4.996516E-3
-1.500000E+5	6.000000E+4	8.583849E-1	4.195823E-1
-1.400000E+5	6.000000E+4	3.183617E-1	5.685791E-3
-1.300000E+5	6.000000E+4	3.338064E-1	6.970640E-3
-1.200000E+5	6.000000E+4	2.092818E-1	2.651027E-1
-1.100000E+5	6.000000E+4	3.937344E-1	5.422232E-3
-1.000000E+5	6.000000E+4	4.763528E-1	1.302286E-2
-9.000000E+4	6.000000E+4	6.374257E-1	5.942684E-3
-8.000000E+4	6.000000E+4	9.321158E-1	7.276787E-3
-7.000000E+4	6.000000E+4	1.384148E+0	7.285723E-3
-6.000000E+4	6.000000E+4	2.019318E+0	5.426253E-3
-5.000000E+4	6.000000E+4	2.820389E+0	5.388438E-3
-4.000000E+4	6.000000E+4	3.705993E+0	9.558555E-3
-3.000000E+4	6.000000E+4	4.595096E+0	6.451581E-3
-2.000000E+4	6.000000E+4	5.352285E+0	5.422854E-3
-1.000000E+4	6.000000E+4	5.815391E+0	1.193769E-2
0.000000E+0	6.000000E+4	5.928753E+0	3.990859E-2
1.000000E+4	6.000000E+4	5.660836E+0	1.088464E-2
2.000000E+4	6.000000E+4	5.051851E+0	3.756629E-2
3.000000E+4	6.000000E+4	4.201522E+0	5.327399E-3
4.000000E+4	6.000000E+4	3.274731E+0	4.283053E-3
5.000000E+4	6.000000E+4	2.396864E+0	1.145720E-2
6.000000E+4	6.000000E+4	1.652719E+0	5.273116E-3
7.000000E+4	6.000000E+4	1.053703E+0	7.283455E-3
8.000000E+4	6.000000E+4	6.869091E-1	5.160911E-3
9.000000E+4	6.000000E+4	4.073364E-1	1.882568E-2
1.000000E+5	6.000000E+4	3.386627E-1	4.066520E-3
1.100000E+5	6.000000E+4	2.456812E-1	3.584975E-2
1.200000E+5	6.000000E+4	2.895638E-1	5.766306E-3
1.300000E+5	6.000000E+4	2.413705E-1	5.625739E-2
1.400000E+5	6.000000E+4	2.712218E-1	4.282023E-3
1.500000E+5	6.000000E+4	2.431572E-1	1.166758E-2
-1.500000E+5	7.000000E+4	3.167596E-1	8.909060E-3
-1.400000E+5	7.000000E+4	3.106765E-1	5.774031E-3
-1.300000E+5	7.000000E+4	3.839587E-1	3.984668E-2
-1.200000E+5	7.000000E+4	3.496427E-1	4.857950E-3
-1.100000E+5	7.000000E+4	4.703085E-1	5.292164E-2
-1.000000E+5	7.000000E+4	4.555470E-1	4.623153E-3
-9.000000E+4	7.000000E+4	7.380414E-1	5.393450E-2
-8.000000E+4	7.000000E+4	9.019983E-1	4.918218E-3
-7.000000E+4	7.000000E+4	1.370626E+0	2.531337E-2
-6.000000E+4	7.000000E+4	2.041605E+0	1.108141E-1
-5.000000E+4	7.000000E+4	2.772397E+0	9.156080E-3
-4.000000E+4	7.000000E+4	3.665811E+0	9.063735E-3
-3.000000E+4	7.000000E+4	4.571444E+0	4.439328E-3
-2.000000E+4	7.000000E+4	5.332044E+0	9.875821E-3
-1.000000E+4	7.000000E+4	5.810438E+0	1.072879E-2
0.000000E+0	7.000000E+4	5.937646E+0	6.405340E-3
1.000000E+4	7.000000E+4	5.632798E+0	3.809933E-2
2.000000E+4	7.000000E+4	5.031406E+0	9.192623E-3
3.000000E+4	7.000000E+4	4.191512E+0	4.625118E-3
4.000000E+4	7.000000E+4	3.263882E+0	4.987567E-3
5.000000E+4	7.000000E+4	2.382857E+0	5.526500E-3
6.000000E+4	7.000000E+4	1.638304E+0	5.896974E-3
7.000000E+4	7.000000E+4	1.063350E+0	5.279388E-3
8.000000E+4	7.000000E+4	6.721231E-1	6.290033E-3
9.000000E+4	7.000000E+4	4.448820E-1	8.619891E-3
1.000000E+5	7.000000E+4	3.353310E-1	4.723374E-3
1.100000E+5	7.000000E+4	2.901216E-1	4.721854E-3
1.200000E+5	7.000000E+4	2.965718E-1	6.397781E-3
1.300000E+5	7.000000E+4	3.071450E-1	5.961129E-3
1.400000E+5	7.000000E+4	2.710740E-1	1.012837E-2
1.500000E+5	7.000000E+4	2.538823E-1	6.778439E-3
-1.500000E+5	8.000000E+4	2.836337E-1	4.569207E-3
-1.400000E+5	8.000000E+4	3.053165E-1	5.752495E-3
-1.300000E+5	8.000000E+4	3.091927E-1	1.014335E-2
-1.200000E+5	8.000000E+4	3.355146E-1	6.881003E-3
-1.100000E+5	8.000000E+4	3.246609E-1	2.584410E-2
-1.000000E+5	8.000000E+4	4.304540E-1	5.526820E-3
-9.000000E+4	8.000000E+4	5.150345E-1	4.107468E-2
-8.000000E+4	8.000000E+4	8.642691E-1	7.597971E-3
-7.000000E+4	8.000000E+4	1.270598E+0	1.444650E-2
-6.000000E+4	8.000000E+4	1.934031E+0	7.437277E-3
-5.000000E+4	8.000000E+4	2.699435E+0	2.227790E-2
-4.000000E+4	8.000000E+4	3.610049E+0	6.851973E-3
-3.000000E+4	8.000000E+4	4.483314E+0	5.020822E-2
-2.000000E+4	8.000000E+4	5.284925E+0	6.028035E-2
-1.000000E+4	8.000000E+4	5.737858E+0	4.846324E-3
0.000000E+0	8.000000E+4	5.836334E+0	1.380703E-2
1.000000E+4	8.000000E+4	5.555478E+0	8.962193E-3
2.000000E+4	8.000000E+4	4.923388E+0	1.109884E-2
3.000000E+4	8.000000E+4	4.081759E+0	6.138612E-3
4.000000E+4	8.000000E+4	3.150695E+0	6.011206E-3
5.000000E+4	8.000000E+4	2.287838E+0	1.474140E-2
6.000000E+4	8.000000E+4	1.566763E+0	5.300491E-3
7.000000E+4	8.000000E+4	1.013772E+0	6.308227E-3
8.000000E+4	8.000000E+4	6.403138E-1	4.304907E-3
9.000000E+4	8.000000E+4	4.231187E-1	7.144211E-3
1.000000E+5	8.000000E+4	3.290236E-1	8.054230E-3
1.100000E+5	8.000000E+4	2.994935E-1	5.892752E-3
1.200000E+5	8.000000E+4	2.838825E-1	4.402946E-3
1.300000E+5	8.000000E+4	2.949575E-1	1.000201E-2
1.400000E+5	8.000000E+4	2.820836E-1	4.644003E-3
1.500000E+5	8.000000E+4	2.433703E-1	4.449462E-3
-1.500000E+5	9.000000E+4	3.079833E-1	5.292308E-3
-1.400000E+5	9.000000E+4	3.066932E-1	4.788585E-3
-1.300000E+5	9.000000E+4	3.217096E-1	8.099125E-3
-1.200000E+5	9.000000E+4	3.300740E-1	4.799251E-3
-1.100000E+5	9.000000E+4	3.492195E-1	8.015810E-3
-1.000000E+5	9.000000E+4	4.054059E-1	6.487026E-3
-9.000000E+4	9.000000E+4	5.424893E-1	5.475037E-3
-8.000000E+4	9.000000E+4	7.955341E-1	8.622264E-3
-7.000000E+4	9.000000E+4	1.192391E+0	5.540029E-3
-6.000000E+4	9.000000E+4	1.778015E+0	4.827314E-3
-5.000000E+4	9.000000E+4	2.526398E+0	5.927342E-3
-4.000000E+4	9.000000E+4	3.366185E+0	8.233040E-3
-3.000000E+4	9.000000E+4	4.131101E+0	1.159155E-1
-2.000000E+4	9.000000E+4	4.920614E+0	1.152842E-2
-1.000000E+4	9.000000E+4	5.381689E+0	5.807054E-3
0.000000E+0	9.000000E+4	5.478074E+0	7.996247E-3
1.000000E+4	9.000000E+4	5.199917E+0	4.710162E-3
2.000000E+4	9.000000E+4	4.609240E+0	6.463849E-3
3.000000E+4	9.000000E+4	3.796660E+0	4.415245E-3
4.000000E+4	9.000000E+4	2.963957E+0	2.842122E-2
5.000000E+4	9.000000E+4	2.103699E+0	5.319483E-3
6.000000E+4	9.000000E+4	1.416540E+0	1.179036E-2
7.000000E+4	9.000000E+4	9.243837E-1	4.818809E-3
8.000000E+4	9.000000E+4	5.912435E-1	4.374128E-3
9.000000E+4	9.000000E+4	3.898582E-1	1.413166E-2
1.000000E+5	9.000000E+4	3.147577E-1	4.971048E-3
1.100000E+5	9.000000E+4	2.889407E-1	7.505651E-3
1.200000E+5	9.000000E+4	2.884461E-1	6.682046E-3
1.300000E+5	9.000000E+4	2.908436E-1	5.510200E-3
1.400000E+5	9.000000E+4	2.708720E-1	6.325407E-3
1.500000E+5	9.000000E+4	2.459942E-1	4.777988E-3
-1.500000E+5	1.000000E+5	8.670878E-1	2.659945E-1
-1.400000E+5	1.000000E+5	2.864269E-1	9.785492E-3
-1.300000E+5	1.000000E+5	3.087920E-1	6.120462E-3
-1.200000E+5	1.000000E+5	3.088256E-1	7.033731E-3
-1.100000E+5	1.000000E+5	3.220982E-1	4.515864E-3
-1.000000E+5	1.000000E+5	3.533466E-1	4.852203E-3
-9.000000E+4	1.000000E+5	4.760112E-1	9.471956E-3
-8.000000E+4	1.000000E+5	6.757291E-1	1.049517E-2
-7.000000E+4	1.000000E+5	1.039865E+0	7.395669E-3
-6.000000E+4	1.000000E+5	1.559228E+0	7.900113E-3
-5.000000E+4	1.000000E+5	2.233062E+0	6.318149E-3
-4.000000E+4	1.000000E+5	3.144486E+0	1.737194E-1
-3.000000E+4	1.000000E+5	3.785406E+0	4.934669E-3
-2.000000E+4	1.000000E+5	4.452913E+0	4.478875E-2
-1.000000E+4	1.000000E+5	4.852420E+0	1.332151E-2
0.000000E+0	1.000000E+5	4.943448E+0	8.082455E-3
1.000000E+4	1.000000E+5	4.700206E+0	9.437014E-3
2.000000E+4	1.000000E+5	4.146482E+0	4.614472E-3
3.000000E+4	1.000000E+5	3.415134E+0	7.763930E-3
4.000000E+4	1.000000E+5	2.611317E+0	4.719796E-3
5.000000E+4	1.000000E+5	1.887813E+0	8.330597E-3
6.000000E+4	1.000000E+5	1.263669E+0	5.947216E-3
7.000000E+4	1.000000E+5	8.523722E-1	2.653912E-2
8.000000E+4	1.000000E+5	5.301488E-1	4.752838E-3
9.000000E+4	1.000000E+5	3.224031E-1	2.095346E-2
1.000000E+5	1.000000E+5	3.090255E-1	3.069606E-2
1.100000E+5	1.000000E+5	3.604637E-1	4.243218E-2
1.200000E+5	1.000000E+5	2.872601E-1	4.633616E-3
1.300000E+5	1.000000E+5	2.179949E-1	6.290234E-2
1.400000E+5	1.000000E+5	2.633429E-1	4.994864E-3
1.500000E+5	1.000000E+5	2.229827E-1	2.235525E-2
-1.500000E+5	1.100000E+5	2.898748E-1	1.158627E-2
-1.400000E+5	1.100000E+5	2.890702E-1	6.436282E-3
-1.300000E+5	1.100000E+5	2.606548E-1	2.365663E-2
-1.200000E+5	1.100000E+5	2.974825E-1	8.590375E-3
-1.100000E+5	1.100000E+5	2.295358E-1	4.305222E-2
-1.000000E+5	1.100000E+5	2.464389E-1	8.214888E-2
-9.000000E+4	1.100000E+5	4.084000E-1	8.739668E-3
-8.000000E+4	1.100000E+5	5.682492E-1	4.728112E-3
-7.000000E+4	1.100000E+5	8.873041E-1	2.833693E-2
-6.000000E+4	1.100000E+5	1.292839E+0	5.127662E-3
-5.000000E+4	1.100000E+5	1.855683E+0	2.349216E-2
-4.000000E+4	1.100000E+5	2.533478E+0	4.945672E-3
-3.000000E+4	1.100000E+5	3.161722E+0	8.117619E-2
-2.000000E+4	1.100000E+5	3.775607E+0	5.134318E-3
-1.000000E+4	1.100000E+5	4.145549E+0	7.098375E-3
0.000000E+0	1.100000E+5	4.226897E+0	5.162975E-3
1.000000E+4	1.100000E+5	3.999629E+0	9.198387E-3
2.000000E+4	1.100000E+5	3.523382E+0	7.645390E-3
3.000000E+4	1.100000E+5	2.881360E+0	9.861244E-3
4.000000E+4	1.100000E+5	2.199426E+0	4.872927E-3
5.000000E+4	1.100000E+5	1.568880E+0	8.142613E-3
6.000000E+4	1.100000E+5	1.054670E+0	4.268474E-3
7.000000E+4	1.100000E+5	6.873904E-1	5.483496E-3
8.000000E+4	1.100000E+5	4.602177E-1	5.195774E-3
9.000000E+4	1.100000E+5	3.218728E-1	4.156182E-2
1.000000E+5	1.100000E+5	2.927557E-1	4.155989E-3
1.100000E+5	1.100000E+5	2.755519E-1	7.274229E-3
1.200000E+5	1.100000E+5	2.751185E-1	4.762617E-3
1.300000E+5	1.100000E+5	2.659179E-1	5.210557E-3
1.400000E+5	1.100000E+5	2.539680E-1	8.081133E-3
1.500000E+5	1.100000E+5	2.310482E-1	5.190451E-3
-1.500000E+5	1.200000E+5	2.544442E-1	5.013687E-3
-1.400000E+5	1.200000E+5	2.622823E-1	5.424924E-3
-1.300000E+5	1.200000E+5	2.749481E-1	6.533464E-3
-1.200000E+5	1.200000E+5	2.788621E-1	5.719199E-3
-1.100000E+5	1.200000E+5	4.206579E-1	1.920561E-1
-1.000000E+5	1.200000E+5	2.823732E-1	4.335448E-3
-9.000000E+4	1.200000E+5	3.237319E-1	1.727592E-2
-8.000000E+4	1.200000E+5	4.507214E-1	5.665749E-3
-7.000000E+4	1.200000E+5	6.589851E-1	5.831982E-3
-6.000000E+4	1.200000E+5	1.004324E+0	4.853695E-3
-5.000000E+4	1.200000E+5	1.445075E+0	5.559076E-3
-4.000000E+4	1.200000E+5	1.982560E+0	9.911357E-3
-3.000000E+4	1.200000E+5	2.524821E+0	8.264482E-3
-2.000000E+4	1.200000E+5	3.004541E+0	1.104981E-2
-1.000000E+4	1.200000E+5	3.288895E+0	6.881955E-3
0.000000E+0	1.200000E+5	3.320636E+0	1.906071E-2
1.000000E+4	1.200000E+5	3.159837E+0	8.467297E-3
2.000000E+4	1.200000E+5	2.868856E+0	4.861826E-2
3.000000E+4	1.200000E+5	2.266338E+0	4.770936E-2
4.000000E+4	1.200000E+5	1.810629E+0	5.978560E-2
5.000000E+4	1.200000E+5	1.219891E+0	4.298255E-3
6.000000E+4	1.200000E+5	8.308199E-1	1.179935E-2
7.000000E+4	1.200000E+5	5.521773E-1	5.234205E-3
8.000000E+4	1.200000E+5	3.989711E-1	3.705599E-2
9.000000E+4	1.200000E+5	3.163659E-1	5.970897E-3
1.000000E+5	1.200000E+5	2.783308E-1	6.388194E-3
1.100000E+5	1.200000E+5	2.852123E-1	4.608302E-3
1.200000E+5	1.200000E+5	2.719969E-1	5.785030E-3
1.300000E+5	1.200000E+5	2.604518E-1	4.148526E-3
1.400000E+5	1.200000E+5	2.475882E-1	5.022952E-3
1.500000E+5	1.200000E+5	2.436038E-1	2.159870E-2
-1.500000E+5	1.300000E+5	1.067061E-1	9.238271E-2
-1.400000E+5	1.300000E+5	1.994755E-1	3.848343E-2
-1.300000E+5	1.300000E+5	2.530604E-1	5.848405E-3
-1.200000E+5	1.300000E+5	2.621661E-1	1.300784E-2
-1.100000E+5	1.300000E+5	2.606323E-1	4.044599E-3
-1.000000E+5	1.300000E+5	1.830232E-1	1.003912E-1
-9.000000E+4	1.300000E+5	2.670448E-1	5.505848E-3
-8.000000E+4	1.300000E+5	3.334882E-1	6.595210E-3
-7.000000E+4	1.300000E+5	4.724195E-1	4.806723E-3
-6.000000E+4	1.300000E+5	7.085949E-1	5.357083E-3
-5.000000E+4	1.300000E+5	1.064328E+0	2.003477E-2
-4.000000E+4	1.300000E+5	1.415442E+0	1.193812E-2
-3.000000E+4	1.300000E+5	1.797179E+0	7.214475E-3
-2.000000E+4	1.300000E+5	2.153544E+0	4.514028E-3
-1.000000E+4	1.300000E+5	2.375439E+0	6.349177E-3
0.000000E+0	1.300000E+5	2.418976E+0	6.509475E-3
1.000000E+4	1.300000E+5	2.285040E+0	9.552511E-3
2.000000E+4	1.300000E+5	1.919483E+0	1.058320E-1
3.000000E+4	1.300000E+5	1.629158E+0	5.578705E-3
4.000000E+4	1.300000E+5	1.223741E+0	2.033587E-2
5.000000E+4	1.300000E+5	8.816636E-1	5.717912E-3
6.000000E+4	1.300000E+5	6.060131E-1	4.965170E-3
7.000000E+4	1.300000E+5	4.138957E-1	5.977945E-3
8.000000E+4	1.300000E+5	3.199750E-1	4.921249E-3
9.000000E+4	1.300000E+5	2.826771E-1	4.297671E-3
1.000000E+5	1.300000E+5	2.752245E-1	5.006188E-3
1.100000E+5	1.300000E+5	2.769887E-1	4.997090E-3
1.200000E+5	1.300000E+5	2.672293E-1	4.991103E-3
1.300000E+5	1.300000E+5	2.174615E-1	2.139536E-2
1.400000E+5	1.300000E+5	2.247143E-1	5.577559E-3
1.500000E+5	1.300000E+5	2.505078E-1	1.757158E-2
-1.500000E+5	1.400000E+5	2.088463E-1	8.055702E-3
-1.400000E+5	1.400000E+5	2.210787E-1	5.310083E-3
-1.300000E+5	1.400000E+5	2.472149E-1	4.335549E-3
-1.200000E+5	1.400000E+5	2.620682E-1	6.510223E-3
-1.100000E+5	1.400000E+5	2.437905E-1	6.480534E-3
-1.000000E+5	1.400000E+5	2.313225E-1	6.382249E-3
-9.000000E+4	1.400000E+5	2.328624E-1	7.732357E-3
-8.000000E+4	1.400000E+5	2.574852E-1	4.696201E-3
-7.000000E+4	1.400000E+5	3.249618E-1	4.446111E-3
-6.000000E+4	1.400000E+5	4.721920E-1	5.782866E-3
-5.000000E+4	1.400000E+5	6.802315E-1	5.111040E-3
-4.000000E+4	1.400000E+5	9.251343E-1	2.466934E-2
-3.000000E+4	1.400000E+5	1.197668E+0	8.651836E-3
-2.000000E+4	1.400000E+5	1.436387E+0	7.162639E-3
-1.000000E+4	1.400000E+5	1.587573E+0	7.086073E-3
0.000000E+0	1.400000E+5	1.624828E+0	5.063972E-3
1.000000E+4	1.400000E+5	1.515262E+0	5.442176E-3
2.000000E+4	1.400000E+5	1.330383E+0	4.174620E-3
3.000000E+4	1.400000E+5	1.101447E+0	7.058157E-2
4.000000E+4	1.400000E+5	8.227004E-1	4.988769E-3
5.000000E+4	1.400000E+5	6.130017E-1	4.602142E-3
6.000000E+4	1.400000E+5	4.378078E-1	4.130048E-3
7.000000E+4	1.400000E+5	3.439778E-1	5.443099E-3
8.000000E+4	1.400000E+5	2.841385E-1	4.808690E-3
9.000000E+4	1.400000E+5	2.679534E-1	4.710241E-3
1.000000E+5	1.400000E+5	2.607649E-1	4.955766E-3
1.100000E+5	1.400000E+5	2.613503E-1	7.057435E-3
1.200000E+5	1.400000E+5	2.539282E-1	5.526632E-3
1.300000E+5	1.400000E+5	2.218905E-1	6.588909E-3
1.400000E+5	1.400000E+5	2.160919E-1	1.238574E-2
1.500000E+5	1.400000E+5	1.777702E-1	3.217136E-2
-1.500000E+5	1.500000E+5	1.718310E-1	1.230420E-2
-1.400000E+5	1.500000E+5	2.054412E-1	5.703557E-3
-1.300000E+5	1.500000E+5	2.276309E-1	4.235976E-3
-1.200000E+5	1.500000E+5	2.303262E-1	7.304866E-3
-1.100000E+5	1.500000E+5	2.360696E-1	6.978519E-3
-1.000000E+5	1.500000E+5	2.246378E-1	5.950583E-3
-9.000000E+4	1.500000E+5	2.152843E-1	9.714294E-3
-8.000000E+4	1.500000E+5	2.015069E-1	4.937851E-3
-7.000000E+4	1.500000E+5	2.444554E-1	5.001024E-3
-6.000000E+4	1.500000E+5	3.070726E-1	6.753915E-3
-5.000000E+4	1.500000E+5	2.746789E-1	1.878393E-1
-4.000000E+4	1.500000E+5	5.597860E-1	8.030844E-3
-3.000000E+4	1.500000E+5	7.250666E-1	1.722295E-2
-2.000000E+4	1.500000E+5	8.726344E-1	5.529143E-3
-1.000000E+4	1.500000E+5	9.677779E-1	3.903398E-3
0.000000E+0	1.500000E+5	9.913850E-1	6.481687E-3
1.000000E+4	1.500000E+5	9.319128E-1	4.941811E-3
2.000000E+4	1.500000E+5	7.213923E-1	1.832898E-1
3.000000E+4	1.500000E+5	6.864950E-1	5.856420E-3
4.000000E+4	1.500000E+5	5.375556E-1	5.012353E-3
5.000000E+4	1.500000E+5	4.238998E-1	9.141542E-3
6.000000E+4	1.500000E+5	3.389084E-1	5.226483E-3
7.000000E+4	1.500000E+5	2.913821E-1	5.393818E-3
8.000000E+4	1.500000E+5	2.694525E-1	5.485140E-3
9.000000E+4	1.500000E+5	2.585020E-1	6.708503E-3
1.000000E+5	1.500000E+5	2.716848E-1	4.350467E-3
1.100000E+5	1.500000E+5	2.480654E-1	4.367868E-3
1.200000E+5	1.500000E+5	2.357056E-1	5.483463E-3
1.300000E+5	1.500000E+5	2.223341E-1	5.215878E-3
1.400000E+5	1.500000E+5	2.097631E-1	2.350227E-2
1.500000E+5	1.500000E+5	1.566993E-1	7.881381E-3
