2.096208E-1	-1.735568E-1
2.047236E-1	-1.738219E-1
2.042960E-1	-1.738270E-1
2.038977E-1	-1.738687E-1
2.034999E-1	-1.738889E-1
2.031061E-1	-1.738877E-1
2.027208E-1	-1.739170E-1
2.021129E-1	-1.739303E-1
2.019327E-1	-1.738882E-1
2.015850E-1	-1.739485E-1
2.013429E-1	-1.739647E-1
2.011901E-1	-1.739301E-1
2.011411E-1	-1.739198E-1
2.011038E-1	-1.739430E-1
2.011004E-1	-1.739613E-1
2.011177E-1	-1.739324E-1
2.011515E-1	-1.739313E-1
2.011968E-1	-1.739466E-1
2.012552E-1	-1.739377E-1
2.013215E-1	-1.739252E-1
2.014130E-1	-1.739266E-1
2.015390E-1	-1.738998E-1
2.016868E-1	-1.739274E-1
2.018373E-1	-1.739373E-1
2.019385E-1	-1.738960E-1
2.020442E-1	-1.738917E-1
2.021818E-1	-1.739075E-1
2.023042E-1	-1.738859E-1
2.024588E-1	-1.738821E-1
2.026184E-1	-1.739064E-1
2.028195E-1	-1.738577E-1
2.033006E-1	-1.738318E-1
2.033974E-1	-1.738767E-1
2.035271E-1	-1.738581E-1
2.036729E-1	-1.738689E-1
2.038104E-1	-1.738543E-1
2.039822E-1	-1.738372E-1
2.041224E-1	-1.738359E-1
2.042991E-1	-1.738174E-1
2.045158E-1	-1.738250E-1
2.048536E-1	-1.738445E-1
2.049568E-1	-1.737933E-1
2.051443E-1	-1.738128E-1
2.053553E-1	-1.737970E-1
2.055794E-1	-1.738001E-1
2.057891E-1	-1.738137E-1
2.059894E-1	-1.737754E-1
2.062298E-1	-1.737626E-1
2.065269E-1	-1.737217E-1
2.068597E-1	-1.737270E-1
2.071033E-1	-1.737165E-1
2.073299E-1	-1.737505E-1
2.075868E-1	-1.736997E-1
2.077775E-1	-1.737052E-1
2.079775E-1	-1.737012E-1
2.082004E-1	-1.736983E-1
2.084351E-1	-1.736497E-1
2.087933E-1	-1.736660E-1
2.089260E-1	-1.736605E-1
2.091354E-1	-1.736501E-1
2.093686E-1	-1.736148E-1
2.096077E-1	-1.736262E-1
2.098743E-1	-1.736199E-1
2.101256E-1	-1.735849E-1
2.103909E-1	-1.735836E-1
2.106443E-1	-1.736065E-1
2.108894E-1	-1.735383E-1
2.111339E-1	-1.735343E-1
2.113888E-1	-1.735039E-1
2.116349E-1	-1.734914E-1
2.119165E-1	-1.735183E-1
2.121823E-1	-1.734833E-1
2.124543E-1	-1.735098E-1
2.127142E-1	-1.734421E-1
2.129867E-1	-1.734626E-1
2.132502E-1	-1.734506E-1
2.135092E-1	-1.734052E-1
2.137513E-1	-1.734214E-1
2.140135E-1	-1.733958E-1
2.142804E-1	-1.733766E-1
2.145448E-1	-1.733484E-1
2.148243E-1	-1.733584E-1
2.150901E-1	-1.733440E-1
2.153404E-1	-1.733273E-1
2.155753E-1	-1.732811E-1
2.158550E-1	-1.732804E-1
2.161572E-1	-1.732686E-1
2.164625E-1	-1.732268E-1
2.167235E-1	-1.732029E-1
2.169854E-1	-1.731639E-1
2.172278E-1	-1.731257E-1
2.174853E-1	-1.731252E-1
2.177818E-1	-1.730669E-1
2.180623E-1	-1.730198E-1
2.183420E-1	-1.729758E-1
2.186061E-1	-1.729505E-1
2.188743E-1	-1.728697E-1
2.191553E-1	-1.728056E-1
2.194552E-1	-1.726808E-1
2.197116E-1	-1.726023E-1
2.199858E-1	-1.725145E-1
2.202531E-1	-1.723397E-1
2.205429E-1	-1.721793E-1
2.207926E-1	-1.719248E-1
2.210605E-1	-1.716224E-1
2.213247E-1	-1.712318E-1
2.215568E-1	-1.707054E-1
2.218352E-1	-1.700633E-1
2.220894E-1	-1.692205E-1
2.223834E-1	-1.680437E-1
2.226716E-1	-1.666165E-1
2.229520E-1	-1.646356E-1
2.232212E-1	-1.621582E-1
2.234799E-1	-1.587660E-1
2.237628E-1	-1.540903E-1
2.241474E-1	-1.510486E-1
2.242652E-1	-1.369866E-1
2.245349E-1	-1.187111E-1
2.248200E-1	-6.444977E-2
2.251123E-1	-2.517266E-2
2.253882E-1	-1.330616E-2
2.256423E-1	-6.271740E-3
2.259110E-1	-3.078782E-3
2.261604E-1	-1.481496E-3
2.264246E-1	-7.308710E-4
2.266722E-1	-3.690250E-4
2.269460E-1	-2.058060E-4
2.271974E-1	-6.980500E-5
2.276029E-1	-2.612900E-5
2.277378E-1	4.720000E-7
2.280086E-1	1.156200E-5
2.282934E-1	2.077500E-5
2.285516E-1	4.535500E-5
2.287916E-1	2.899000E-5
2.290706E-1	1.181100E-5
2.293153E-1	3.220600E-5
2.295531E-1	2.941000E-5
2.298029E-1	3.084000E-6
2.300580E-1	3.694300E-5
2.303409E-1	1.555200E-5
2.306018E-1	7.269200E-5
2.308848E-1	4.964700E-5
2.311200E-1	1.409500E-5
2.313823E-1	2.895100E-5
2.316074E-1	1.244100E-5
2.318544E-1	3.830800E-5
2.321136E-1	3.733700E-5
2.324033E-1	3.162800E-5
2.326515E-1	2.966000E-5
2.328896E-1	2.354400E-5
2.331586E-1	1.719200E-5
2.334938E-1	4.947600E-5
2.336237E-1	6.240300E-5
2.338706E-1	4.118200E-5
2.341408E-1	1.417400E-5
2.343874E-1	4.888600E-5
2.346164E-1	5.551000E-6
2.348560E-1	4.860000E-7
2.350852E-1	3.326900E-5
2.353542E-1	1.414700E-5
2.356018E-1	4.909600E-5
2.358689E-1	4.756000E-5
2.361295E-1	2.160200E-5
2.363634E-1	-1.605030E-4
2.365541E-1	4.071000E-5
2.368708E-1	3.770400E-5
2.371090E-1	3.068300E-5
2.373594E-1	5.636600E-5
2.375939E-1	4.502700E-5
2.378104E-1	7.498900E-5
2.380485E-1	6.577600E-5
2.382969E-1	3.170700E-5
2.385403E-1	3.704800E-5
2.387797E-1	3.340000E-5
2.390205E-1	4.286200E-5
2.392635E-1	5.529000E-5
2.395805E-1	4.338700E-5
2.400183E-1	2.771700E-5
2.402863E-1	4.384600E-5
2.404599E-1	2.927900E-5
2.406422E-1	3.589300E-5
2.408133E-1	5.349200E-5
2.411301E-1	5.807200E-5
2.415905E-1	6.033000E-5
2.416911E-1	4.383300E-5
2.418559E-1	4.682500E-5
2.421345E-1	3.368900E-5
2.422132E-1	6.837400E-5
2.423904E-1	5.131400E-5
2.425728E-1	3.808500E-5
2.427377E-1	4.165500E-5
2.429333E-1	2.091900E-5
2.430888E-1	3.375400E-5
2.432542E-1	6.795400E-5
2.433803E-1	4.757300E-5
2.435164E-1	5.597300E-5
2.437181E-1	4.504000E-5
2.438341E-1	6.424000E-5
2.438857E-1	5.299300E-5
2.439766E-1	4.376800E-5
2.440407E-1	6.592000E-5
2.441642E-1	2.564400E-5
2.442263E-1	2.477800E-5
2.442767E-1	3.622100E-5
2.443061E-1	2.843900E-5
2.443617E-1	3.775700E-5
2.443842E-1	6.624800E-5
2.444078E-1	5.435800E-5
2.444207E-1	1.219200E-5
2.444672E-1	3.362300E-5
2.444679E-1	5.996200E-5
2.444528E-1	2.769100E-5
2.444603E-1	5.228500E-5
2.444349E-1	6.941100E-5
2.443851E-1	3.349200E-5
2.443300E-1	2.989600E-5
2.442646E-1	4.718000E-5
2.441996E-1	3.241600E-5
2.440911E-1	5.812500E-5
2.439670E-1	3.850500E-5
2.438669E-1	5.300700E-5
2.437328E-1	6.956900E-5
2.435822E-1	4.473900E-5
2.434538E-1	7.798100E-5
2.432570E-1	6.380700E-5
2.431065E-1	4.511900E-5
2.429091E-1	2.790100E-5
2.427447E-1	5.372800E-5
2.425369E-1	5.795400E-5
2.423178E-1	4.976500E-5
2.421061E-1	3.916100E-5
2.418674E-1	7.262600E-5
2.416509E-1	5.833500E-5
2.414270E-1	4.299300E-5
2.411723E-1	2.708700E-5
2.409596E-1	7.644500E-5
2.406984E-1	4.118200E-5
2.404527E-1	4.229800E-5
2.400462E-1	3.135200E-5
2.398884E-1	2.572200E-5
2.394962E-1	4.330800E-5
2.393717E-1	2.527600E-5
2.390882E-1	4.458100E-5
2.388070E-1	6.186500E-5
2.385219E-1	4.849200E-5
2.381913E-1	3.918700E-5
2.379206E-1	7.005400E-5
2.374733E-1	4.786200E-5
2.373141E-1	3.987000E-5
2.370029E-1	1.033620E-4
2.367198E-1	6.594700E-5
2.364121E-1	4.826900E-5
2.361225E-1	2.759900E-5
2.358157E-1	5.636600E-5
2.355655E-1	2.342600E-5
2.353117E-1	7.552700E-5
2.350475E-1	2.987000E-5
2.347992E-1	1.791400E-5
2.345528E-1	6.221900E-5
2.342838E-1	5.139200E-5
2.340681E-1	5.899100E-5
2.338189E-1	6.467400E-5
2.335781E-1	5.875500E-5
2.333557E-1	4.176000E-5
2.331290E-1	3.291400E-5
2.328924E-1	9.285000E-5
2.326728E-1	8.592100E-5
2.324447E-1	3.720600E-5
2.322107E-1	6.029000E-5
2.319879E-1	5.399100E-5
2.316427E-1	8.976600E-5
2.314140E-1	6.349200E-5
2.313030E-1	6.291500E-5
2.310849E-1	8.830900E-5
2.308933E-1	4.265200E-5
2.306867E-1	6.685200E-5
2.304731E-1	3.704800E-5
2.302669E-1	3.244200E-5
2.300980E-1	6.787600E-5
2.299057E-1	5.842700E-5
2.297397E-1	2.938400E-5
2.295870E-1	8.639300E-5
2.294512E-1	3.493500E-5
2.293158E-1	2.538100E-5
2.291128E-1	4.938400E-5
2.290558E-1	6.185200E-5
2.289203E-1	2.493500E-5
2.288262E-1	2.992200E-5
2.287065E-1	6.654000E-6
2.285795E-1	1.181100E-5
2.284695E-1	1.702100E-5
2.283467E-1	-4.504000E-5
2.282772E-1	-4.145800E-5
2.281293E-1	-6.750800E-5
2.280638E-1	-1.097400E-4
2.279166E-1	-1.019580E-4
2.278675E-1	-1.887840E-4
2.277888E-1	-2.736950E-4
2.276966E-1	-3.871620E-4
2.276201E-1	-4.938310E-4
2.275168E-1	-6.446620E-4
2.274604E-1	-8.120540E-4
2.273255E-1	-8.510970E-4
2.273073E-1	-1.190819E-3
2.272346E-1	-1.523347E-3
2.271614E-1	-1.853513E-3
2.271075E-1	-2.250113E-3
2.270259E-1	-2.670412E-3
2.269722E-1	-3.142904E-3
2.269365E-1	-3.702813E-3
2.268644E-1	-4.329773E-3
2.268164E-1	-4.968687E-3
2.267513E-1	-5.734533E-3
2.267071E-1	-6.597614E-3
2.266639E-1	-7.525747E-3
2.266300E-1	-8.559344E-3
2.265765E-1	-9.686314E-3
2.265481E-1	-1.094381E-2
2.265026E-1	-1.226389E-2
2.264658E-1	-1.360543E-2
2.264226E-1	-1.492117E-2
2.263955E-1	-1.629869E-2
2.263590E-1	-1.769021E-2
2.263221E-1	-1.909734E-2
2.263158E-1	-2.059711E-2
2.262934E-1	-2.206600E-2
2.262659E-1	-2.366076E-2
2.262441E-1	-2.526322E-2
2.261859E-1	-2.697735E-2
2.261774E-1	-2.883434E-2
2.261631E-1	-3.083873E-2
2.261328E-1	-3.301998E-2
2.261195E-1	-3.545437E-2
2.261013E-1	-3.815951E-2
2.260808E-1	-4.127480E-2
2.260764E-1	-4.506723E-2
2.260269E-1	-4.947225E-2
2.260067E-1	-5.533064E-2
2.259847E-1	-6.265694E-2
2.259794E-1	-7.038911E-2
2.259717E-1	-7.790142E-2
2.259624E-1	-8.384420E-2
2.259303E-1	-8.857501E-2
2.259318E-1	-9.264603E-2
2.259015E-1	-9.610974E-2
2.259092E-1	-9.913136E-2
2.258854E-1	-1.018482E-1
2.258772E-1	-1.042689E-1
2.258653E-1	-1.064102E-1
2.258425E-1	-1.085139E-1
2.258408E-1	-1.103949E-1
2.258244E-1	-1.120785E-1
2.258082E-1	-1.135943E-1
2.258196E-1	-1.150300E-1
2.258163E-1	-1.162423E-1
2.257834E-1	-1.174834E-1
2.257941E-1	-1.186385E-1
2.257837E-1	-1.196812E-1
2.257911E-1	-1.206888E-1
2.257682E-1	-1.216370E-1
2.257579E-1	-1.225534E-1
2.257481E-1	-1.229608E-1
2.257331E-1	-1.241649E-1
2.257243E-1	-1.248913E-1
2.257283E-1	-1.256058E-1
2.257434E-1	-1.263323E-1
2.257140E-1	-1.269364E-1
2.257219E-1	-1.275110E-1
2.257095E-1	-1.280119E-1
2.257242E-1	-1.284516E-1
2.257146E-1	-1.290059E-1
2.257012E-1	-1.294534E-1
2.257002E-1	-1.299072E-1
2.257055E-1	-1.303076E-1
2.256965E-1	-1.262274E-1
2.257562E-1	-1.244568E-1
2.257931E-1	-1.256805E-1
2.257831E-1	-1.275415E-1
2.257399E-1	-1.289235E-1
2.257389E-1	-1.300742E-1
2.257238E-1	-1.309994E-1
2.257284E-1	-1.316564E-1
2.257043E-1	-1.321023E-1
2.256896E-1	-1.324081E-1
2.257113E-1	-1.326538E-1
2.256945E-1	-1.328709E-1
2.257103E-1	-1.333039E-1
2.256957E-1	-1.337235E-1
2.257049E-1	-1.341210E-1
2.256864E-1	-1.344941E-1
2.256841E-1	-1.348999E-1
2.256842E-1	-1.350941E-1
2.257015E-1	-1.351189E-1
2.256916E-1	-1.351159E-1
2.256862E-1	-1.352713E-1
2.256776E-1	-1.354958E-1
2.256951E-1	-1.357542E-1
2.257000E-1	-1.359569E-1
2.256954E-1	-1.363475E-1
2.256766E-1	-1.367645E-1
2.256858E-1	-1.368905E-1
2.256828E-1	-1.356147E-1
2.257049E-1	-1.350240E-1
2.257291E-1	-1.346369E-1
2.257461E-1	-1.349050E-1
2.257465E-1	-1.357293E-1
2.257220E-1	-1.364834E-1
2.257125E-1	-1.369247E-1
2.257109E-1	-1.372687E-1
2.257146E-1	-1.374430E-1
2.257119E-1	-1.373826E-1
2.257096E-1	-1.375628E-1
2.257119E-1	-1.378277E-1
2.257058E-1	-1.381145E-1
2.257221E-1	-1.382618E-1
2.256961E-1	-1.384624E-1
2.257292E-1	-1.387739E-1
2.257091E-1	-1.389635E-1
2.257105E-1	-1.391065E-1
2.257059E-1	-1.392512E-1
2.257052E-1	-1.393819E-1
2.257144E-1	-1.394526E-1
2.257176E-1	-1.395470E-1
2.257130E-1	-1.397600E-1
2.257061E-1	-1.399446E-1
2.257056E-1	-1.376023E-1
2.258039E-1	-1.266912E-1
2.259324E-1	-1.243416E-1
2.259760E-1	-1.267427E-1
2.259419E-1	-1.298819E-1
2.259414E-1	-1.299886E-1
2.259290E-1	-1.304171E-1
2.259374E-1	-1.306136E-1
2.259214E-1	-1.314328E-1
2.258942E-1	-1.313098E-1
2.259308E-1	-1.297094E-1
2.259326E-1	-1.318024E-1
2.259294E-1	-1.339094E-1
2.258855E-1	-1.354099E-1
2.258618E-1	-1.364386E-1
2.258423E-1	-1.372181E-1
2.258327E-1	-1.378361E-1
2.258226E-1	-1.383159E-1
2.258040E-1	-1.386802E-1
2.258085E-1	-1.389672E-1
2.258256E-1	-1.392901E-1
2.258129E-1	-1.395330E-1
2.257914E-1	-1.397017E-1
2.258146E-1	-1.379716E-1
2.258490E-1	-1.361196E-1
2.258849E-1	-1.362040E-1
2.258966E-1	-1.370645E-1
2.258747E-1	-1.378798E-1
2.258702E-1	-1.383696E-1
2.258438E-1	-1.384804E-1
2.258581E-1	-1.382842E-1
2.258819E-1	-1.383633E-1
2.258623E-1	-1.378890E-1
2.258698E-1	-1.375522E-1
2.258876E-1	-1.381589E-1
2.258938E-1	-1.386692E-1
2.258953E-1	-1.386225E-1
2.258779E-1	-1.390862E-1
2.258899E-1	-1.399970E-1
2.258629E-1	-1.409325E-1
2.258413E-1	-1.418538E-1
2.258367E-1	-1.426193E-1
2.258238E-1	-1.433598E-1
2.257887E-1	-1.440689E-1
2.257717E-1	-1.447292E-1
2.257666E-1	-1.452716E-1
2.257682E-1	-1.460241E-1
2.257268E-1	-1.467299E-1
2.257119E-1	-1.473261E-1
2.257003E-1	-1.478874E-1
2.256842E-1	-1.484941E-1
2.256619E-1	-1.490868E-1
2.256464E-1	-1.496914E-1
2.256342E-1	-1.502373E-1
2.256195E-1	-1.508082E-1
2.255861E-1	-1.510681E-1
2.255818E-1	-1.518751E-1
2.255624E-1	-1.524369E-1
2.255572E-1	-1.529570E-1
2.255223E-1	-1.533864E-1
2.255034E-1	-1.522053E-1
2.256052E-1	-1.459790E-1
2.257751E-1	-1.448162E-1
2.253573E-1	-1.466909E-1
2.256535E-1	-1.490668E-1
2.256799E-1	-1.511038E-1
2.256162E-1	-1.526995E-1
2.255216E-1	-1.533735E-1
2.254882E-1	-1.550976E-1
2.254569E-1	-1.559747E-1
2.254019E-1	-1.566112E-1
2.253874E-1	-1.557459E-1
2.254182E-1	-1.556950E-1
2.254119E-1	-1.563676E-1
2.253979E-1	-1.571748E-1
2.253584E-1	-1.560872E-1
2.254360E-1	-1.544689E-1
2.254971E-1	-1.552585E-1
2.254748E-1	-1.565632E-1
2.254087E-1	-1.577275E-1
2.253400E-1	-1.587159E-1
2.252841E-1	-1.595338E-1
2.252391E-1	-1.602074E-1
2.251798E-1	-1.607747E-1
2.251413E-1	-1.608795E-1
2.251780E-1	-1.599855E-1
2.252151E-1	-1.602040E-1
2.251940E-1	-1.608360E-1
2.251460E-1	-1.614196E-1
2.251136E-1	-1.620044E-1
2.250803E-1	-1.624517E-1
2.250001E-1	-1.629152E-1
2.249575E-1	-1.633061E-1
2.249177E-1	-1.636651E-1
2.249142E-1	-1.639270E-1
2.248845E-1	-1.642205E-1
2.248475E-1	-1.644551E-1
2.248194E-1	-1.647229E-1
2.247946E-1	-1.649661E-1
2.247694E-1	-1.651748E-1
2.247510E-1	-1.653653E-1
2.246984E-1	-1.654540E-1
2.246998E-1	-1.657063E-1
2.246548E-1	-1.658381E-1
2.246680E-1	-1.660248E-1
2.246531E-1	-1.662161E-1
2.246173E-1	-1.664132E-1
2.245897E-1	-1.665602E-1
2.245885E-1	-1.666655E-1
2.245582E-1	-1.667262E-1
2.245431E-1	-1.668795E-1
2.245373E-1	-1.670042E-1
2.245167E-1	-1.672116E-1
2.244771E-1	-1.674227E-1
2.244349E-1	-1.675762E-1
2.244037E-1	-1.677259E-1
2.243633E-1	-1.678150E-1
2.243490E-1	-1.677513E-1
2.243926E-1	-1.674816E-1
2.244218E-1	-1.675198E-1
2.244148E-1	-1.676163E-1
2.243889E-1	-1.679756E-1
2.243360E-1	-1.680898E-1
2.243181E-1	-1.683673E-1
2.242777E-1	-1.685345E-1
2.242536E-1	-1.686447E-1
2.242409E-1	-1.686507E-1
2.242306E-1	-1.687564E-1
2.241971E-1	-1.688916E-1
2.241759E-1	-1.690168E-1
2.241607E-1	-1.690969E-1
2.241316E-1	-1.692150E-1
2.241038E-1	-1.693197E-1
2.240752E-1	-1.693726E-1
2.240800E-1	-1.694870E-1
2.240238E-1	-1.695673E-1
2.240214E-1	-1.696632E-1
2.239911E-1	-1.696750E-1
2.239787E-1	-1.696742E-1
2.239890E-1	-1.697109E-1
2.239734E-1	-1.697931E-1
2.239541E-1	-1.699143E-1
2.239370E-1	-1.699985E-1
2.238915E-1	-1.700117E-1
2.238705E-1	-1.701336E-1
2.238613E-1	-1.701946E-1
2.238344E-1	-1.702517E-1
2.238143E-1	-1.703284E-1
2.237708E-1	-1.704101E-1
2.237779E-1	-1.704595E-1
2.237369E-1	-1.705096E-1
2.237193E-1	-1.705522E-1
2.237109E-1	-1.705952E-1
2.236844E-1	-1.706634E-1
2.236699E-1	-1.706983E-1
2.236569E-1	-1.707641E-1
2.236591E-1	-1.708548E-1
2.236097E-1	-1.708062E-1
2.235865E-1	-1.708608E-1
2.235745E-1	-1.709119E-1
2.235713E-1	-1.709787E-1
2.235402E-1	-1.709927E-1
2.235418E-1	-1.710682E-1
2.235148E-1	-1.710731E-1
2.234946E-1	-1.710890E-1
2.234860E-1	-1.711311E-1
2.234858E-1	-1.711716E-1
2.234517E-1	-1.712304E-1
2.233925E-1	-1.712277E-1
2.233775E-1	-1.712992E-1
2.233606E-1	-1.713840E-1
2.233319E-1	-1.714384E-1
2.232884E-1	-1.714419E-1
2.232661E-1	-1.715261E-1
2.232216E-1	-1.715667E-1
2.231792E-1	-1.716188E-1
2.231637E-1	-1.716880E-1
2.231228E-1	-1.717214E-1
2.230895E-1	-1.717751E-1
2.230338E-1	-1.718395E-1
2.230026E-1	-1.718589E-1
2.229676E-1	-1.719259E-1
2.229216E-1	-1.719564E-1
2.228914E-1	-1.719709E-1
2.228144E-1	-1.719659E-1
2.228539E-1	-1.719958E-1
2.228593E-1	-1.720249E-1
2.228165E-1	-1.720475E-1
2.228328E-1	-1.720576E-1
2.228272E-1	-1.720594E-1
2.227982E-1	-1.721187E-1
2.227232E-1	-1.721707E-1
2.226555E-1	-1.721979E-1
2.225802E-1	-1.723051E-1
2.225196E-1	-1.723511E-1
2.224516E-1	-1.723496E-1
2.223669E-1	-1.723639E-1
2.223515E-1	-1.724316E-1
2.223137E-1	-1.724580E-1
2.222421E-1	-1.724709E-1
2.221811E-1	-1.725084E-1
2.221094E-1	-1.725243E-1
2.220897E-1	-1.725604E-1
2.220436E-1	-1.725599E-1
2.219869E-1	-1.725723E-1
2.219653E-1	-1.726149E-1
2.219549E-1	-1.725834E-1
2.219041E-1	-1.726431E-1
2.218952E-1	-1.726339E-1
2.218952E-1	-1.726430E-1
2.218845E-1	-1.726204E-1
2.217676E-1	-1.726689E-1
2.217276E-1	-1.727112E-1
2.216544E-1	-1.727204E-1
2.215784E-1	-1.727581E-1
2.215424E-1	-1.727718E-1
2.214909E-1	-1.727767E-1
2.214090E-1	-1.727799E-1
2.213595E-1	-1.728116E-1
2.213003E-1	-1.728500E-1
2.212721E-1	-1.728453E-1
2.212247E-1	-1.728512E-1
2.211827E-1	-1.728547E-1
2.211395E-1	-1.728680E-1
2.210950E-1	-1.728872E-1
2.210474E-1	-1.729209E-1
2.209764E-1	-1.729678E-1
2.209245E-1	-1.729230E-1
2.208841E-1	-1.729206E-1
2.208276E-1	-1.729246E-1
2.207805E-1	-1.728726E-1
2.207524E-1	-1.729818E-1
2.207035E-1	-1.729749E-1
2.206415E-1	-1.729652E-1
2.206079E-1	-1.729333E-1
2.205409E-1	-1.729793E-1
2.204882E-1	-1.729890E-1
2.204082E-1	-1.729889E-1
2.203566E-1	-1.729987E-1
2.202975E-1	-1.730237E-1
2.202112E-1	-1.730545E-1
2.201505E-1	-1.730371E-1
2.200909E-1	-1.730825E-1
2.200085E-1	-1.730573E-1
2.199229E-1	-1.730652E-1
2.198521E-1	-1.731106E-1
2.197319E-1	-1.730907E-1
2.197023E-1	-1.731064E-1
2.196240E-1	-1.730964E-1
2.195010E-1	-1.731413E-1
2.194722E-1	-1.731582E-1
2.193782E-1	-1.731571E-1
2.192839E-1	-1.731558E-1
2.192149E-1	-1.731402E-1
2.191458E-1	-1.731600E-1
2.190689E-1	-1.731904E-1
2.189603E-1	-1.731660E-1
2.189090E-1	-1.731863E-1
2.188241E-1	-1.731917E-1
2.187241E-1	-1.732181E-1
2.186526E-1	-1.732083E-1
2.185744E-1	-1.732072E-1
2.184953E-1	-1.732062E-1
2.184203E-1	-1.732117E-1
2.183466E-1	-1.732701E-1
2.182561E-1	-1.732205E-1
2.181691E-1	-1.732521E-1
2.180961E-1	-1.732529E-1
2.180179E-1	-1.732758E-1
2.179407E-1	-1.732866E-1
2.178864E-1	-1.732812E-1
2.178570E-1	-1.732671E-1
2.178383E-1	-1.732719E-1
2.178463E-1	-1.732723E-1
2.178476E-1	-1.732621E-1
2.178477E-1	-1.732694E-1
2.178387E-1	-1.732927E-1
2.178573E-1	-1.732782E-1
2.178647E-1	-1.732953E-1
2.178984E-1	-1.732578E-1
2.179358E-1	-1.732702E-1
2.179494E-1	-1.732956E-1
2.179626E-1	-1.732938E-1
2.179989E-1	-1.732707E-1
2.180611E-1	-1.732758E-1
2.180954E-1	-1.732307E-1
2.181368E-1	-1.732402E-1
2.181815E-1	-1.732410E-1
2.182262E-1	-1.732261E-1
2.182944E-1	-1.732584E-1
2.183538E-1	-1.732334E-1
2.184125E-1	-1.732563E-1
2.184337E-1	-1.732347E-1
2.184971E-1	-1.732408E-1
2.185642E-1	-1.731637E-1
2.186283E-1	-1.732055E-1
2.186826E-1	-1.732104E-1
2.187430E-1	-1.732088E-1
2.188091E-1	-1.731761E-1
2.188543E-1	-1.732083E-1
2.189091E-1	-1.732342E-1
2.189785E-1	-1.732019E-1
2.190555E-1	-1.732088E-1
2.191333E-1	-1.731398E-1
2.192291E-1	-1.731644E-1
2.192708E-1	-1.731579E-1
2.193213E-1	-1.731633E-1
2.193773E-1	-1.731737E-1
2.194754E-1	-1.731481E-1
2.195467E-1	-1.731122E-1
2.195883E-1	-1.731049E-1
2.196821E-1	-1.730762E-1
2.197677E-1	-1.731181E-1
2.198171E-1	-1.730911E-1
2.199091E-1	-1.731350E-1
2.199848E-1	-1.730825E-1
2.200388E-1	-1.730983E-1
2.201357E-1	-1.730295E-1
2.202161E-1	-1.730545E-1
2.203095E-1	-1.730791E-1
2.203692E-1	-1.730597E-1
2.204382E-1	-1.730131E-1
2.205210E-1	-1.730097E-1
2.205900E-1	-1.730212E-1
2.206748E-1	-1.729935E-1
2.208019E-1	-1.729904E-1
2.208347E-1	-1.729793E-1
2.209206E-1	-1.729383E-1
2.209752E-1	-1.729594E-1
2.210555E-1	-1.728671E-1
2.211507E-1	-1.728860E-1
2.212058E-1	-1.728696E-1
2.212957E-1	-1.728944E-1
2.213661E-1	-1.728667E-1
2.214174E-1	-1.728300E-1
2.215011E-1	-1.728640E-1
2.215968E-1	-1.727997E-1
2.216553E-1	-1.727652E-1
2.217249E-1	-1.728128E-1
2.218629E-1	-1.727529E-1
2.219051E-1	-1.727497E-1
2.219612E-1	-1.727441E-1
2.220321E-1	-1.727006E-1
2.221266E-1	-1.726919E-1
2.222002E-1	-1.726404E-1
2.222495E-1	-1.726171E-1
2.223579E-1	-1.726142E-1
2.224322E-1	-1.725896E-1
2.225174E-1	-1.725497E-1
2.225855E-1	-1.725180E-1
2.226711E-1	-1.725172E-1
2.227364E-1	-1.724212E-1
2.228145E-1	-1.723985E-1
2.229042E-1	-1.723489E-1
2.229795E-1	-1.722414E-1
2.231270E-1	-1.721923E-1
2.232760E-1	-1.721191E-1
2.233716E-1	-1.720341E-1
2.233876E-1	-1.720238E-1
2.234418E-1	-1.720076E-1
2.235095E-1	-1.719303E-1
2.235572E-1	-1.718700E-1
2.236258E-1	-1.718214E-1
2.236935E-1	-1.717226E-1
2.237538E-1	-1.716641E-1
2.238294E-1	-1.715656E-1
2.239122E-1	-1.714776E-1
2.239623E-1	-1.714016E-1
2.240351E-1	-1.712707E-1
2.241218E-1	-1.711773E-1
2.242034E-1	-1.710589E-1
2.242497E-1	-1.709337E-1
2.243277E-1	-1.707813E-1
2.243874E-1	-1.706593E-1
2.244714E-1	-1.704839E-1
2.245555E-1	-1.703082E-1
2.246378E-1	-1.701086E-1
2.247109E-1	-1.699232E-1
2.247841E-1	-1.696924E-1
2.248564E-1	-1.694833E-1
2.249689E-1	-1.687633E-1
2.251273E-1	-1.684332E-1
2.251986E-1	-1.682597E-1
2.252721E-1	-1.680916E-1
2.253004E-1	-1.679212E-1
2.253317E-1	-1.676758E-1
2.253883E-1	-1.673947E-1
2.254593E-1	-1.670809E-1
2.255170E-1	-1.667440E-1
2.255696E-1	-1.663681E-1
2.256527E-1	-1.659540E-1
2.257033E-1	-1.655077E-1
2.257715E-1	-1.650414E-1
2.258502E-1	-1.645191E-1
2.259445E-1	-1.642634E-1
2.259766E-1	-1.634333E-1
2.260276E-1	-1.628344E-1
2.261266E-1	-1.622442E-1
2.261916E-1	-1.619895E-1
2.262143E-1	-1.598408E-1
2.264253E-1	-1.565443E-1
2.266122E-1	-1.556108E-1
2.266700E-1	-1.554308E-1
2.266717E-1	-1.552763E-1
2.266892E-1	-1.550136E-1
2.267144E-1	-1.545655E-1
2.267500E-1	-1.540028E-1
2.267728E-1	-1.533137E-1
2.267995E-1	-1.525128E-1
2.268753E-1	-1.520324E-1
2.269392E-1	-1.460758E-1
2.271459E-1	-1.446474E-1
2.271592E-1	-1.432456E-1
2.271784E-1	-1.428568E-1
2.272001E-1	-1.422601E-1
2.272302E-1	-1.419366E-1
2.272387E-1	-1.410548E-1
2.272739E-1	-1.386350E-1
2.273376E-1	-1.344995E-1
2.273839E-1	-1.325075E-1
2.274138E-1	-1.307446E-1
2.274750E-1	-1.291787E-1
2.275064E-1	-1.273648E-1
2.275286E-1	-1.253267E-1
2.275628E-1	-1.231926E-1
2.275833E-1	-1.206295E-1
2.276214E-1	-1.175706E-1
2.276629E-1	-1.140909E-1
2.277064E-1	-1.100909E-1
2.277276E-1	-1.056878E-1
2.277809E-1	-9.919567E-2
2.278237E-1	-9.259202E-2
2.278609E-1	-8.405829E-2
2.278797E-1	-7.299780E-2
2.279330E-1	-6.034381E-2
2.279620E-1	-4.999854E-2
2.279954E-1	-4.313001E-2
2.280304E-1	-3.837260E-2
2.281057E-1	-3.472398E-2
2.281156E-1	-3.170895E-2
2.281729E-1	-3.040190E-2
2.281992E-1	-2.676449E-2
2.282290E-1	-2.462010E-2
2.282776E-1	-2.262076E-2
2.283452E-1	-2.104088E-2
2.283653E-1	-1.964120E-2
2.283970E-1	-1.813452E-2
2.284214E-1	-1.660493E-2
2.284552E-1	-1.538307E-2
2.285090E-1	-1.421041E-2
2.285487E-1	-1.313205E-2
2.285749E-1	-1.206753E-2
2.286121E-1	-1.093246E-2
2.286844E-1	-9.910821E-3
2.286869E-1	-9.069265E-3
2.287243E-1	-8.292498E-3
2.287690E-1	-7.550550E-3
2.287930E-1	-6.897057E-3
2.288403E-1	-5.901912E-3
2.288956E-1	-5.311832E-3
2.289362E-1	-4.118729E-3
2.290365E-1	-3.415510E-3
2.291024E-1	-3.234245E-3
2.291347E-1	-3.160162E-3
2.291610E-1	-3.114728E-3
2.291672E-1	-2.973162E-3
2.291673E-1	-2.823894E-3
2.291842E-1	-2.657052E-3
2.292335E-1	-2.582549E-3
2.292545E-1	-2.350365E-3
2.292754E-1	-2.204390E-3
2.293142E-1	-2.085082E-3
2.293242E-1	-1.868802E-3
2.293666E-1	-1.762290E-3
2.293854E-1	-1.680425E-3
2.294111E-1	-1.619190E-3
2.294290E-1	-1.404342E-3
2.295076E-1	-1.334524E-3
2.295378E-1	-1.165530E-3
2.295305E-1	-1.046564E-3
2.295963E-1	-1.023886E-3
2.296158E-1	-9.094980E-4
2.296531E-1	-9.082640E-4
2.296852E-1	-8.016870E-4
2.297164E-1	-7.256610E-4
2.297421E-1	-6.989020E-4
2.297656E-1	-6.125220E-4
2.298127E-1	-5.834400E-4
2.298361E-1	-5.406300E-4
2.298737E-1	-4.852880E-4
2.299150E-1	-4.185280E-4
2.299862E-1	-3.322520E-4
2.300441E-1	-3.125410E-4
2.300483E-1	-3.068580E-4
2.301000E-1	-2.888000E-4
2.301260E-1	-2.435100E-4
2.301290E-1	-2.363970E-4
2.301699E-1	-2.199660E-4
2.302017E-1	-1.871830E-4
2.302172E-1	-1.993230E-4
2.302532E-1	-1.494000E-4
2.302736E-1	-1.579040E-4
2.303248E-1	-1.602530E-4
2.303560E-1	-1.178770E-4
2.303781E-1	-1.092150E-4
2.303904E-1	-1.192020E-4
2.304304E-1	-5.844000E-5
2.304790E-1	-8.745600E-5
2.305198E-1	-3.934500E-5
2.305265E-1	-3.296700E-5
2.305740E-1	-5.025100E-5
2.305949E-1	3.635000E-6
2.306466E-1	-3.355700E-5
2.306524E-1	-2.901600E-5
2.306929E-1	-2.336000E-5
2.307342E-1	-3.296700E-5
2.307422E-1	5.005400E-5
2.307731E-1	-1.552500E-5
2.308103E-1	-3.480400E-5
2.308347E-1	5.065700E-5
2.308821E-1	-1.332100E-5
2.309083E-1	2.811100E-5
2.309324E-1	1.778300E-5
2.309705E-1	-7.090000E-7
2.309901E-1	6.166800E-5
2.310200E-1	2.199500E-5
2.310414E-1	4.568400E-5
2.311139E-1	1.468500E-5
2.311271E-1	4.804600E-5
2.311505E-1	6.464700E-5
2.311790E-1	2.987000E-5
2.312181E-1	7.246900E-5
2.312349E-1	4.010600E-5
2.312518E-1	1.266400E-5
2.312767E-1	6.739000E-5
2.313101E-1	4.086700E-5
2.313422E-1	7.799400E-5
2.313850E-1	5.817700E-5
2.313861E-1	4.389900E-5
2.314109E-1	3.792700E-5
2.314476E-1	2.007900E-5
2.315012E-1	7.907000E-5
2.315109E-1	4.157600E-5
2.315302E-1	6.842700E-5
2.315790E-1	7.328300E-5
2.316051E-1	4.181200E-5
2.316332E-1	3.735000E-5
2.316732E-1	1.358300E-5
2.316839E-1	3.288800E-5
2.317362E-1	9.841500E-5
2.318158E-1	5.662900E-5
2.318544E-1	3.624800E-5
2.319015E-1	5.997500E-5
2.319134E-1	4.050000E-5
2.319420E-1	6.401700E-5
2.319371E-1	8.149800E-5
2.319854E-1	7.059200E-5
2.319959E-1	7.589400E-5
2.320058E-1	3.929200E-5
2.320440E-1	4.536900E-5
2.320856E-1	6.770500E-5
2.321223E-1	5.011900E-5
2.321263E-1	6.128800E-5
2.321574E-1	5.128700E-5
2.321783E-1	5.668100E-5
2.322511E-1	5.783600E-5
2.323035E-1	7.649800E-5
2.323347E-1	6.967400E-5
2.323402E-1	4.895100E-5
2.323639E-1	2.741500E-5
2.323828E-1	6.065800E-5
2.323867E-1	6.849300E-5
2.324239E-1	5.344000E-5
2.324498E-1	4.312400E-5
2.324949E-1	5.367600E-5
2.324995E-1	6.405700E-5
2.325202E-1	6.739000E-5
2.325413E-1	1.472740E-4
2.325969E-1	8.706300E-5
2.325908E-1	7.911000E-5
2.326253E-1	6.895200E-5
2.326555E-1	4.424000E-5
2.326915E-1	6.526400E-5
2.327028E-1	6.446400E-5
2.327187E-1	5.271800E-5
2.327552E-1	6.943700E-5
2.327869E-1	7.140600E-5
2.328308E-1	3.699600E-5
2.328345E-1	4.626100E-5
2.328620E-1	9.711500E-5
2.328943E-1	4.078800E-5
2.329292E-1	5.618300E-5
2.329452E-1	4.385900E-5
2.329757E-1	6.941100E-5
2.329960E-1	7.275800E-5
2.330112E-1	6.002800E-5
2.330438E-1	7.711500E-5
2.330772E-1	7.110400E-5
2.331228E-1	5.030300E-5
2.331274E-1	5.585400E-5
2.331635E-1	5.277000E-5
2.331866E-1	7.143200E-5
2.332066E-1	1.003310E-4
2.332312E-1	4.817700E-5
2.332523E-1	8.152400E-5
2.332984E-1	4.517200E-5
2.333293E-1	5.462100E-5
2.333496E-1	6.147100E-5
2.333530E-1	8.420200E-5
2.333990E-1	6.404400E-5
2.334081E-1	7.565800E-5
2.334322E-1	4.530300E-5
2.334688E-1	6.346600E-5
2.335040E-1	7.812500E-5
2.335369E-1	6.077600E-5
2.335578E-1	5.991000E-5
2.336097E-1	4.267800E-5
2.336271E-1	8.198400E-5
2.336147E-1	5.313800E-5
2.336082E-1	5.914800E-5
2.336012E-1	9.474000E-5
2.335854E-1	7.708900E-5
2.335533E-1	8.148500E-5
2.336999E-1	3.553900E-5
2.338992E-1	3.207400E-5
2.339646E-1	3.158900E-5
2.338941E-1	8.661600E-5
2.337976E-1	5.578900E-5
2.336116E-1	6.673400E-5
2.335698E-1	6.833500E-5
2.334788E-1	7.933300E-5
2.333843E-1	3.259900E-5
2.332863E-1	1.265120E-4
2.331956E-1	8.603900E-5
2.331145E-1	8.896500E-5
2.330380E-1	4.126100E-5
2.329310E-1	5.475200E-5
2.328518E-1	7.442400E-5
2.327833E-1	4.943700E-5
2.326989E-1	5.025100E-5
2.326062E-1	6.266600E-5
2.325349E-1	2.590600E-5
2.324580E-1	3.606400E-5
2.323544E-1	6.669500E-5
2.322667E-1	1.061700E-5
2.321850E-1	6.468700E-5
2.320800E-1	4.081000E-6
2.319914E-1	5.405600E-5
2.318871E-1	2.576200E-5
2.318089E-1	2.472500E-5
2.317226E-1	5.345300E-5
2.316031E-1	2.582700E-5
2.315241E-1	9.777000E-6
2.314107E-1	-1.581400E-5
2.313320E-1	-6.522500E-5
2.312480E-1	-6.599900E-5
2.311523E-1	-9.177400E-5
2.310720E-1	-1.419980E-4
2.309578E-1	-1.791120E-4
2.308824E-1	-2.510300E-4
2.307842E-1	-3.664400E-4
2.306893E-1	-4.907340E-4
2.305827E-1	-6.075740E-4
2.304833E-1	-8.375010E-4
2.303748E-1	-1.060029E-3
2.303049E-1	-1.395733E-3
2.301948E-1	-1.826570E-3
2.301161E-1	-2.361546E-3
2.300061E-1	-3.164309E-3
2.298970E-1	-4.222710E-3
2.298139E-1	-5.638822E-3
2.297005E-1	-7.581431E-3
2.295973E-1	-1.024134E-2
2.294954E-1	-1.360165E-2
2.294135E-1	-1.751168E-2
2.293015E-1	-2.215101E-2
2.292055E-1	-2.817624E-2
2.290952E-1	-3.722968E-2
2.289978E-1	-5.763689E-2
2.289001E-1	-9.163134E-2
2.288011E-1	-1.092662E-1
2.286931E-1	-1.211075E-1
2.285845E-1	-1.288454E-1
2.284782E-1	-1.349800E-1
2.283835E-1	-1.399411E-1
2.282857E-1	-1.439749E-1
2.281631E-1	-1.474175E-1
2.280537E-1	-1.502535E-1
2.279549E-1	-1.526344E-1
2.278580E-1	-1.547544E-1
2.277600E-1	-1.566530E-1
2.276496E-1	-1.582666E-1
2.275735E-1	-1.596734E-1
2.274581E-1	-1.610099E-1
2.272851E-1	-1.615821E-1
2.272659E-1	-1.628680E-1
2.271538E-1	-1.633401E-1
2.270989E-1	-1.647099E-1
2.269827E-1	-1.654891E-1
2.268939E-1	-1.662235E-1
2.268070E-1	-1.668812E-1
2.266939E-1	-1.674540E-1
2.265801E-1	-1.679734E-1
2.264801E-1	-1.684509E-1
2.263604E-1	-1.688881E-1
2.262911E-1	-1.692444E-1
2.261365E-1	-1.694158E-1
2.260929E-1	-1.699067E-1
2.259610E-1	-1.701308E-1
2.258622E-1	-1.702784E-1
2.258084E-1	-1.705825E-1
2.257168E-1	-1.707701E-1
2.256300E-1	-1.709236E-1
2.255416E-1	-1.710975E-1
2.254765E-1	-1.712698E-1
2.253687E-1	-1.714486E-1
2.252652E-1	-1.715702E-1
2.251687E-1	-1.716794E-1
2.250638E-1	-1.718405E-1
2.249596E-1	-1.719163E-1
2.248734E-1	-1.720209E-1
2.247664E-1	-1.720767E-1
2.246887E-1	-1.721707E-1
2.245826E-1	-1.722286E-1
2.244905E-1	-1.722875E-1
2.244095E-1	-1.723828E-1
2.243085E-1	-1.724665E-1
2.241563E-1	-1.724592E-1
2.240970E-1	-1.725033E-1
2.240576E-1	-1.725740E-1
2.239332E-1	-1.725858E-1
2.238345E-1	-1.726408E-1
2.237482E-1	-1.726926E-1
2.236539E-1	-1.727314E-1
2.235526E-1	-1.727776E-1
2.234823E-1	-1.727746E-1
2.233838E-1	-1.727834E-1
2.232916E-1	-1.728292E-1
2.232110E-1	-1.728387E-1
2.232033E-1	-1.728451E-1
2.231518E-1	-1.728886E-1
2.231575E-1	-1.728513E-1
2.231553E-1	-1.728513E-1
2.231327E-1	-1.728489E-1
2.231554E-1	-1.728353E-1
2.231841E-1	-1.728514E-1
2.231700E-1	-1.728051E-1
2.232101E-1	-1.728162E-1
2.232393E-1	-1.728406E-1
2.232821E-1	-1.727972E-1
2.232977E-1	-1.728043E-1
2.233384E-1	-1.728150E-1
2.233742E-1	-1.727691E-1
2.234243E-1	-1.727364E-1
2.234707E-1	-1.727278E-1
2.235215E-1	-1.727013E-1
2.235794E-1	-1.727146E-1
2.236426E-1	-1.727163E-1
2.236908E-1	-1.726943E-1
2.237565E-1	-1.726688E-1
2.238212E-1	-1.726768E-1
2.238990E-1	-1.725642E-1
2.239951E-1	-1.725663E-1
2.240453E-1	-1.725289E-1
2.241813E-1	-1.724603E-1
2.243108E-1	-1.723906E-1
2.244295E-1	-1.723245E-1
2.244928E-1	-1.723054E-1
2.245501E-1	-1.722750E-1
2.246129E-1	-1.721939E-1
2.246854E-1	-1.721568E-1
2.247480E-1	-1.720954E-1
2.248369E-1	-1.720270E-1
2.249074E-1	-1.719475E-1
2.249671E-1	-1.719295E-1
2.250772E-1	-1.718564E-1
2.251906E-1	-1.717608E-1
2.252141E-1	-1.716258E-1
2.253300E-1	-1.715394E-1
2.253731E-1	-1.714433E-1
2.254453E-1	-1.713124E-1
2.255990E-1	-1.712586E-1
2.256504E-1	-1.710235E-1
2.256981E-1	-1.708655E-1
2.257956E-1	-1.706957E-1
2.259014E-1	-1.705321E-1
2.259874E-1	-1.703179E-1
2.260732E-1	-1.701077E-1
2.261786E-1	-1.698485E-1
2.262602E-1	-1.695661E-1
2.263590E-1	-1.692883E-1
2.264251E-1	-1.689429E-1
2.265390E-1	-1.685646E-1
2.266245E-1	-1.681770E-1
2.267364E-1	-1.677418E-1
2.268107E-1	-1.672650E-1
2.269734E-1	-1.670222E-1
2.270042E-1	-1.661797E-1
2.271122E-1	-1.655258E-1
2.271933E-1	-1.648918E-1
2.272877E-1	-1.640803E-1
2.273942E-1	-1.632390E-1
2.274840E-1	-1.623495E-1
2.275976E-1	-1.613484E-1
2.276838E-1	-1.602487E-1
2.277721E-1	-1.590689E-1
2.278862E-1	-1.577069E-1
2.279606E-1	-1.561630E-1
2.280737E-1	-1.543982E-1
2.281645E-1	-1.524827E-1
2.282677E-1	-1.502201E-1
2.283666E-1	-1.476022E-1
2.284716E-1	-1.446297E-1
2.285701E-1	-1.411498E-1
2.286680E-1	-1.369864E-1
2.287583E-1	-1.319964E-1
2.288554E-1	-1.259097E-1
2.289536E-1	-1.180618E-1
2.290376E-1	-1.075917E-1
2.291070E-1	-3.263106E-2
2.295873E-1	-6.123191E-3
2.301485E-1	-2.783853E-3
2.304220E-1	-1.973529E-3
2.305777E-1	-1.866834E-3
2.305946E-1	-2.107130E-3
2.305576E-1	-2.320574E-3
2.305144E-1	-2.497639E-3
2.305069E-1	-2.496339E-3
2.305181E-1	-2.404749E-3
2.305175E-1	-2.136593E-3
2.305794E-1	-1.869918E-3
2.306181E-1	-1.559975E-3
2.304227E-1	-1.282567E-3
2.304135E-1	-1.075724E-3
2.304739E-1	-8.702580E-4
2.304865E-1	-7.110810E-4
2.305230E-1	-6.174960E-4
2.306160E-1	-4.453390E-4
2.306928E-1	-3.724900E-4
2.307945E-1	-2.988400E-4
2.308981E-1	-2.119740E-4
2.309584E-1	-1.935610E-4
2.310333E-1	-1.208690E-4
2.311541E-1	-1.097400E-4
2.311886E-1	-9.302100E-5
2.312489E-1	5.910000E-7
2.312967E-1	-6.917500E-5
2.313827E-1	-3.864900E-5
2.314718E-1	2.416100E-5
2.315527E-1	-1.724500E-5
2.316551E-1	1.627300E-5
2.318130E-1	-2.964600E-5
2.318688E-1	-1.210000E-5
2.319902E-1	4.863600E-5
2.320700E-1	7.192000E-6
2.321797E-1	-5.197000E-6
2.322543E-1	3.855700E-5
2.323478E-1	-9.504200E-5
2.324338E-1	1.115500E-5
2.325244E-1	1.744530E-4
2.326136E-1	1.089000E-6
2.327321E-1	-1.102000E-6
2.328061E-1	8.012000E-5
2.328888E-1	2.945000E-5
2.329801E-1	1.077060E-4
2.330562E-1	1.310000E-7
2.331771E-1	8.707600E-5
2.331925E-1	5.893800E-5
2.333952E-1	-1.872800E-5
2.334657E-1	6.359700E-5
2.335844E-1	9.712000E-6
2.337116E-1	3.729800E-5
2.338199E-1	1.115120E-4
2.338355E-1	-7.122200E-5
2.343451E-1	1.439700E-5
2.345917E-1	1.003570E-4
2.346581E-1	2.388500E-5
2.347331E-1	7.962100E-5
2.348066E-1	1.573500E-5
2.348891E-1	9.607000E-6
2.349552E-1	2.039400E-5
2.350521E-1	3.434500E-5
2.351551E-1	1.864900E-5
2.355206E-1	5.116900E-5
2.351579E-1	-7.795000E-6
2.350746E-1	7.708900E-5
2.353043E-1	1.738900E-5
2.362063E-1	1.111310E-4
2.373839E-1	-9.698000E-6
2.381830E-1	1.167350E-4
2.384655E-1	-2.100000E-6
2.385727E-1	2.737600E-5
2.389255E-1	1.109080E-4
2.391948E-1	6.535600E-5
2.389889E-1	4.239000E-5
2.387546E-1	9.306000E-5
2.385642E-1	2.594600E-5
2.384446E-1	-6.208000E-6
2.383836E-1	-1.088000E-5
2.383302E-1	-4.945000E-5
2.383211E-1	3.906900E-5
2.383138E-1	5.551300E-5
2.383450E-1	-3.223200E-5
2.383656E-1	-2.737600E-5
2.383866E-1	8.022500E-5
2.383903E-1	-2.677000E-6
2.384361E-1	3.400300E-5
2.385113E-1	1.061180E-4
2.385362E-1	-7.559000E-6
2.385913E-1	5.949000E-5
2.386270E-1	3.262500E-5
2.386978E-1	-2.074900E-5
2.388028E-1	5.428000E-5
2.388326E-1	1.006060E-4
2.388955E-1	-5.964700E-5
2.389217E-1	2.259900E-5
2.389712E-1	4.137900E-5
2.390369E-1	-1.492200E-5
2.390805E-1	6.072300E-5
2.391439E-1	-4.472600E-5
2.391955E-1	-8.110000E-6
2.392414E-1	6.025100E-5
2.393092E-1	-2.105000E-5
2.393501E-1	4.867600E-5
2.393934E-1	1.536800E-5
2.394888E-1	2.703000E-6
2.395514E-1	-1.050000E-6
2.396249E-1	2.578800E-5
2.396774E-1	2.903000E-5
2.397428E-1	2.963300E-5
2.397913E-1	7.100000E-6
2.398639E-1	3.531600E-5
2.399416E-1	1.168000E-6
2.400010E-1	-1.444000E-6
2.400634E-1	7.015900E-5
2.401384E-1	1.794000E-5
2.402221E-1	3.893800E-5
2.402653E-1	1.435700E-5
2.403384E-1	-1.570000E-7
2.403860E-1	2.568300E-5
2.404621E-1	-1.686400E-5
2.405485E-1	7.288900E-5
2.406117E-1	2.100000E-7
2.407062E-1	3.867600E-5
2.407381E-1	1.269100E-5
2.408279E-1	-2.120800E-5
2.408825E-1	5.001400E-5
2.409646E-1	6.820000E-7
2.410197E-1	6.811000E-6
2.411211E-1	4.951600E-5
2.411751E-1	-1.930500E-5
2.412537E-1	4.265000E-6
2.413104E-1	5.139200E-5
2.413587E-1	2.951500E-5
2.414700E-1	4.658900E-5
2.415122E-1	5.202200E-5
2.415818E-1	-2.910800E-5
2.416502E-1	6.097300E-5
2.417210E-1	-7.297000E-6
2.417913E-1	1.589300E-5
2.418978E-1	1.816300E-5
2.419387E-1	-1.061700E-5
2.419976E-1	5.375500E-5
2.421469E-1	1.492200E-5
2.421697E-1	5.267800E-5
2.422528E-1	2.220500E-5
2.423343E-1	3.662000E-6
2.423919E-1	3.534200E-5
2.424364E-1	3.602500E-5
2.428648E-1	-2.953000E-6
2.433559E-1	5.571000E-5
2.436063E-1	8.530000E-6
2.437881E-1	9.744300E-5
2.437742E-1	1.110660E-4
2.437398E-1	-8.987100E-5
2.436717E-1	5.678600E-5
2.436627E-1	8.019900E-5
2.436677E-1	-5.027700E-5
2.436481E-1	1.088000E-5
2.436483E-1	8.796800E-5
2.436654E-1	-5.025100E-5
2.437097E-1	1.032800E-5
2.437626E-1	3.749400E-5
2.438448E-1	-7.506700E-5
2.438859E-1	5.741600E-5
2.439561E-1	1.206200E-4
2.441253E-1	8.659000E-5
2.442487E-1	-9.337500E-5
2.442743E-1	7.107800E-5
2.442856E-1	-4.509300E-5
2.443311E-1	-4.738000E-6
2.443781E-1	9.540900E-5
2.444154E-1	1.039790E-4
2.444538E-1	-1.217900E-5
2.445180E-1	9.857200E-5
2.445734E-1	-8.097000E-6
2.446509E-1	7.055300E-5
2.447391E-1	-5.231100E-5
2.447606E-1	-1.436520E-4
2.448244E-1	-5.394000E-6
2.448769E-1	3.687800E-5
2.449335E-1	-7.327000E-5
2.449964E-1	8.370300E-5
2.450514E-1	1.027850E-4
2.451573E-1	-7.782000E-6
2.451788E-1	1.183100E-4
2.452472E-1	3.682500E-5
2.453353E-1	-8.420200E-5
2.453787E-1	1.519330E-4
2.454241E-1	1.243340E-4
2.455139E-1	-1.937100E-5
2.455708E-1	7.075000E-5
2.456417E-1	1.332450E-4
2.457688E-1	3.702200E-5
2.457863E-1	3.691700E-5
2.458425E-1	1.379960E-4
2.458856E-1	3.850500E-5
2.459483E-1	-5.958000E-6
2.460017E-1	6.068400E-5
2.461407E-1	4.406900E-5
2.461530E-1	1.455680E-4
2.462139E-1	6.969000E-6
2.462766E-1	-1.796600E-5
2.463499E-1	8.110400E-5
2.464140E-1	4.519800E-5
2.464834E-1	-7.782000E-6
2.465295E-1	3.563100E-5
2.466100E-1	-1.785000E-6
2.466607E-1	9.796800E-5
2.467196E-1	3.056500E-5
2.467849E-1	-2.887200E-5
2.468348E-1	1.041890E-4
2.469079E-1	-4.969900E-5
2.469582E-1	-2.007900E-5
2.470195E-1	9.152500E-5
2.471647E-1	8.603900E-5
2.472132E-1	6.197000E-5
2.472639E-1	4.082800E-5
2.472723E-1	1.668000E-5
2.473321E-1	-2.866200E-5
2.473926E-1	8.521200E-5
2.474624E-1	6.177300E-5
2.475337E-1	-4.347900E-5
2.475798E-1	6.084100E-5
2.476732E-1	-3.525000E-5
2.476956E-1	1.464600E-5
2.477879E-1	8.693100E-5
2.478290E-1	4.647100E-5
2.478856E-1	-1.599800E-5
2.479775E-1	6.470000E-5
2.480264E-1	-2.047300E-5
2.481879E-1	5.040800E-5
2.484882E-1	3.985700E-5
2.487997E-1	-1.273000E-6
2.490117E-1	8.841400E-5
2.490675E-1	4.186000E-6
2.490617E-1	-5.866000E-6
2.490216E-1	1.071680E-4
2.489715E-1	-2.693000E-5
2.489515E-1	5.591000E-6
2.489353E-1	5.446300E-5
2.489119E-1	-7.870000E-7
2.488787E-1	8.092100E-5
2.488482E-1	-3.336000E-5
2.488384E-1	3.534200E-5
2.488172E-1	6.202300E-5
2.488586E-1	-2.051200E-5
2.488573E-1	3.240200E-5
2.488347E-1	2.101100E-5
2.487347E-1	1.563290E-4
2.487065E-1	8.299400E-5
2.486664E-1	-6.879400E-5
2.485942E-1	-1.341200E-5
2.485264E-1	1.094380E-4
2.484491E-1	-1.013670E-4
2.483446E-1	8.399200E-5
2.482806E-1	8.036900E-5
2.482146E-1	-7.694400E-5
2.481345E-1	1.199900E-4
2.480228E-1	1.291760E-4
2.479311E-1	-4.917400E-5
2.478281E-1	1.008690E-4
2.477345E-1	1.078770E-4
2.476229E-1	8.015900E-5
2.475645E-1	-3.662000E-6
2.474570E-1	7.783700E-5
2.473270E-1	-1.142000E-6
2.472493E-1	1.215650E-4
2.471487E-1	-7.547400E-5
2.470304E-1	1.337300E-5
2.469169E-1	5.951600E-5
2.468255E-1	-1.155930E-4
2.467220E-1	1.373390E-4
2.466105E-1	2.929200E-5
2.464780E-1	-1.870100E-5
2.463564E-1	1.192020E-4
2.462680E-1	-5.685200E-5
2.461636E-1	2.652300E-5
2.460392E-1	1.344780E-4
2.459137E-1	-9.117000E-5
2.458149E-1	-9.376900E-5
2.457152E-1	1.327200E-4
2.455958E-1	-1.361580E-4
2.454632E-1	1.016950E-4
2.453242E-1	9.371600E-5
2.452389E-1	-3.160200E-5
2.451088E-1	1.463160E-4
2.449700E-1	-4.330800E-5
2.448656E-1	-2.519700E-5
2.447296E-1	1.000680E-4
2.446145E-1	-2.046000E-5
2.444987E-1	2.724500E-5
2.443642E-1	1.014850E-4
2.442327E-1	-9.993700E-5
2.441501E-1	4.354400E-5
2.440292E-1	1.529830E-4
2.438653E-1	-2.639200E-5
2.437734E-1	6.366300E-5
2.436392E-1	1.420770E-4
2.435255E-1	-7.862400E-5
2.434025E-1	7.168200E-5
2.432815E-1	8.137000E-6
2.431711E-1	-1.247800E-4
2.430583E-1	1.054880E-4
2.429333E-1	7.489700E-5
2.428104E-1	-1.285730E-4
2.426926E-1	1.375100E-4
2.425110E-1	-6.654000E-6
2.424564E-1	-2.716600E-5
2.423203E-1	1.455020E-4
2.421961E-1	-1.285990E-4
2.420588E-1	-8.176000E-6
2.419261E-1	1.111450E-4
2.418077E-1	-6.794100E-5
2.416108E-1	2.528900E-5
2.415376E-1	3.354400E-5
2.414435E-1	-9.938600E-5
2.413076E-1	1.621170E-4
2.412057E-1	1.531670E-4
2.410923E-1	-1.179560E-4
2.409334E-1	1.387440E-4
2.408380E-1	8.022500E-5
2.407140E-1	-5.811200E-5
2.405258E-1	2.014500E-5
2.404620E-1	-2.217900E-5
2.403090E-1	4.937100E-5
2.401782E-1	-1.291400E-5
2.400959E-1	3.039400E-5
2.399438E-1	6.710100E-5
2.398184E-1	-1.427860E-4
2.397058E-1	1.353970E-4
2.395228E-1	-4.859700E-5
2.394614E-1	-3.338700E-5
2.393295E-1	9.543500E-5
2.392228E-1	-7.651100E-5
2.391166E-1	1.146490E-4
2.390139E-1	1.313030E-4
2.388733E-1	3.099800E-5
2.387643E-1	8.401800E-5
2.386751E-1	-7.711500E-5
2.386087E-1	1.451740E-4
2.384954E-1	1.509620E-4
2.383665E-1	2.051200E-5
2.382649E-1	-4.451600E-5
2.381263E-1	1.931540E-4
2.380234E-1	5.404300E-5
2.378807E-1	-5.493600E-5
2.377840E-1	2.053200E-4
2.376576E-1	-1.759000E-6
2.375464E-1	-2.547300E-5
2.374119E-1	9.504200E-5
2.372906E-1	-1.306860E-4
2.371967E-1	7.685200E-5
2.371055E-1	1.132440E-4
2.369548E-1	-1.788800E-5
2.368523E-1	1.185200E-4
2.367337E-1	2.160200E-5
2.366242E-1	-1.761460E-4
2.365194E-1	1.232970E-4
2.364018E-1	-4.140500E-5
2.362151E-1	8.619600E-5
2.361624E-1	1.789150E-4
2.360674E-1	-9.121000E-5
2.359563E-1	-7.529100E-5
2.358210E-1	1.434290E-4
2.357286E-1	1.551200E-5
2.355512E-1	5.488300E-5
2.354946E-1	7.580200E-5
2.353733E-1	-1.682850E-4
2.352703E-1	-2.668000E-5
2.350955E-1	-1.618150E-4
2.350484E-1	-5.841400E-5
2.349305E-1	4.529000E-5
2.348373E-1	7.970000E-5
2.347301E-1	-1.348460E-4
2.346071E-1	3.379300E-5
2.345141E-1	5.380700E-5
2.343988E-1	-6.609100E-5
2.343005E-1	1.348850E-4
2.341770E-1	-5.135300E-5
2.340817E-1	-1.076010E-4
2.339535E-1	1.135720E-4
2.338620E-1	-6.867600E-5
2.337562E-1	-1.014720E-4
2.336433E-1	7.657700E-5
2.335592E-1	-2.046000E-5
2.333815E-1	3.585400E-5
2.333235E-1	-7.845300E-5
2.332241E-1	-2.476830E-4
2.330928E-1	-1.063670E-4
2.330343E-1	-2.051360E-4
2.329112E-1	-5.003540E-4
2.328056E-1	-4.024770E-4
2.327098E-1	-7.226170E-4
2.325941E-1	-7.745080E-4
2.325191E-1	-1.131815E-3
2.323885E-1	-1.320639E-3
2.322912E-1	-2.004396E-3
2.321236E-1	-2.064990E-3
2.320849E-1	-3.079543E-3
2.319699E-1	-4.182722E-3
2.318611E-1	-5.291005E-3
2.317772E-1	-7.265006E-3
2.316432E-1	-9.306135E-3
2.315462E-1	-1.235861E-2
2.314677E-1	-1.609420E-2
2.313306E-1	-2.040801E-2
2.312510E-1	-2.583453E-2
2.311794E-1	-3.355176E-2
2.310833E-1	-4.854040E-2
2.309556E-1	-8.129398E-2
2.308611E-1	-1.038751E-1
2.307516E-1	-1.165576E-1
2.306578E-1	-1.252299E-1
2.305811E-1	-1.320680E-1
2.304366E-1	-1.349625E-1
2.303658E-1	-1.417496E-1
2.302694E-1	-1.451599E-1
2.301754E-1	-1.481775E-1
2.300926E-1	-1.510472E-1
2.299834E-1	-1.529987E-1
2.298852E-1	-1.549976E-1
2.297783E-1	-1.563412E-1
2.297427E-1	-1.556963E-1
2.297513E-1	-1.537766E-1
2.298506E-1	-1.504475E-1
2.300218E-1	-1.451038E-1
2.302079E-1	-1.370377E-1
2.304112E-1	-1.231728E-1
2.306380E-1	-8.909350E-2
2.308838E-1	-3.189711E-2
2.311318E-1	-1.679156E-2
2.314045E-1	-8.026940E-3
2.318479E-1	-5.605737E-3
2.320049E-1	-1.958555E-3
2.322975E-1	-9.031590E-4
2.325903E-1	-4.280680E-4
2.328897E-1	-3.819520E-4
2.330739E-1	-1.316700E-4
2.332027E-1	-2.838920E-4
2.331123E-1	-2.100710E-4
2.329459E-1	-5.685310E-4
2.328149E-1	-1.269798E-3
2.324933E-1	-3.245938E-3
2.320747E-1	-1.309681E-2
2.311799E-1	-2.689805E-2
2.308932E-1	-1.472846E-1
2.301051E-1	-1.621146E-1
2.292803E-1	-1.684660E-1
2.284053E-1	-1.710032E-1
2.274093E-1	-1.721535E-1
2.263676E-1	-1.728129E-1
2.252608E-1	-1.730094E-1
2.240802E-1	-1.732232E-1
2.228635E-1	-1.732088E-1
2.208981E-1	-1.733872E-1
2.202623E-1	-1.734869E-1
2.189284E-1	-1.734405E-1
2.175593E-1	-1.736461E-1
2.161964E-1	-1.735364E-1
2.147735E-1	-1.737300E-1
2.133681E-1	-1.738712E-1
2.119745E-1	-1.737954E-1
2.105589E-1	-1.740211E-1
2.092472E-1	-1.739266E-1
2.083630E-1	-1.740156E-1
2.078874E-1	-1.739877E-1
2.078785E-1	-1.739002E-1
2.079286E-1	-1.739441E-1
2.076802E-1	-1.739271E-1
2.076791E-1	-1.738305E-1
2.077677E-1	-1.739639E-1
2.079070E-1	-1.739529E-1
2.080403E-1	-1.738570E-1
2.082409E-1	-1.739804E-1
2.085748E-1	-1.739332E-1
2.087146E-1	-1.740137E-1
2.089821E-1	-1.738600E-1
2.092680E-1	-1.738418E-1
2.095543E-1	-1.739842E-1
2.098329E-1	-1.738502E-1
2.101665E-1	-1.739286E-1
2.105193E-1	-1.739076E-1
2.107999E-1	-1.737573E-1
2.111341E-1	-1.738041E-1
2.114809E-1	-1.736615E-1
2.118679E-1	-1.737161E-1
2.122398E-1	-1.738522E-1
2.126389E-1	-1.736203E-1
2.130306E-1	-1.737996E-1
2.134394E-1	-1.736733E-1
2.138251E-1	-1.736762E-1
2.142141E-1	-1.737669E-1
2.146277E-1	-1.735642E-1
2.150656E-1	-1.735781E-1
2.155156E-1	-1.736094E-1
2.159676E-1	-1.734754E-1
2.164425E-1	-1.736680E-1
2.168529E-1	-1.735506E-1
2.173542E-1	-1.735798E-1
2.178294E-1	-1.734624E-1
2.183004E-1	-1.735906E-1
2.188067E-1	-1.733222E-1
2.192840E-1	-1.735364E-1
2.197028E-1	-1.733557E-1
2.201746E-1	-1.733148E-1
2.206851E-1	-1.732956E-1
2.211577E-1	-1.733566E-1
2.216319E-1	-1.731618E-1
2.220974E-1	-1.731813E-1
2.225959E-1	-1.732341E-1
2.231416E-1	-1.729576E-1
2.236873E-1	-1.730255E-1
2.241188E-1	-1.728908E-1
2.246026E-1	-1.726810E-1
2.251363E-1	-1.725781E-1
2.256908E-1	-1.719941E-1
2.262218E-1	-1.716066E-1
2.266984E-1	-1.709238E-1
2.272099E-1	-1.694739E-1
2.277616E-1	-1.673856E-1
2.282465E-1	-1.636075E-1
2.287686E-1	-1.574898E-1
2.293328E-1	-1.457410E-1
2.298421E-1	-1.156905E-1
2.304050E-1	-2.443876E-2
2.308955E-1	-6.240453E-3
2.314405E-1	-1.488556E-3
2.319924E-1	-4.954720E-4
2.325182E-1	-1.045960E-4
2.330272E-1	4.437100E-5
2.335670E-1	-1.058160E-4
2.341149E-1	1.719860E-4
2.349117E-1	-4.161500E-5
2.351817E-1	-8.890000E-5
2.356986E-1	9.380800E-5
2.362251E-1	-1.444390E-4
2.367913E-1	1.364860E-4
2.373283E-1	7.555300E-5
2.378379E-1	-5.095900E-5
2.383839E-1	1.018920E-4
2.389516E-1	-4.613000E-5
2.395146E-1	9.035700E-5
2.400249E-1	1.098190E-4
2.405249E-1	-1.227720E-4
2.410118E-1	5.053900E-5
2.415402E-1	6.998900E-5
2.421110E-1	-5.842700E-5
2.426768E-1	1.114590E-4
2.432338E-1	-6.483100E-5
2.437446E-1	1.524450E-4
2.442472E-1	3.941000E-5
2.448019E-1	-5.834800E-5
2.453483E-1	1.138090E-4
2.461346E-1	7.552700E-5
2.463654E-1	9.807300E-5
2.469392E-1	1.449380E-4
2.474937E-1	-1.584690E-4
2.479662E-1	7.573700E-5
2.484514E-1	-1.588000E-6
2.490371E-1	-7.552700E-5
2.495517E-1	1.876030E-4
2.500523E-1	-7.008000E-5
2.505806E-1	-4.514500E-5
2.513711E-1	-2.862300E-5
2.516303E-1	4.476500E-5
2.521016E-1	-2.212700E-5
2.526121E-1	9.579000E-5
2.531457E-1	-8.798100E-5
2.536757E-1	1.642950E-4
2.541881E-1	-1.025220E-4
2.546809E-1	-3.733700E-5
2.551733E-1	-1.825110E-4
2.557148E-1	6.105100E-5
2.562003E-1	4.350500E-5
2.566512E-1	-8.989700E-5
2.571601E-1	1.259870E-4
2.576682E-1	4.521100E-5
2.581727E-1	-2.046000E-5
2.587326E-1	9.197100E-5
2.591608E-1	-1.105540E-4
2.596089E-1	1.463290E-4
2.601076E-1	-8.640600E-5
2.606397E-1	3.136600E-5
2.611689E-1	4.833500E-5
2.616136E-1	-1.188220E-4
2.620803E-1	1.034150E-4
2.625062E-1	1.147670E-4
2.630203E-1	-1.467360E-4
2.635276E-1	4.690400E-5
2.640579E-1	1.993500E-5
2.644883E-1	-7.027700E-5
2.649083E-1	4.242900E-5
2.654144E-1	-2.367500E-5
2.658878E-1	1.177850E-4
2.664001E-1	-6.262600E-5
2.668438E-1	1.012760E-4
2.672820E-1	-4.466000E-5
2.676759E-1	-2.733700E-5
2.681387E-1	1.263550E-4
2.686010E-1	-2.231000E-6
2.690456E-1	3.567000E-5
2.695329E-1	1.479960E-4
2.699709E-1	-1.217900E-5
2.703770E-1	1.601610E-4
2.708518E-1	-7.520000E-6
2.712759E-1	5.540800E-5
2.716760E-1	1.015250E-4
2.721349E-1	-7.399100E-5
2.726011E-1	1.046350E-4
2.729505E-1	1.584690E-4
2.733733E-1	-3.489600E-5
2.737836E-1	1.431790E-4
2.742520E-1	-7.981800E-5
2.746707E-1	-7.087000E-6
2.751905E-1	1.592690E-4
2.757861E-1	1.085070E-4
2.759719E-1	2.337300E-5
2.763801E-1	5.296700E-5
2.767951E-1	-9.453000E-5
2.772440E-1	7.118300E-5
2.775835E-1	-1.515800E-5
2.779286E-1	-4.921400E-5
2.782739E-1	1.408300E-4
2.786695E-1	-5.206200E-5
2.790652E-1	4.594600E-5
2.795094E-1	-3.133900E-5
2.798981E-1	2.034000E-6
2.804375E-1	-2.074900E-5
2.806049E-1	-9.613100E-5
2.810412E-1	1.199370E-4
2.812911E-1	-4.408200E-5
2.815978E-1	5.092000E-5
2.819950E-1	9.937300E-5
2.823107E-1	-1.292950E-4
2.826531E-1	9.118300E-5
2.830447E-1	-8.690500E-5
2.834384E-1	1.887580E-4
2.838509E-1	5.700900E-5
2.842388E-1	-6.812500E-5
2.843458E-1	1.167350E-4
2.846696E-1	-1.092420E-4
2.850872E-1	1.351610E-4
2.854918E-1	-7.384700E-5
2.858560E-1	8.370300E-5
2.861477E-1	-3.176000E-6
