-1.500000E+5	-1.500000E+5	9.765645E-2	4.897007E-3
-1.400000E+5	-1.500000E+5	1.045186E-1	4.288300E-3
-1.300000E+5	-1.500000E+5	6.646410E-2	1.817166E-2
-1.200000E+5	-1.500000E+5	1.061493E-1	4.576819E-3
-1.100000E+5	-1.500000E+5	6.999870E-2	1.687187E-2
-1.000000E+5	-1.500000E+5	1.064542E-1	5.550940E-3
-9.000000E+4	-1.500000E+5	1.058127E-1	7.628943E-3
-8.000000E+4	-1.500000E+5	1.087579E-1	1.094427E-2
-7.000000E+4	-1.500000E+5	1.125658E-1	3.644431E-2
-6.000000E+4	-1.500000E+5	1.267562E-1	1.189545E-2
-5.000000E+4	-1.500000E+5	8.819687E-2	8.585358E-3
-4.000000E+4	-1.500000E+5	1.028839E-1	1.015322E-2
-3.000000E+4	-1.500000E+5	1.045717E-1	6.202910E-3
-2.000000E+4	-1.500000E+5	1.085703E-1	6.711451E-3
-1.000000E+4	-1.500000E+5	1.054477E-1	4.429976E-3
0.000000E+0	-1.500000E+5	1.052457E-1	4.291726E-3
1.000000E+4	-1.500000E+5	1.085131E-1	4.094907E-3
2.000000E+4	-1.500000E+5	1.117194E-1	4.551398E-3
3.000000E+4	-1.500000E+5	1.138069E-1	4.451768E-3
4.000000E+4	-1.500000E+5	1.056322E-1	4.906825E-3
5.000000E+4	-1.500000E+5	1.381330E-1	4.139873E-2
6.000000E+4	-1.500000E+5	9.846311E-2	5.002411E-3
7.000000E+4	-1.500000E+5	1.008759E-1	5.747574E-3
8.000000E+4	-1.500000E+5	1.020497E-1	4.271188E-3
9.000000E+4	-1.500000E+5	1.006342E-1	5.915660E-3
1.000000E+5	-1.500000E+5	1.016285E-1	5.220430E-3
1.100000E+5	-1.500000E+5	1.038384E-1	4.238338E-3
1.200000E+5	-1.500000E+5	1.026820E-1	8.199787E-3
1.300000E+5	-1.500000E+5	1.034468E-1	4.743280E-3
1.400000E+5	-1.500000E+5	1.036865E-1	5.340422E-3
1.500000E+5	-1.500000E+5	8.965823E-2	6.429460E-3
-1.500000E+5	-1.400000E+5	1.085233E-1	4.022358E-3
-1.400000E+5	-1.400000E+5	1.096879E-1	4.124225E-3
-1.300000E+5	-1.400000E+5	1.050765E-1	4.218166E-3
-1.200000E+5	-1.400000E+5	1.143667E-1	4.853840E-3
-1.100000E+5	-1.400000E+5	1.136111E-1	4.210045E-3
-1.000000E+5	-1.400000E+5	1.102315E-1	5.155233E-3
-9.000000E+4	-1.400000E+5	1.102917E-1	4.263386E-3
-8.000000E+4	-1.400000E+5	1.144228E-1	4.649157E-3
-7.000000E+4	-1.400000E+5	1.133572E-1	4.268566E-3
-6.000000E+4	-1.400000E+5	1.161463E-1	4.067015E-3
-5.000000E+4	-1.400000E+5	1.186907E-1	4.812796E-3
-4.000000E+4	-1.400000E+5	1.179381E-1	4.828681E-3
-3.000000E+4	-1.400000E+5	1.282461E-1	4.223554E-3
-2.000000E+4	-1.400000E+5	1.251510E-1	4.600105E-3
-1.000000E+4	-1.400000E+5	1.312412E-1	4.731056E-3
0.000000E+0	-1.400000E+5	1.312698E-1	4.713046E-3
1.000000E+4	-1.400000E+5	1.354774E-1	5.163468E-3
2.000000E+4	-1.400000E+5	1.405621E-1	4.606814E-3
3.000000E+4	-1.400000E+5	1.271967E-1	4.254991E-3
4.000000E+4	-1.400000E+5	1.343975E-1	1.213933E-2
5.000000E+4	-1.400000E+5	1.193535E-1	4.325810E-3
6.000000E+4	-1.400000E+5	1.075015E-1	4.620417E-3
7.000000E+4	-1.400000E+5	9.904949E-2	4.511240E-3
8.000000E+4	-1.400000E+5	1.036426E-1	5.408385E-3
9.000000E+4	-1.400000E+5	1.002457E-1	4.558579E-3
1.000000E+5	-1.400000E+5	1.015633E-1	4.638867E-3
1.100000E+5	-1.400000E+5	1.176851E-1	2.410716E-2
1.200000E+5	-1.400000E+5	1.002743E-1	4.971623E-3
1.300000E+5	-1.400000E+5	9.782778E-2	4.726853E-3
1.400000E+5	-1.400000E+5	1.024637E-1	4.351959E-3
1.500000E+5	-1.400000E+5	9.137352E-2	5.270019E-3
-1.500000E+5	-1.300000E+5	1.117285E-1	4.597056E-3
-1.400000E+5	-1.300000E+5	1.257588E-1	1.629893E-2
-1.300000E+5	-1.300000E+5	1.159515E-1	4.769851E-3
-1.200000E+5	-1.300000E+5	1.168336E-1	4.095895E-3
-1.100000E+5	-1.300000E+5	1.161657E-1	4.764141E-3
-1.000000E+5	-1.300000E+5	1.205885E-1	5.390648E-3
-9.000000E+4	-1.300000E+5	1.239028E-1	5.643390E-3
-8.000000E+4	-1.300000E+5	1.238386E-1	4.912086E-3
-7.000000E+4	-1.300000E+5	1.276373E-1	4.544705E-3
-6.000000E+4	-1.300000E+5	1.347126E-1	4.245662E-3
-5.000000E+4	-1.300000E+5	1.472050E-1	4.491148E-3
-4.000000E+4	-1.300000E+5	1.555061E-1	4.547636E-3
-3.000000E+4	-1.300000E+5	1.689052E-1	4.364841E-3
-2.000000E+4	-1.300000E+5	1.829395E-1	4.619537E-3
-1.000000E+4	-1.300000E+5	1.889889E-1	5.915882E-3
0.000000E+0	-1.300000E+5	1.973553E-1	4.468262E-3
1.000000E+4	-1.300000E+5	1.968189E-1	4.341296E-3
2.000000E+4	-1.300000E+5	1.919198E-1	4.584339E-3
3.000000E+4	-1.300000E+5	1.808225E-1	5.282579E-3
4.000000E+4	-1.300000E+5	1.700463E-1	4.593320E-3
5.000000E+4	-1.300000E+5	1.518777E-1	4.043814E-3
6.000000E+4	-1.300000E+5	1.399574E-1	4.673352E-3
7.000000E+4	-1.300000E+5	1.234235E-1	4.608107E-3
8.000000E+4	-1.300000E+5	1.146360E-1	5.178813E-3
9.000000E+4	-1.300000E+5	1.131767E-1	4.332050E-3
1.000000E+5	-1.300000E+5	1.051937E-1	4.348247E-3
1.100000E+5	-1.300000E+5	1.102305E-1	4.211992E-3
1.200000E+5	-1.300000E+5	1.086070E-1	5.123095E-3
1.300000E+5	-1.300000E+5	1.103651E-1	4.978133E-3
1.400000E+5	-1.300000E+5	1.019457E-1	5.556310E-3
1.500000E+5	-1.300000E+5	1.046981E-1	4.377415E-3
-1.500000E+5	-1.200000E+5	1.256048E-1	1.219371E-2
-1.400000E+5	-1.200000E+5	1.197349E-1	5.069170E-3
-1.300000E+5	-1.200000E+5	1.216868E-1	4.441522E-3
-1.200000E+5	-1.200000E+5	1.251092E-1	4.984788E-3
-1.100000E+5	-1.200000E+5	1.281084E-1	4.072943E-3
-1.000000E+5	-1.200000E+5	1.350308E-1	4.384793E-3
-9.000000E+4	-1.200000E+5	1.377067E-1	4.195420E-3
-8.000000E+4	-1.200000E+5	1.406335E-1	4.877621E-3
-7.000000E+4	-1.200000E+5	1.602849E-1	4.321326E-3
-6.000000E+4	-1.200000E+5	1.792887E-1	4.814863E-3
-5.000000E+4	-1.200000E+5	2.017037E-1	4.579705E-3
-4.000000E+4	-1.200000E+5	2.252925E-1	4.561431E-3
-3.000000E+4	-1.200000E+5	2.561677E-1	4.652632E-3
-2.000000E+4	-1.200000E+5	2.714696E-1	3.944259E-3
-1.000000E+4	-1.200000E+5	2.909130E-1	5.044580E-3
0.000000E+0	-1.200000E+5	3.008243E-1	4.367035E-3
1.000000E+4	-1.200000E+5	2.987623E-1	4.239878E-3
2.000000E+4	-1.200000E+5	2.864555E-1	4.598832E-3
3.000000E+4	-1.200000E+5	2.734001E-1	4.716277E-3
4.000000E+4	-1.200000E+5	2.468978E-1	4.394508E-3
5.000000E+4	-1.200000E+5	2.165529E-1	4.398107E-3
6.000000E+4	-1.200000E+5	1.890960E-1	4.275610E-3
7.000000E+4	-1.200000E+5	1.630893E-1	4.898569E-3
8.000000E+4	-1.200000E+5	1.416278E-1	4.515266E-3
9.000000E+4	-1.200000E+5	1.293587E-1	4.569231E-3
1.000000E+5	-1.200000E+5	1.235357E-1	4.268313E-3
1.100000E+5	-1.200000E+5	1.155630E-1	4.880109E-3
1.200000E+5	-1.200000E+5	1.182369E-1	5.058988E-3
1.300000E+5	-1.200000E+5	1.194372E-1	5.786206E-3
1.400000E+5	-1.200000E+5	1.177678E-1	4.435937E-3
1.500000E+5	-1.200000E+5	1.115980E-1	4.154814E-3
-1.500000E+5	-1.100000E+5	1.258180E-1	4.678570E-3
-1.400000E+5	-1.100000E+5	1.316685E-1	1.046087E-2
-1.300000E+5	-1.100000E+5	1.359272E-1	4.503652E-3
-1.200000E+5	-1.100000E+5	1.325302E-1	4.079967E-3
-1.100000E+5	-1.100000E+5	1.371030E-1	5.324606E-3
-1.000000E+5	-1.100000E+5	1.435073E-1	4.494633E-3
-9.000000E+4	-1.100000E+5	1.651330E-1	5.345288E-3
-8.000000E+4	-1.100000E+5	1.848873E-1	4.319385E-3
-7.000000E+4	-1.100000E+5	2.148835E-1	5.510984E-3
-6.000000E+4	-1.100000E+5	2.488986E-1	5.131724E-3
-5.000000E+4	-1.100000E+5	2.884655E-1	4.339291E-3
-4.000000E+4	-1.100000E+5	3.404361E-1	5.332393E-3
-3.000000E+4	-1.100000E+5	3.866387E-1	4.612236E-3
-2.000000E+4	-1.100000E+5	4.262056E-1	5.395284E-3
-1.000000E+4	-1.100000E+5	4.548321E-1	4.624019E-3
0.000000E+0	-1.100000E+5	5.550521E-1	5.244656E-2
1.000000E+4	-1.100000E+5	4.745865E-1	1.121091E-2
2.000000E+4	-1.100000E+5	4.456775E-1	4.494265E-3
3.000000E+4	-1.100000E+5	4.213208E-1	5.934307E-3
4.000000E+4	-1.100000E+5	3.756627E-1	4.426867E-3
5.000000E+4	-1.100000E+5	3.330885E-1	4.368962E-3
6.000000E+4	-1.100000E+5	2.804836E-1	4.168287E-3
7.000000E+4	-1.100000E+5	2.331000E-1	5.580486E-3
8.000000E+4	-1.100000E+5	1.974889E-1	4.776244E-3
9.000000E+4	-1.100000E+5	1.671297E-1	6.479805E-3
1.000000E+5	-1.100000E+5	1.492303E-1	4.563361E-3
1.100000E+5	-1.100000E+5	1.320377E-1	3.975270E-3
1.200000E+5	-1.100000E+5	1.328994E-1	4.288336E-3
1.300000E+5	-1.100000E+5	1.239650E-1	4.663274E-3
1.400000E+5	-1.100000E+5	1.273048E-1	4.243452E-3
1.500000E+5	-1.100000E+5	1.212463E-1	5.018688E-3
-1.500000E+5	-1.000000E+5	1.349257E-1	8.296372E-3
-1.400000E+5	-1.000000E+5	1.311270E-1	4.006285E-3
-1.300000E+5	-1.000000E+5	1.342404E-1	4.581115E-3
-1.200000E+5	-1.000000E+5	1.389865E-1	4.377248E-3
-1.100000E+5	-1.000000E+5	1.526456E-1	4.309786E-3
-1.000000E+5	-1.000000E+5	1.717535E-1	4.120439E-3
-9.000000E+4	-1.000000E+5	1.993816E-1	4.819452E-3
-8.000000E+4	-1.000000E+5	2.415959E-1	4.205583E-3
-7.000000E+4	-1.000000E+5	2.918145E-1	4.212940E-3
-6.000000E+4	-1.000000E+5	3.516476E-1	4.491238E-3
-5.000000E+4	-1.000000E+5	4.202225E-1	4.856467E-3
-4.000000E+4	-1.000000E+5	4.888238E-1	4.551507E-3
-3.000000E+4	-1.000000E+5	5.587489E-1	4.426176E-3
-2.000000E+4	-1.000000E+5	6.233169E-1	4.429398E-3
-1.000000E+4	-1.000000E+5	6.694818E-1	4.290029E-3
0.000000E+0	-1.000000E+5	6.895636E-1	4.513574E-3
1.000000E+4	-1.000000E+5	6.841617E-1	4.198110E-3
2.000000E+4	-1.000000E+5	6.538556E-1	4.496763E-3
3.000000E+4	-1.000000E+5	6.101259E-1	5.108320E-3
4.000000E+4	-1.000000E+5	5.518867E-1	4.633365E-3
5.000000E+4	-1.000000E+5	4.781283E-1	5.270165E-3
6.000000E+4	-1.000000E+5	4.062717E-1	4.484589E-3
7.000000E+4	-1.000000E+5	3.435189E-1	5.009665E-3
8.000000E+4	-1.000000E+5	2.783084E-1	4.602008E-3
9.000000E+4	-1.000000E+5	2.227165E-1	4.909700E-3
1.000000E+5	-1.000000E+5	1.807888E-1	4.423311E-3
1.100000E+5	-1.000000E+5	1.628884E-1	5.158071E-3
1.200000E+5	-1.000000E+5	1.370296E-1	7.866695E-3
1.300000E+5	-1.000000E+5	1.399054E-1	4.746387E-3
1.400000E+5	-1.000000E+5	1.293332E-1	5.154370E-3
1.500000E+5	-1.000000E+5	1.270203E-1	4.801510E-3
-1.500000E+5	-9.000000E+4	1.450829E-1	4.495720E-3
-1.400000E+5	-9.000000E+4	1.435685E-1	4.724066E-3
-1.300000E+5	-9.000000E+4	1.434461E-1	5.064899E-3
-1.200000E+5	-9.000000E+4	1.544323E-1	4.298753E-3
-1.100000E+5	-9.000000E+4	1.805206E-1	4.604445E-3
-1.000000E+5	-9.000000E+4	2.220648E-1	4.367732E-3
-9.000000E+4	-9.000000E+4	2.740467E-1	5.764829E-3
-8.000000E+4	-9.000000E+4	3.443755E-1	4.415563E-3
-7.000000E+4	-9.000000E+4	4.283390E-1	4.308069E-3
-6.000000E+4	-9.000000E+4	5.208606E-1	4.407256E-3
-5.000000E+4	-9.000000E+4	6.279101E-1	4.956904E-3
-4.000000E+4	-9.000000E+4	7.432250E-1	6.319857E-3
-3.000000E+4	-9.000000E+4	8.522723E-1	4.440215E-3
-2.000000E+4	-9.000000E+4	9.398407E-1	5.261180E-3
-1.000000E+4	-9.000000E+4	1.003352E+0	4.318701E-3
0.000000E+0	-9.000000E+4	1.033409E+0	6.753450E-3
1.000000E+4	-9.000000E+4	1.030611E+0	5.387177E-3
2.000000E+4	-9.000000E+4	9.886928E-1	4.314407E-3
3.000000E+4	-9.000000E+4	9.260715E-1	5.177154E-3
4.000000E+4	-9.000000E+4	8.237569E-1	4.303896E-3
5.000000E+4	-9.000000E+4	7.227251E-1	4.474115E-3
6.000000E+4	-9.000000E+4	6.081751E-1	4.425457E-3
7.000000E+4	-9.000000E+4	4.992961E-1	4.342111E-3
8.000000E+4	-9.000000E+4	3.875147E-1	4.854956E-3
9.000000E+4	-9.000000E+4	3.069217E-1	4.847550E-3
1.000000E+5	-9.000000E+4	2.545299E-1	4.140049E-3
1.100000E+5	-9.000000E+4	2.067884E-1	4.666996E-3
1.200000E+5	-9.000000E+4	1.766189E-1	5.357736E-3
1.300000E+5	-9.000000E+4	1.623143E-1	4.986940E-3
1.400000E+5	-9.000000E+4	1.490325E-1	5.288170E-3
1.500000E+5	-9.000000E+4	1.447320E-1	4.808444E-3
-1.500000E+5	-8.000000E+4	1.769289E-1	9.411867E-3
-1.400000E+5	-8.000000E+4	1.568778E-1	4.250427E-3
-1.300000E+5	-8.000000E+4	1.604980E-1	4.843524E-3
-1.200000E+5	-8.000000E+4	1.867413E-1	4.279417E-3
-1.100000E+5	-8.000000E+4	2.163346E-1	4.729118E-3
-1.000000E+5	-8.000000E+4	2.779718E-1	4.384011E-3
-9.000000E+4	-8.000000E+4	3.591737E-1	4.868791E-3
-8.000000E+4	-8.000000E+4	4.632271E-1	4.401651E-3
-7.000000E+4	-8.000000E+4	5.792038E-1	5.303081E-3
-6.000000E+4	-8.000000E+4	7.249401E-1	4.262601E-3
-5.000000E+4	-8.000000E+4	8.728292E-1	5.637870E-3
-4.000000E+4	-8.000000E+4	1.033334E+0	1.107182E-2
-3.000000E+4	-8.000000E+4	1.179630E+0	5.512917E-3
-2.000000E+4	-8.000000E+4	1.299501E+0	5.525066E-3
-1.000000E+4	-8.000000E+4	1.380672E+0	4.341779E-3
0.000000E+0	-8.000000E+4	1.422459E+0	3.885291E-3
1.000000E+4	-8.000000E+4	1.415187E+0	4.552362E-3
2.000000E+4	-8.000000E+4	1.358353E+0	4.807558E-3
3.000000E+4	-8.000000E+4	1.267808E+0	8.622660E-3
4.000000E+4	-8.000000E+4	1.134260E+0	4.122816E-3
5.000000E+4	-8.000000E+4	9.881961E-1	5.093906E-3
6.000000E+4	-8.000000E+4	8.312768E-1	4.233022E-3
7.000000E+4	-8.000000E+4	6.734417E-1	4.683472E-3
8.000000E+4	-8.000000E+4	5.423649E-1	4.415184E-3
9.000000E+4	-8.000000E+4	4.154111E-1	4.440597E-3
1.000000E+5	-8.000000E+4	3.214598E-1	4.855024E-3
1.100000E+5	-8.000000E+4	2.503967E-1	4.818024E-3
1.200000E+5	-8.000000E+4	2.027031E-1	4.462781E-3
1.300000E+5	-8.000000E+4	1.676926E-1	4.985618E-3
1.400000E+5	-8.000000E+4	1.559589E-1	5.368151E-3
1.500000E+5	-8.000000E+4	1.246391E-1	2.895525E-2
-1.500000E+5	-7.000000E+4	1.691458E-1	8.374432E-3
-1.400000E+5	-7.000000E+4	1.693733E-1	4.716132E-3
-1.300000E+5	-7.000000E+4	1.861662E-1	4.328344E-3
-1.200000E+5	-7.000000E+4	2.164223E-1	4.416880E-3
-1.100000E+5	-7.000000E+4	2.630074E-1	4.737726E-3
-1.000000E+5	-7.000000E+4	3.427683E-1	5.392385E-3
-9.000000E+4	-7.000000E+4	4.453267E-1	4.310191E-3
-8.000000E+4	-7.000000E+4	5.892906E-1	4.342408E-3
-7.000000E+4	-7.000000E+4	7.452431E-1	4.469522E-3
-6.000000E+4	-7.000000E+4	9.199293E-1	4.236461E-3
-5.000000E+4	-7.000000E+4	1.118096E+0	5.419249E-3
-4.000000E+4	-7.000000E+4	1.313020E+0	4.347599E-3
-3.000000E+4	-7.000000E+4	1.503817E+0	1.574806E-2
-2.000000E+4	-7.000000E+4	1.652395E+0	4.825063E-3
-1.000000E+4	-7.000000E+4	1.754349E+0	4.542144E-3
0.000000E+0	-7.000000E+4	1.815418E+0	4.479883E-3
1.000000E+4	-7.000000E+4	1.797624E+0	4.682918E-3
2.000000E+4	-7.000000E+4	1.732761E+0	5.117893E-3
3.000000E+4	-7.000000E+4	1.618546E+0	4.899893E-3
4.000000E+4	-7.000000E+4	1.462672E+0	6.345486E-3
5.000000E+4	-7.000000E+4	1.272996E+0	4.362759E-3
6.000000E+4	-7.000000E+4	1.076770E+0	4.698993E-3
7.000000E+4	-7.000000E+4	8.746036E-1	5.116229E-3
8.000000E+4	-7.000000E+4	6.899062E-1	5.120827E-3
9.000000E+4	-7.000000E+4	5.255302E-1	9.331960E-3
1.000000E+5	-7.000000E+4	3.981379E-1	4.180474E-3
1.100000E+5	-7.000000E+4	2.998851E-1	4.495561E-3
1.200000E+5	-7.000000E+4	2.336079E-1	4.225379E-3
1.300000E+5	-7.000000E+4	1.842704E-1	4.286158E-3
1.400000E+5	-7.000000E+4	1.573234E-1	4.470488E-3
1.500000E+5	-7.000000E+4	1.435481E-1	4.292095E-3
-1.500000E+5	-6.000000E+4	1.179952E-1	3.655047E-2
-1.400000E+5	-6.000000E+4	1.877244E-1	1.045854E-2
-1.300000E+5	-6.000000E+4	2.179459E-1	4.466806E-3
-1.200000E+5	-6.000000E+4	2.565766E-1	4.272225E-3
-1.100000E+5	-6.000000E+4	3.233597E-1	1.198797E-2
-1.000000E+5	-6.000000E+4	4.289764E-1	4.417982E-3
-9.000000E+4	-6.000000E+4	5.731860E-1	5.012702E-3
-8.000000E+4	-6.000000E+4	7.479945E-1	5.220400E-3
-7.000000E+4	-6.000000E+4	9.543462E-1	4.485228E-3
-6.000000E+4	-6.000000E+4	1.184690E+0	4.554318E-3
-5.000000E+4	-6.000000E+4	1.421486E+0	3.981246E-3
-4.000000E+4	-6.000000E+4	1.648656E+0	2.748650E-2
-3.000000E+4	-6.000000E+4	1.892764E+0	5.337241E-3
-2.000000E+4	-6.000000E+4	2.083624E+0	6.854607E-3
-1.000000E+4	-6.000000E+4	2.213353E+0	4.740515E-3
0.000000E+0	-6.000000E+4	2.274726E+0	6.495543E-3
1.000000E+4	-6.000000E+4	2.263846E+0	4.583615E-3
2.000000E+4	-6.000000E+4	2.186789E+0	6.123573E-3
3.000000E+4	-6.000000E+4	2.043192E+0	4.858657E-3
4.000000E+4	-6.000000E+4	1.848826E+0	4.361967E-3
5.000000E+4	-6.000000E+4	1.614042E+0	4.374261E-3
6.000000E+4	-6.000000E+4	1.360185E+0	5.140139E-3
7.000000E+4	-6.000000E+4	1.116926E+0	4.487445E-3
8.000000E+4	-6.000000E+4	8.747729E-1	6.559481E-3
9.000000E+4	-6.000000E+4	6.648387E-1	4.246381E-3
1.000000E+5	-6.000000E+4	4.884893E-1	1.012030E-2
1.100000E+5	-6.000000E+4	3.625941E-1	4.549531E-3
1.200000E+5	-6.000000E+4	2.755814E-1	5.460583E-3
1.300000E+5	-6.000000E+4	2.064549E-1	4.625175E-3
1.400000E+5	-6.000000E+4	1.714914E-1	4.381195E-3
1.500000E+5	-6.000000E+4	1.437581E-1	1.245947E-2
-1.500000E+5	-5.000000E+4	2.061592E-1	4.692387E-3
-1.400000E+5	-5.000000E+4	2.220689E-1	4.717331E-3
-1.300000E+5	-5.000000E+4	2.530644E-1	4.711963E-3
-1.200000E+5	-5.000000E+4	3.048535E-1	4.509782E-3
-1.100000E+5	-5.000000E+4	3.942005E-1	4.493353E-3
-1.000000E+5	-5.000000E+4	5.420681E-1	1.922224E-2
-9.000000E+4	-5.000000E+4	7.018622E-1	5.168401E-3
-8.000000E+4	-5.000000E+4	9.237147E-1	4.195432E-3
-7.000000E+4	-5.000000E+4	1.175344E+0	6.664263E-3
-6.000000E+4	-5.000000E+4	1.448517E+0	4.201275E-3
-5.000000E+4	-5.000000E+4	1.744673E+0	5.907910E-3
-4.000000E+4	-5.000000E+4	2.043738E+0	5.050395E-3
-3.000000E+4	-5.000000E+4	2.322904E+0	2.113483E-2
-2.000000E+4	-5.000000E+4	2.534849E+0	6.419933E-3
-1.000000E+4	-5.000000E+4	2.686039E+0	7.095816E-3
0.000000E+0	-5.000000E+4	2.756936E+0	4.419807E-3
1.000000E+4	-5.000000E+4	2.746824E+0	6.955825E-3
2.000000E+4	-5.000000E+4	2.641127E+0	4.179663E-3
3.000000E+4	-5.000000E+4	2.479547E+0	4.107826E-3
4.000000E+4	-5.000000E+4	2.249799E+0	5.279376E-3
5.000000E+4	-5.000000E+4	1.972870E+0	4.402932E-3
6.000000E+4	-5.000000E+4	1.670050E+0	4.761384E-3
7.000000E+4	-5.000000E+4	1.372508E+0	4.108739E-3
8.000000E+4	-5.000000E+4	1.070468E+0	6.323691E-3
9.000000E+4	-5.000000E+4	8.152579E-1	6.865993E-3
1.000000E+5	-5.000000E+4	5.992957E-1	4.737158E-3
1.100000E+5	-5.000000E+4	4.298034E-1	4.761214E-3
1.200000E+5	-5.000000E+4	3.121838E-1	4.368423E-3
1.300000E+5	-5.000000E+4	2.287975E-1	4.172951E-3
1.400000E+5	-5.000000E+4	1.772206E-1	4.684461E-3
1.500000E+5	-5.000000E+4	1.512332E-1	4.964522E-3
-1.500000E+5	-4.000000E+4	2.298601E-1	5.494544E-3
-1.400000E+5	-4.000000E+4	2.543371E-1	4.880100E-3
-1.300000E+5	-4.000000E+4	2.880953E-1	6.015616E-3
-1.200000E+5	-4.000000E+4	3.606310E-1	4.247703E-3
-1.100000E+5	-4.000000E+4	4.825847E-1	2.903576E-2
-1.000000E+5	-4.000000E+4	6.314375E-1	5.845308E-3
-9.000000E+4	-4.000000E+4	8.384388E-1	6.220988E-3
-8.000000E+4	-4.000000E+4	1.096200E+0	4.991429E-3
-7.000000E+4	-4.000000E+4	1.393899E+0	6.128662E-3
-6.000000E+4	-4.000000E+4	1.719463E+0	4.627700E-3
-5.000000E+4	-4.000000E+4	2.050081E+0	6.598373E-3
-4.000000E+4	-4.000000E+4	2.389206E+0	4.796587E-3
-3.000000E+4	-4.000000E+4	2.697361E+0	6.591890E-3
-2.000000E+4	-4.000000E+4	2.943767E+0	6.374583E-3
-1.000000E+4	-4.000000E+4	3.113421E+0	4.936205E-3
0.000000E+0	-4.000000E+4	3.199819E+0	4.474966E-3
1.000000E+4	-4.000000E+4	3.177024E+0	6.077189E-3
2.000000E+4	-4.000000E+4	3.073184E+0	4.393091E-3
3.000000E+4	-4.000000E+4	2.877560E+0	5.567293E-3
4.000000E+4	-4.000000E+4	2.616778E+0	5.255454E-3
5.000000E+4	-4.000000E+4	2.298999E+0	4.287865E-3
6.000000E+4	-4.000000E+4	1.949247E+0	8.759325E-3
7.000000E+4	-4.000000E+4	1.603836E+0	4.334679E-3
8.000000E+4	-4.000000E+4	1.236268E+0	1.015776E-2
9.000000E+4	-4.000000E+4	9.500019E-1	4.083227E-3
1.000000E+5	-4.000000E+4	6.963340E-1	7.174917E-3
1.100000E+5	-4.000000E+4	4.954035E-1	4.489190E-3
1.200000E+5	-4.000000E+4	3.521749E-1	4.579437E-3
1.300000E+5	-4.000000E+4	2.493738E-1	4.748975E-3
1.400000E+5	-4.000000E+4	1.943204E-1	4.711205E-3
1.500000E+5	-4.000000E+4	1.559916E-1	4.090000E-3
-1.500000E+5	-3.000000E+4	2.707109E-1	1.516843E-2
-1.400000E+5	-3.000000E+4	2.774232E-1	5.576068E-3
-1.300000E+5	-3.000000E+4	3.258500E-1	4.894376E-3
-1.200000E+5	-3.000000E+4	4.057425E-1	4.493357E-3
-1.100000E+5	-3.000000E+4	5.364226E-1	4.431805E-3
-1.000000E+5	-3.000000E+4	7.132074E-1	1.144498E-2
-9.000000E+4	-3.000000E+4	9.578369E-1	4.779845E-3
-8.000000E+4	-3.000000E+4	1.249036E+0	4.678921E-3
-7.000000E+4	-3.000000E+4	1.575466E+0	5.241379E-3
-6.000000E+4	-3.000000E+4	1.931465E+0	7.427698E-3
-5.000000E+4	-3.000000E+4	2.311328E+0	4.854572E-3
-4.000000E+4	-3.000000E+4	2.672425E+0	5.668099E-3
-3.000000E+4	-3.000000E+4	3.004199E+0	4.622525E-3
-2.000000E+4	-3.000000E+4	3.289541E+0	4.111633E-3
-1.000000E+4	-3.000000E+4	3.461730E+0	4.132825E-3
0.000000E+0	-3.000000E+4	3.553547E+0	4.366100E-3
1.000000E+4	-3.000000E+4	3.535686E+0	4.281407E-3
2.000000E+4	-3.000000E+4	3.415589E+0	6.590956E-3
3.000000E+4	-3.000000E+4	3.206326E+0	5.400238E-3
4.000000E+4	-3.000000E+4	2.921221E+0	4.416583E-3
5.000000E+4	-3.000000E+4	2.568611E+0	5.246771E-3
6.000000E+4	-3.000000E+4	2.181995E+0	4.626550E-3
7.000000E+4	-3.000000E+4	1.779519E+0	5.002462E-3
8.000000E+4	-3.000000E+4	1.404156E+0	4.219190E-3
9.000000E+4	-3.000000E+4	1.065651E+0	4.346711E-3
1.000000E+5	-3.000000E+4	7.741665E-1	4.414349E-3
1.100000E+5	-3.000000E+4	5.462299E-1	5.966940E-3
1.200000E+5	-3.000000E+4	3.795787E-1	5.044966E-3
1.300000E+5	-3.000000E+4	2.652683E-1	4.459479E-3
1.400000E+5	-3.000000E+4	1.975919E-1	4.770469E-3
1.500000E+5	-3.000000E+4	1.552797E-1	4.096225E-3
-1.500000E+5	-2.000000E+4	2.674731E-1	4.455921E-3
-1.400000E+5	-2.000000E+4	2.961771E-1	4.341842E-3
-1.300000E+5	-2.000000E+4	3.528928E-1	4.739043E-3
-1.200000E+5	-2.000000E+4	4.415422E-1	3.989567E-3
-1.100000E+5	-2.000000E+4	5.760720E-1	4.360938E-3
-1.000000E+5	-2.000000E+4	7.759633E-1	4.737058E-3
-9.000000E+4	-2.000000E+4	1.032401E+0	4.330173E-3
-8.000000E+4	-2.000000E+4	1.345862E+0	6.303851E-3
-7.000000E+4	-2.000000E+4	1.685060E+0	8.028177E-3
-6.000000E+4	-2.000000E+4	2.070634E+0	3.946680E-3
-5.000000E+4	-2.000000E+4	2.469426E+0	5.800027E-3
-4.000000E+4	-2.000000E+4	2.863268E+0	5.158987E-3
-3.000000E+4	-2.000000E+4	3.216614E+0	5.199800E-3
-2.000000E+4	-2.000000E+4	3.518661E+0	5.123818E-3
-1.000000E+4	-2.000000E+4	3.708659E+0	7.282927E-3
0.000000E+0	-2.000000E+4	3.791089E+0	4.759507E-3
1.000000E+4	-2.000000E+4	3.766692E+0	6.878177E-3
2.000000E+4	-2.000000E+4	3.657013E+0	7.326358E-3
3.000000E+4	-2.000000E+4	3.422212E+0	4.864268E-3
4.000000E+4	-2.000000E+4	3.125460E+0	6.727358E-3
5.000000E+4	-2.000000E+4	2.750325E+0	4.399547E-3
6.000000E+4	-2.000000E+4	2.338319E+0	5.152566E-3
7.000000E+4	-2.000000E+4	1.929744E+0	4.678099E-3
8.000000E+4	-2.000000E+4	1.504027E+0	4.967074E-3
9.000000E+4	-2.000000E+4	1.133119E+0	4.048838E-3
1.000000E+5	-2.000000E+4	8.265960E-1	3.928883E-3
1.100000E+5	-2.000000E+4	5.820337E-1	4.706768E-3
1.200000E+5	-2.000000E+4	4.036244E-1	6.787355E-3
1.300000E+5	-2.000000E+4	2.859629E-1	4.922857E-3
1.400000E+5	-2.000000E+4	2.026888E-1	5.424367E-3
1.500000E+5	-2.000000E+4	1.690316E-1	8.332968E-3
-1.500000E+5	-1.000000E+4	2.601234E-1	4.456138E-3
-1.400000E+5	-1.000000E+4	2.922254E-1	4.303831E-3
-1.300000E+5	-1.000000E+4	3.518006E-1	4.184060E-3
-1.200000E+5	-1.000000E+4	4.599903E-1	5.579036E-3
-1.100000E+5	-1.000000E+4	6.114445E-1	4.746538E-3
-1.000000E+5	-1.000000E+4	8.345779E-1	7.097147E-3
-9.000000E+4	-1.000000E+4	1.106568E+0	4.207428E-3
-8.000000E+4	-1.000000E+4	1.431625E+0	4.539051E-3
-7.000000E+4	-1.000000E+4	1.797067E+0	5.705862E-3
-6.000000E+4	-1.000000E+4	2.194705E+0	4.788439E-3
-5.000000E+4	-1.000000E+4	2.608573E+0	8.365437E-3
-4.000000E+4	-1.000000E+4	3.019214E+0	5.492358E-3
-3.000000E+4	-1.000000E+4	3.389221E+0	7.948249E-3
-2.000000E+4	-1.000000E+4	3.682281E+0	5.433695E-3
-1.000000E+4	-1.000000E+4	3.885211E+0	4.149399E-3
0.000000E+0	-1.000000E+4	3.970907E+0	6.344193E-3
1.000000E+4	-1.000000E+4	3.950755E+0	4.457247E-3
2.000000E+4	-1.000000E+4	3.802756E+0	7.114002E-3
3.000000E+4	-1.000000E+4	3.575566E+0	4.264296E-3
4.000000E+4	-1.000000E+4	3.259465E+0	6.075387E-3
5.000000E+4	-1.000000E+4	2.862765E+0	5.878225E-3
6.000000E+4	-1.000000E+4	2.435015E+0	4.156940E-3
7.000000E+4	-1.000000E+4	2.005221E+0	2.715229E-2
8.000000E+4	-1.000000E+4	1.557468E+0	4.829822E-3
9.000000E+4	-1.000000E+4	1.189724E+0	1.013481E-2
1.000000E+5	-1.000000E+4	8.550073E-1	4.324777E-3
1.100000E+5	-1.000000E+4	5.976335E-1	4.882877E-3
1.200000E+5	-1.000000E+4	4.076984E-1	4.460193E-3
1.300000E+5	-1.000000E+4	2.769031E-1	4.895757E-3
1.400000E+5	-1.000000E+4	2.130917E-1	2.446903E-2
1.500000E+5	-1.000000E+4	1.542018E-1	4.228209E-3
-1.500000E+5	0.000000E+0	2.464837E-1	4.588493E-3
-1.400000E+5	0.000000E+0	2.798166E-1	5.394590E-3
-1.300000E+5	0.000000E+0	3.429407E-1	5.171071E-3
-1.200000E+5	0.000000E+0	4.427497E-1	4.242651E-3
-1.100000E+5	0.000000E+0	6.030863E-1	7.613087E-3
-1.000000E+5	0.000000E+0	8.172893E-1	5.765082E-3
-9.000000E+4	0.000000E+0	1.084254E+0	5.482850E-3
-8.000000E+4	0.000000E+0	1.403772E+0	6.568320E-3
-7.000000E+4	0.000000E+0	1.770405E+0	4.523368E-3
-6.000000E+4	0.000000E+0	2.162943E+0	4.891730E-3
-5.000000E+4	0.000000E+0	2.580513E+0	4.392044E-3
-4.000000E+4	0.000000E+0	2.993857E+0	8.375549E-3
-3.000000E+4	0.000000E+0	3.361329E+0	6.000988E-3
-2.000000E+4	0.000000E+0	3.666798E+0	6.304553E-3
-1.000000E+4	0.000000E+0	3.861769E+0	4.739543E-3
0.000000E+0	0.000000E+0	3.960400E+0	6.088875E-3
1.000000E+4	0.000000E+0	3.937542E+0	5.162197E-3
2.000000E+4	0.000000E+0	3.801184E+0	4.582672E-3
3.000000E+4	0.000000E+0	3.579168E+0	7.371685E-3
4.000000E+4	0.000000E+0	3.251676E+0	4.575218E-3
5.000000E+4	0.000000E+0	2.865092E+0	4.030705E-3
6.000000E+4	0.000000E+0	2.432789E+0	6.013115E-3
7.000000E+4	0.000000E+0	1.984708E+0	4.854356E-3
8.000000E+4	0.000000E+0	1.545473E+0	1.069187E-2
9.000000E+4	0.000000E+0	1.185630E+0	4.916641E-3
1.000000E+5	0.000000E+0	8.428851E-1	4.360000E-3
1.100000E+5	0.000000E+0	5.873825E-1	6.144856E-3
1.200000E+5	0.000000E+0	4.059495E-1	4.499089E-3
1.300000E+5	0.000000E+0	2.655416E-1	5.737480E-3
1.400000E+5	0.000000E+0	1.949843E-1	4.413987E-3
1.500000E+5	0.000000E+0	1.479954E-1	4.607548E-3
-1.500000E+5	1.000000E+4	2.299845E-1	4.497771E-3
-1.400000E+5	1.000000E+4	2.542301E-1	3.935701E-3
-1.300000E+5	1.000000E+4	3.156246E-1	6.056158E-3
-1.200000E+5	1.000000E+4	4.129147E-1	6.668289E-3
-1.100000E+5	1.000000E+4	5.603153E-1	4.389054E-3
-1.000000E+5	1.000000E+4	7.574001E-1	4.820512E-3
-9.000000E+4	1.000000E+4	1.019575E+0	4.645662E-3
-8.000000E+4	1.000000E+4	1.316166E+0	4.699436E-3
-7.000000E+4	1.000000E+4	1.673194E+0	5.734464E-3
-6.000000E+4	1.000000E+4	2.061878E+0	5.785044E-3
-5.000000E+4	1.000000E+4	2.469590E+0	6.710195E-3
-4.000000E+4	1.000000E+4	2.876129E+0	4.527353E-3
-3.000000E+4	1.000000E+4	3.241981E+0	5.402594E-3
-2.000000E+4	1.000000E+4	3.539498E+0	6.948232E-3
-1.000000E+4	1.000000E+4	3.746705E+0	7.267263E-3
0.000000E+0	1.000000E+4	3.843124E+0	1.347938E-2
1.000000E+4	1.000000E+4	3.822240E+0	4.541865E-3
2.000000E+4	1.000000E+4	3.697403E+0	7.502418E-3
3.000000E+4	1.000000E+4	3.478887E+0	6.202657E-3
4.000000E+4	1.000000E+4	3.167010E+0	4.254267E-3
5.000000E+4	1.000000E+4	2.784930E+0	4.812169E-3
6.000000E+4	1.000000E+4	2.363421E+0	6.668370E-3
7.000000E+4	1.000000E+4	1.930462E+0	2.072184E-2
8.000000E+4	1.000000E+4	1.500559E+0	4.179936E-3
9.000000E+4	1.000000E+4	1.133440E+0	4.759522E-3
1.000000E+5	1.000000E+4	8.114092E-1	6.022922E-3
1.100000E+5	1.000000E+4	5.575873E-1	4.274091E-3
1.200000E+5	1.000000E+4	3.836844E-1	4.615477E-3
1.300000E+5	1.000000E+4	2.563329E-1	5.426671E-3
1.400000E+5	1.000000E+4	1.877968E-1	5.474270E-3
1.500000E+5	1.000000E+4	1.456774E-1	4.374982E-3
-1.500000E+5	2.000000E+4	1.967771E-1	5.471196E-3
-1.400000E+5	2.000000E+4	2.257901E-1	4.351830E-3
-1.300000E+5	2.000000E+4	2.726169E-1	9.050141E-3
-1.200000E+5	2.000000E+4	3.615315E-1	6.051458E-3
-1.100000E+5	2.000000E+4	4.906707E-1	8.033752E-3
-1.000000E+5	2.000000E+4	6.776300E-1	4.810046E-3
-9.000000E+4	2.000000E+4	9.129631E-1	4.741526E-3
-8.000000E+4	2.000000E+4	1.195090E+0	4.455538E-3
-7.000000E+4	2.000000E+4	1.529835E+0	4.416858E-3
-6.000000E+4	2.000000E+4	1.889359E+0	5.471993E-3
-5.000000E+4	2.000000E+4	2.284061E+0	5.660984E-3
-4.000000E+4	2.000000E+4	2.667682E+0	5.443373E-3
-3.000000E+4	2.000000E+4	3.027977E+0	4.644719E-3
-2.000000E+4	2.000000E+4	3.311260E+0	6.422605E-3
-1.000000E+4	2.000000E+4	3.499612E+0	4.098461E-3
0.000000E+0	2.000000E+4	3.598858E+0	4.381051E-3
1.000000E+4	2.000000E+4	3.578121E+0	1.942294E-2
2.000000E+4	2.000000E+4	3.483865E+0	4.986541E-3
3.000000E+4	2.000000E+4	3.265327E+0	5.056758E-3
4.000000E+4	2.000000E+4	2.970859E+0	4.416573E-3
5.000000E+4	2.000000E+4	2.612613E+0	5.217950E-3
6.000000E+4	2.000000E+4	2.204018E+0	5.480805E-3
7.000000E+4	2.000000E+4	1.787621E+0	4.064252E-3
8.000000E+4	2.000000E+4	1.391721E+0	8.362939E-3
9.000000E+4	2.000000E+4	1.047976E+0	4.030880E-3
1.000000E+5	2.000000E+4	7.457061E-1	4.625048E-3
1.100000E+5	2.000000E+4	5.186782E-1	4.706147E-3
1.200000E+5	2.000000E+4	3.522004E-1	4.635367E-3
1.300000E+5	2.000000E+4	2.402406E-1	4.498280E-3
1.400000E+5	2.000000E+4	1.759948E-1	4.504816E-3
1.500000E+5	2.000000E+4	1.420541E-1	4.588678E-3
-1.500000E+5	3.000000E+4	1.747068E-1	5.251396E-3
-1.400000E+5	3.000000E+4	1.991950E-1	5.212318E-3
-1.300000E+5	3.000000E+4	2.384855E-1	4.452426E-3
-1.200000E+5	3.000000E+4	3.049728E-1	4.696838E-3
-1.100000E+5	3.000000E+4	4.812641E-1	4.118050E-2
-1.000000E+5	3.000000E+4	4.876745E-1	1.380139E-1
-9.000000E+4	3.000000E+4	8.320345E-1	1.879992E-2
-8.000000E+4	3.000000E+4	1.049160E+0	8.856517E-3
-7.000000E+4	3.000000E+4	1.333308E+0	5.205505E-3
-6.000000E+4	3.000000E+4	1.668790E+0	4.316588E-3
-5.000000E+4	3.000000E+4	2.045047E+0	2.209625E-2
-4.000000E+4	3.000000E+4	2.386561E+0	4.587628E-3
-3.000000E+4	3.000000E+4	2.712568E+0	4.738673E-3
-2.000000E+4	3.000000E+4	2.980339E+0	4.387660E-3
-1.000000E+4	3.000000E+4	3.171371E+0	6.199120E-3
0.000000E+0	3.000000E+4	3.263436E+0	5.277125E-3
1.000000E+4	3.000000E+4	3.265225E+0	6.702345E-3
2.000000E+4	3.000000E+4	3.164082E+0	4.689206E-3
3.000000E+4	3.000000E+4	2.977234E+0	5.570282E-3
4.000000E+4	3.000000E+4	2.910275E+0	9.133256E-2
5.000000E+4	3.000000E+4	2.359149E+0	4.292771E-3
6.000000E+4	3.000000E+4	1.988305E+0	4.225826E-3
7.000000E+4	3.000000E+4	1.600739E+0	4.455935E-3
8.000000E+4	3.000000E+4	1.244035E+0	5.259603E-3
9.000000E+4	3.000000E+4	9.327807E-1	6.378141E-3
1.000000E+5	3.000000E+4	6.602680E-1	8.480059E-3
1.100000E+5	3.000000E+4	4.612823E-1	4.550893E-3
1.200000E+5	3.000000E+4	3.205002E-1	4.253648E-3
1.300000E+5	3.000000E+4	2.278878E-1	1.637136E-2
1.400000E+5	3.000000E+4	6.669254E-2	4.059087E-2
1.500000E+5	3.000000E+4	1.403551E-1	4.621946E-3
-1.500000E+5	4.000000E+4	1.491722E-1	3.978976E-3
-1.400000E+5	4.000000E+4	1.579332E-1	4.890069E-3
-1.300000E+5	4.000000E+4	1.894040E-1	4.230346E-3
-1.200000E+5	4.000000E+4	2.505609E-1	4.949579E-3
-1.100000E+5	4.000000E+4	3.321747E-1	4.986104E-3
-1.000000E+5	4.000000E+4	4.642815E-1	4.272133E-3
-9.000000E+4	4.000000E+4	6.387382E-1	4.289946E-3
-8.000000E+4	4.000000E+4	8.553918E-1	4.592101E-3
-7.000000E+4	4.000000E+4	1.109022E+0	4.003942E-3
-6.000000E+4	4.000000E+4	1.403302E+0	4.440815E-3
-5.000000E+4	4.000000E+4	1.714890E+0	5.673089E-3
-4.000000E+4	4.000000E+4	2.026027E+0	3.996819E-3
-3.000000E+4	4.000000E+4	2.324418E+0	5.863401E-3
-2.000000E+4	4.000000E+4	2.572728E+0	5.258743E-3
-1.000000E+4	4.000000E+4	2.740639E+0	5.914496E-3
0.000000E+0	4.000000E+4	2.834330E+0	4.673226E-3
1.000000E+4	4.000000E+4	2.833565E+0	4.640104E-3
2.000000E+4	4.000000E+4	2.738840E+0	6.752535E-3
3.000000E+4	4.000000E+4	2.568478E+0	4.538240E-3
4.000000E+4	4.000000E+4	2.328291E+0	5.100994E-3
5.000000E+4	4.000000E+4	2.027885E+0	4.277125E-3
6.000000E+4	4.000000E+4	1.698241E+0	4.042910E-3
7.000000E+4	4.000000E+4	1.370248E+0	4.563891E-3
8.000000E+4	4.000000E+4	1.055662E+0	4.196666E-3
9.000000E+4	4.000000E+4	7.892012E-1	5.609683E-3
1.000000E+5	4.000000E+4	5.569958E-1	4.107709E-3
1.100000E+5	4.000000E+4	3.911258E-1	4.411626E-3
1.200000E+5	4.000000E+4	2.720968E-1	4.075587E-3
1.300000E+5	4.000000E+4	1.921187E-1	4.506670E-3
1.400000E+5	4.000000E+4	1.523580E-1	4.474724E-3
1.500000E+5	4.000000E+4	1.308017E-1	4.718962E-3
-1.500000E+5	5.000000E+4	1.409313E-1	4.772509E-3
-1.400000E+5	5.000000E+4	1.501655E-1	4.056275E-3
-1.300000E+5	5.000000E+4	1.636227E-1	5.001714E-3
-1.200000E+5	5.000000E+4	2.013488E-1	8.420054E-3
-1.100000E+5	5.000000E+4	2.722600E-1	4.067728E-3
-1.000000E+5	5.000000E+4	3.743339E-1	4.457019E-3
-9.000000E+4	5.000000E+4	5.189841E-1	4.424568E-3
-8.000000E+4	5.000000E+4	6.982389E-1	5.970668E-3
-7.000000E+4	5.000000E+4	9.165415E-1	4.983411E-3
-6.000000E+4	5.000000E+4	1.162341E+0	4.674602E-3
-5.000000E+4	5.000000E+4	1.431513E+0	8.678166E-3
-4.000000E+4	5.000000E+4	1.704068E+0	4.358344E-3
-3.000000E+4	5.000000E+4	1.961696E+0	4.790967E-3
-2.000000E+4	5.000000E+4	2.175890E+0	5.567183E-3
-1.000000E+4	5.000000E+4	2.334284E+0	4.585966E-3
0.000000E+0	5.000000E+4	2.409487E+0	6.016029E-3
1.000000E+4	5.000000E+4	2.406759E+0	4.392499E-3
2.000000E+4	5.000000E+4	2.321454E+0	5.589240E-3
3.000000E+4	5.000000E+4	2.178306E+0	5.125438E-3
4.000000E+4	5.000000E+4	1.957524E+0	6.027232E-3
5.000000E+4	5.000000E+4	1.698433E+0	4.027777E-3
6.000000E+4	5.000000E+4	1.416993E+0	3.977302E-3
7.000000E+4	5.000000E+4	1.138989E+0	1.322230E-2
8.000000E+4	5.000000E+4	8.735247E-1	5.755480E-3
9.000000E+4	5.000000E+4	6.453475E-1	4.126272E-3
1.000000E+5	5.000000E+4	4.626019E-1	4.636863E-3
1.100000E+5	5.000000E+4	3.269034E-1	4.760755E-3
1.200000E+5	5.000000E+4	2.353425E-1	5.731544E-3
1.300000E+5	5.000000E+4	1.793805E-1	4.680764E-3
1.400000E+5	5.000000E+4	1.381972E-1	5.004058E-3
1.500000E+5	5.000000E+4	1.321081E-1	4.154980E-3
-1.500000E+5	6.000000E+4	1.325894E-1	4.019889E-3
-1.400000E+5	6.000000E+4	1.349217E-1	4.583882E-3
-1.300000E+5	6.000000E+4	1.311362E-1	1.169824E-2
-1.200000E+5	6.000000E+4	1.635370E-1	5.014756E-3
-1.100000E+5	6.000000E+4	2.098437E-1	5.979519E-3
-1.000000E+5	6.000000E+4	2.916778E-1	4.389162E-3
-9.000000E+4	6.000000E+4	3.897623E-1	4.143648E-3
-8.000000E+4	6.000000E+4	5.267580E-1	5.776890E-3
-7.000000E+4	6.000000E+4	7.044403E-1	5.702604E-3
-6.000000E+4	6.000000E+4	9.037870E-1	1.196080E-2
-5.000000E+4	6.000000E+4	1.122595E+0	6.047108E-3
-4.000000E+4	6.000000E+4	1.346406E+0	4.597162E-3
-3.000000E+4	6.000000E+4	1.555755E+0	5.129236E-3
-2.000000E+4	6.000000E+4	1.740433E+0	6.442614E-3
-1.000000E+4	6.000000E+4	1.873662E+0	4.257047E-3
0.000000E+0	6.000000E+4	1.938940E+0	5.284431E-3
1.000000E+4	6.000000E+4	1.933591E+0	5.287970E-3
2.000000E+4	6.000000E+4	1.862796E+0	4.453803E-3
3.000000E+4	6.000000E+4	1.733646E+0	4.645360E-3
4.000000E+4	6.000000E+4	1.553545E+0	5.123003E-3
5.000000E+4	6.000000E+4	1.346558E+0	5.145496E-3
6.000000E+4	6.000000E+4	1.115420E+0	4.832660E-3
7.000000E+4	6.000000E+4	8.895497E-1	4.206292E-3
8.000000E+4	6.000000E+4	6.857281E-1	5.706405E-3
9.000000E+4	6.000000E+4	5.012694E-1	4.135792E-3
1.000000E+5	6.000000E+4	3.641850E-1	5.164485E-3
1.100000E+5	6.000000E+4	2.600439E-1	4.674397E-3
1.200000E+5	6.000000E+4	1.974410E-1	5.500271E-3
1.300000E+5	6.000000E+4	1.583197E-1	4.168366E-3
1.400000E+5	6.000000E+4	1.359374E-1	4.878070E-3
1.500000E+5	6.000000E+4	1.322988E-1	5.350830E-3
-1.500000E+5	7.000000E+4	1.335194E-1	3.963423E-3
-1.400000E+5	7.000000E+4	1.234694E-1	5.227227E-3
-1.300000E+5	7.000000E+4	1.273599E-1	4.592665E-3
-1.200000E+5	7.000000E+4	1.048643E-1	3.161793E-2
-1.100000E+5	7.000000E+4	1.607122E-1	4.256596E-3
-1.000000E+5	7.000000E+4	2.131121E-1	3.976024E-3
-9.000000E+4	7.000000E+4	2.851155E-1	4.907461E-3
-8.000000E+4	7.000000E+4	3.864123E-1	4.586315E-3
-7.000000E+4	7.000000E+4	5.165570E-1	5.168861E-3
-6.000000E+4	7.000000E+4	6.719722E-1	4.842932E-3
-5.000000E+4	7.000000E+4	8.443067E-1	4.229202E-3
-4.000000E+4	7.000000E+4	1.019833E+0	5.142509E-3
-3.000000E+4	7.000000E+4	1.189994E+0	4.474734E-3
-2.000000E+4	7.000000E+4	1.330349E+0	5.906138E-3
-1.000000E+4	7.000000E+4	1.435454E+0	4.331174E-3
0.000000E+0	7.000000E+4	1.483675E+0	1.084754E-2
1.000000E+4	7.000000E+4	1.479674E+0	4.474501E-3
2.000000E+4	7.000000E+4	1.416033E+0	4.571198E-3
3.000000E+4	7.000000E+4	1.321492E+0	4.300257E-3
4.000000E+4	7.000000E+4	1.184602E+0	4.366484E-3
5.000000E+4	7.000000E+4	1.013127E+0	4.795764E-3
6.000000E+4	7.000000E+4	8.393658E-1	4.334540E-3
7.000000E+4	7.000000E+4	6.672118E-1	5.310648E-3
8.000000E+4	7.000000E+4	5.142044E-1	4.491370E-3
9.000000E+4	7.000000E+4	3.852039E-1	4.418954E-3
1.000000E+5	7.000000E+4	2.824365E-1	4.751302E-3
1.100000E+5	7.000000E+4	2.138831E-1	3.901280E-3
1.200000E+5	7.000000E+4	1.671613E-1	4.362343E-3
1.300000E+5	7.000000E+4	1.437337E-1	4.252100E-3
1.400000E+5	7.000000E+4	1.366115E-1	5.768836E-3
1.500000E+5	7.000000E+4	1.323518E-1	4.126075E-3
-1.500000E+5	8.000000E+4	1.216837E-1	5.703410E-3
-1.400000E+5	8.000000E+4	1.164675E-1	4.091324E-3
-1.300000E+5	8.000000E+4	1.031674E-1	1.617262E-2
-1.200000E+5	8.000000E+4	1.130410E-1	4.387915E-3
-1.100000E+5	8.000000E+4	1.233674E-1	4.656446E-3
-1.000000E+5	8.000000E+4	1.559334E-1	4.925245E-3
-9.000000E+4	8.000000E+4	2.066497E-1	5.349450E-3
-8.000000E+4	8.000000E+4	2.723589E-1	4.162921E-3
-7.000000E+4	8.000000E+4	3.677216E-1	4.804477E-3
-6.000000E+4	8.000000E+4	4.792878E-1	4.803800E-3
-5.000000E+4	8.000000E+4	6.041571E-1	4.523804E-3
-4.000000E+4	8.000000E+4	7.396119E-1	4.508920E-3
-3.000000E+4	8.000000E+4	8.627975E-1	4.109992E-3
-2.000000E+4	8.000000E+4	9.643911E-1	5.819631E-3
-1.000000E+4	8.000000E+4	1.044000E+0	5.689329E-3
0.000000E+0	8.000000E+4	1.081517E+0	4.991026E-3
1.000000E+4	8.000000E+4	1.098688E+0	8.884588E-3
2.000000E+4	8.000000E+4	1.037548E+0	4.478440E-3
3.000000E+4	8.000000E+4	9.638517E-1	9.183905E-3
4.000000E+4	8.000000E+4	8.468296E-1	4.436835E-3
5.000000E+4	8.000000E+4	7.346547E-1	6.289089E-3
6.000000E+4	8.000000E+4	6.031404E-1	4.446275E-3
7.000000E+4	8.000000E+4	4.746059E-1	4.446205E-3
8.000000E+4	8.000000E+4	3.619843E-1	5.195341E-3
9.000000E+4	8.000000E+4	2.766206E-1	4.368490E-3
1.000000E+5	8.000000E+4	2.147040E-1	4.748969E-3
1.100000E+5	8.000000E+4	1.667881E-1	4.434694E-3
1.200000E+5	8.000000E+4	1.411740E-1	8.420677E-3
1.300000E+5	8.000000E+4	1.244321E-1	5.146464E-3
1.400000E+5	8.000000E+4	1.287468E-1	5.088534E-3
1.500000E+5	8.000000E+4	1.328964E-1	4.622351E-3
-1.500000E+5	9.000000E+4	1.377577E-1	8.453866E-3
-1.400000E+5	9.000000E+4	1.189517E-1	4.680923E-3
-1.300000E+5	9.000000E+4	1.082368E-1	4.437075E-3
-1.200000E+5	9.000000E+4	1.054405E-1	4.401884E-3
-1.100000E+5	9.000000E+4	1.046073E-1	4.323072E-3
-1.000000E+5	9.000000E+4	1.221029E-1	4.506297E-3
-9.000000E+4	9.000000E+4	1.491855E-1	4.154223E-3
-8.000000E+4	9.000000E+4	1.950312E-1	4.438503E-3
-7.000000E+4	9.000000E+4	2.581002E-1	4.421080E-3
-6.000000E+4	9.000000E+4	3.316016E-1	4.418223E-3
-5.000000E+4	9.000000E+4	4.237020E-1	4.801061E-3
-4.000000E+4	9.000000E+4	5.094409E-1	4.454222E-3
-3.000000E+4	9.000000E+4	6.121176E-1	4.539450E-3
-2.000000E+4	9.000000E+4	6.774362E-1	4.769222E-3
-1.000000E+4	9.000000E+4	7.348770E-1	6.189065E-3
0.000000E+0	9.000000E+4	7.671258E-1	6.500387E-3
1.000000E+4	9.000000E+4	7.512507E-1	5.506725E-3
2.000000E+4	9.000000E+4	7.213352E-1	3.985287E-3
3.000000E+4	9.000000E+4	6.598907E-1	4.532650E-3
4.000000E+4	9.000000E+4	5.877425E-1	4.113366E-3
5.000000E+4	9.000000E+4	5.000364E-1	5.058262E-3
6.000000E+4	9.000000E+4	4.134246E-1	4.468675E-3
7.000000E+4	9.000000E+4	3.254655E-1	5.479375E-3
8.000000E+4	9.000000E+4	2.579350E-1	4.437241E-3
9.000000E+4	9.000000E+4	1.946529E-1	4.518276E-3
1.000000E+5	9.000000E+4	1.569145E-1	3.979474E-3
1.100000E+5	9.000000E+4	1.356406E-1	4.664690E-3
1.200000E+5	9.000000E+4	1.315971E-1	5.466927E-3
1.300000E+5	9.000000E+4	1.313575E-1	4.885105E-3
1.400000E+5	9.000000E+4	1.273028E-1	4.765650E-3
1.500000E+5	9.000000E+4	1.372090E-1	4.973237E-3
-1.500000E+5	1.000000E+5	1.016693E-1	1.299862E-2
-1.400000E+5	1.000000E+5	1.258343E-1	1.169221E-2
-1.300000E+5	1.000000E+5	1.097053E-1	4.102212E-3
-1.200000E+5	1.000000E+5	9.914637E-2	5.347582E-3
-1.100000E+5	1.000000E+5	8.483360E-2	6.666085E-3
-1.000000E+5	1.000000E+5	9.473985E-2	4.313484E-3
-9.000000E+4	1.000000E+5	1.095217E-1	4.259649E-3
-8.000000E+4	1.000000E+5	1.311250E-1	4.535149E-3
-7.000000E+4	1.000000E+5	1.703145E-1	4.476988E-3
-6.000000E+4	1.000000E+5	2.261134E-1	4.362703E-3
-5.000000E+4	1.000000E+5	2.767195E-1	4.110641E-3
-4.000000E+4	1.000000E+5	3.388534E-1	4.821418E-3
-3.000000E+4	1.000000E+5	3.990333E-1	4.382592E-3
-2.000000E+4	1.000000E+5	4.468217E-1	5.897777E-3
-1.000000E+4	1.000000E+5	4.851505E-1	5.224115E-3
0.000000E+0	1.000000E+5	4.995785E-1	6.421027E-3
1.000000E+4	1.000000E+5	5.058309E-1	4.412794E-3
2.000000E+4	1.000000E+5	4.790369E-1	4.551064E-3
3.000000E+4	1.000000E+5	4.368502E-1	4.300505E-3
4.000000E+4	1.000000E+5	3.970977E-1	5.389739E-3
5.000000E+4	1.000000E+5	3.301086E-1	5.993678E-3
6.000000E+4	1.000000E+5	2.700848E-1	5.729178E-3
7.000000E+4	1.000000E+5	2.279052E-1	4.833595E-3
8.000000E+4	1.000000E+5	1.826448E-1	5.674960E-3
9.000000E+4	1.000000E+5	1.492089E-1	5.544993E-3
1.000000E+5	1.000000E+5	1.422693E-1	1.625703E-2
1.100000E+5	1.000000E+5	1.258771E-1	4.722921E-3
1.200000E+5	1.000000E+5	1.278657E-1	4.488433E-3
1.300000E+5	1.000000E+5	1.154355E-1	8.863709E-3
1.400000E+5	1.000000E+5	1.493731E-1	4.953912E-3
1.500000E+5	1.000000E+5	1.444016E-1	4.835506E-3
-1.500000E+5	1.100000E+5	1.319938E-1	4.061747E-3
-1.400000E+5	1.100000E+5	1.254866E-1	4.697409E-3
-1.300000E+5	1.100000E+5	1.140802E-1	6.048791E-3
-1.200000E+5	1.100000E+5	1.043555E-1	4.339069E-3
-1.100000E+5	1.100000E+5	9.904745E-2	4.892498E-3
-1.000000E+5	1.100000E+5	8.657030E-2	4.299325E-3
-9.000000E+4	1.100000E+5	9.227604E-2	4.204542E-3
-8.000000E+4	1.100000E+5	9.744536E-2	4.631369E-3
-7.000000E+4	1.100000E+5	1.201347E-1	6.393771E-3
-6.000000E+4	1.100000E+5	1.425925E-1	4.330630E-3
-5.000000E+4	1.100000E+5	1.723368E-1	4.159164E-3
-4.000000E+4	1.100000E+5	2.197785E-1	4.455183E-3
-3.000000E+4	1.100000E+5	2.557822E-1	4.773505E-3
-2.000000E+4	1.100000E+5	2.868705E-1	4.304240E-3
-1.000000E+4	1.100000E+5	3.085003E-1	5.754715E-3
0.000000E+0	1.100000E+5	3.215618E-1	4.299007E-3
1.000000E+4	1.100000E+5	3.185615E-1	4.983711E-3
2.000000E+4	1.100000E+5	3.109029E-1	4.164956E-3
3.000000E+4	1.100000E+5	2.803755E-1	4.459260E-3
4.000000E+4	1.100000E+5	2.522180E-1	4.833758E-3
5.000000E+4	1.100000E+5	2.156045E-1	4.062591E-3
6.000000E+4	1.100000E+5	1.850933E-1	4.275911E-3
7.000000E+4	1.100000E+5	1.544904E-1	5.252437E-3
8.000000E+4	1.100000E+5	1.332237E-1	4.505240E-3
9.000000E+4	1.100000E+5	1.185713E-1	4.461753E-3
1.000000E+5	1.100000E+5	1.113533E-1	7.865827E-3
1.100000E+5	1.100000E+5	1.158822E-1	7.527188E-3
1.200000E+5	1.100000E+5	1.249328E-1	4.956966E-3
1.300000E+5	1.100000E+5	1.351440E-1	5.616050E-3
1.400000E+5	1.100000E+5	1.361750E-1	4.402778E-3
1.500000E+5	1.100000E+5	1.390284E-1	5.761537E-3
-1.500000E+5	1.200000E+5	1.269601E-1	4.277174E-3
-1.400000E+5	1.200000E+5	1.221335E-1	4.372924E-3
-1.300000E+5	1.200000E+5	1.215257E-1	4.364608E-3
-1.200000E+5	1.200000E+5	1.018366E-1	5.012267E-3
-1.100000E+5	1.200000E+5	1.004486E-1	5.260266E-3
-1.000000E+5	1.200000E+5	8.807450E-2	6.120606E-3
-9.000000E+4	1.200000E+5	8.091250E-2	8.473770E-3
-8.000000E+4	1.200000E+5	7.520269E-2	4.209480E-3
-7.000000E+4	1.200000E+5	8.238610E-2	7.564910E-3
-6.000000E+4	1.200000E+5	9.108492E-2	4.358095E-3
-5.000000E+4	1.200000E+5	1.121008E-1	4.276478E-3
-4.000000E+4	1.200000E+5	1.340497E-1	4.304906E-3
-3.000000E+4	1.200000E+5	1.600044E-1	4.908284E-3
-2.000000E+4	1.200000E+5	1.740357E-1	4.101306E-3
-1.000000E+4	1.200000E+5	1.894427E-1	4.542777E-3
0.000000E+0	1.200000E+5	1.929488E-1	4.923858E-3
1.000000E+4	1.200000E+5	1.992072E-1	5.161330E-3
2.000000E+4	1.200000E+5	1.886606E-1	5.573615E-3
3.000000E+4	1.200000E+5	1.807888E-1	7.810199E-3
4.000000E+4	1.200000E+5	1.623704E-1	4.480161E-3
5.000000E+4	1.200000E+5	1.400706E-1	5.630838E-3
6.000000E+4	1.200000E+5	1.283022E-1	4.204211E-3
7.000000E+4	1.200000E+5	1.258312E-1	5.303941E-3
8.000000E+4	1.200000E+5	1.195748E-1	5.513851E-3
9.000000E+4	1.200000E+5	1.175179E-1	4.768231E-3
1.000000E+5	1.200000E+5	1.265624E-1	8.133013E-3
1.100000E+5	1.200000E+5	1.237539E-1	4.613089E-3
1.200000E+5	1.200000E+5	1.371224E-1	4.287899E-3
1.300000E+5	1.200000E+5	1.532289E-1	4.050739E-3
1.400000E+5	1.200000E+5	1.577242E-1	4.240738E-3
1.500000E+5	1.200000E+5	1.538653E-1	4.593958E-3
-1.500000E+5	1.300000E+5	1.161932E-1	1.003021E-2
-1.400000E+5	1.300000E+5	1.150408E-1	4.264970E-3
-1.300000E+5	1.300000E+5	1.137855E-1	1.078919E-2
-1.200000E+5	1.300000E+5	8.495292E-2	9.043070E-3
-1.100000E+5	1.300000E+5	9.151017E-2	6.171823E-3
-1.000000E+5	1.300000E+5	7.306317E-2	6.915031E-3
-9.000000E+4	1.300000E+5	7.136624E-2	4.728077E-3
-8.000000E+4	1.300000E+5	6.006390E-2	4.736014E-3
-7.000000E+4	1.300000E+5	-3.957887E-2	2.686695E-1
-6.000000E+4	1.300000E+5	7.128160E-2	4.041943E-3
-5.000000E+4	1.300000E+5	7.492633E-2	4.129904E-3
-4.000000E+4	1.300000E+5	8.060249E-2	4.893725E-3
-3.000000E+4	1.300000E+5	9.911781E-2	8.272402E-3
-2.000000E+4	1.300000E+5	9.510086E-2	1.123021E-2
-1.000000E+4	1.300000E+5	1.167163E-1	4.540321E-3
0.000000E+0	1.300000E+5	1.228229E-1	4.537346E-3
1.000000E+4	1.300000E+5	1.232155E-1	5.917220E-3
2.000000E+4	1.300000E+5	1.260719E-1	4.537806E-3
3.000000E+4	1.300000E+5	1.152315E-1	3.977232E-3
4.000000E+4	1.300000E+5	1.069478E-1	6.631173E-3
5.000000E+4	1.300000E+5	1.029879E-1	4.678527E-3
6.000000E+4	1.300000E+5	1.049245E-1	4.187041E-3
7.000000E+4	1.300000E+5	9.853653E-2	4.462033E-3
8.000000E+4	1.300000E+5	1.026759E-1	4.316299E-3
9.000000E+4	1.300000E+5	1.124404E-1	4.506612E-3
1.000000E+5	1.300000E+5	1.215094E-1	4.395909E-3
1.100000E+5	1.300000E+5	1.288457E-1	4.318119E-3
1.200000E+5	1.300000E+5	1.322009E-1	4.006241E-3
1.300000E+5	1.300000E+5	1.348472E-1	4.387236E-3
1.400000E+5	1.300000E+5	1.403643E-1	5.208880E-3
1.500000E+5	1.300000E+5	1.271325E-1	4.383544E-3
-1.500000E+5	1.400000E+5	1.273436E-1	4.362236E-3
-1.400000E+5	1.400000E+5	1.092739E-1	4.764223E-3
-1.300000E+5	1.400000E+5	1.141709E-1	4.298341E-3
-1.200000E+5	1.400000E+5	6.773578E-2	1.202901E-2
-1.100000E+5	1.400000E+5	8.902494E-2	7.501405E-3
-1.000000E+5	1.400000E+5	8.721481E-2	4.674456E-3
-9.000000E+4	1.400000E+5	7.771954E-2	4.430385E-3
-8.000000E+4	1.400000E+5	7.280924E-2	4.364840E-3
-7.000000E+4	1.400000E+5	7.046576E-2	5.313171E-3
-6.000000E+4	1.400000E+5	6.245735E-2	5.311744E-3
-5.000000E+4	1.400000E+5	6.062886E-2	4.839233E-3
-4.000000E+4	1.400000E+5	6.740231E-2	4.163997E-3
-3.000000E+4	1.400000E+5	7.273276E-2	5.359778E-3
-2.000000E+4	1.400000E+5	7.286839E-2	4.087326E-3
-1.000000E+4	1.400000E+5	7.716171E-2	4.382667E-3
0.000000E+0	1.400000E+5	8.317644E-2	5.266938E-3
1.000000E+4	1.400000E+5	8.606449E-2	4.480013E-3
2.000000E+4	1.400000E+5	9.205066E-2	3.884733E-3
3.000000E+4	1.400000E+5	6.800195E-2	7.513828E-3
4.000000E+4	1.400000E+5	8.733107E-2	4.297839E-3
5.000000E+4	1.400000E+5	8.738308E-2	4.208215E-3
6.000000E+4	1.400000E+5	8.875674E-2	4.287284E-3
7.000000E+4	1.400000E+5	9.920450E-2	4.692192E-3
8.000000E+4	1.400000E+5	1.045941E-1	4.349281E-3
9.000000E+4	1.400000E+5	1.145207E-1	4.005433E-3
1.000000E+5	1.400000E+5	1.245912E-1	4.682492E-3
1.100000E+5	1.400000E+5	1.243005E-1	4.896690E-3
1.200000E+5	1.400000E+5	1.293924E-1	6.745635E-3
1.300000E+5	1.400000E+5	1.163247E-1	1.681992E-2
1.400000E+5	1.400000E+5	1.291496E-1	4.182031E-3
1.500000E+5	1.400000E+5	1.201612E-1	4.387584E-3
-1.500000E+5	1.500000E+5	1.074301E-1	1.752603E-2
-1.400000E+5	1.500000E+5	1.187478E-1	4.586986E-3
-1.300000E+5	1.500000E+5	1.240140E-1	5.691307E-3
-1.200000E+5	1.500000E+5	1.169570E-1	4.892317E-3
-1.100000E+5	1.500000E+5	1.035223E-1	4.603794E-3
-1.000000E+5	1.500000E+5	9.863341E-2	4.225614E-3
-9.000000E+4	1.500000E+5	8.904228E-2	4.884955E-3
-8.000000E+4	1.500000E+5	7.798264E-2	4.515667E-3
-7.000000E+4	1.500000E+5	6.491096E-2	4.751997E-3
-6.000000E+4	1.500000E+5	6.141716E-2	4.592728E-3
-5.000000E+4	1.500000E+5	5.873715E-2	4.507562E-3
-4.000000E+4	1.500000E+5	6.366478E-2	4.297768E-3
-3.000000E+4	1.500000E+5	4.991290E-2	1.499339E-2
-2.000000E+4	1.500000E+5	6.220546E-2	4.816111E-3
-1.000000E+4	1.500000E+5	6.391769E-2	4.382421E-3
0.000000E+0	1.500000E+5	7.384229E-2	5.136169E-3
1.000000E+4	1.500000E+5	6.658240E-2	4.478998E-3
2.000000E+4	1.500000E+5	6.799583E-2	4.459915E-3
3.000000E+4	1.500000E+5	7.007722E-2	3.975240E-3
4.000000E+4	1.500000E+5	7.926248E-2	4.372437E-3
5.000000E+4	1.500000E+5	7.878828E-2	4.573322E-3
6.000000E+4	1.500000E+5	8.501818E-2	5.217296E-3
7.000000E+4	1.500000E+5	9.412390E-2	4.175946E-3
8.000000E+4	1.500000E+5	1.087967E-1	4.253743E-3
9.000000E+4	1.500000E+5	1.106364E-1	4.350116E-3
1.000000E+5	1.500000E+5	1.268531E-1	4.627962E-3
1.100000E+5	1.500000E+5	1.210086E-1	4.339177E-3
1.200000E+5	1.500000E+5	1.246156E-1	5.370633E-3
1.300000E+5	1.500000E+5	1.186356E-1	4.334652E-3
1.400000E+5	1.500000E+5	1.151081E-1	4.563757E-3
1.500000E+5	1.500000E+5	1.020324E-1	5.360910E-3
